r [km] 	 vr [km/s] 
22957808.0 	 275.3672790527344
22956772.0 	 277.4508972167969
22956256.0 	 279.45343017578125
22955738.0 	 272.8971252441406
22955218.0 	 301.49334716796875
22954184.0 	 266.22802734375
22952662.0 	 270.54913330078125
22952632.0 	 261.8997802734375
22952114.0 	 270.05242919921875
22951596.0 	 272.9985656738281
22951078.0 	 257.84619140625
22950044.0 	 274.7189025878906
22948492.0 	 272.3187561035156
22947976.0 	 257.158447265625
22946940.0 	 273.01617431640625
22946422.0 	 259.25177001953125
22946406.0 	 258.3535461425781
22944354.0 	 272.1893005371094
22943322.0 	 257.4142761230469
22942802.0 	 256.7837219238281
22942788.0 	 261.472900390625
22942772.0 	 259.67596435546875
22942286.0 	 253.1609649658203
22942208.0 	 257.4779357910156
22942192.0 	 256.22198486328125
22941832.0 	 259.9638366699219
22941800.0 	 274.16351318359375
22941254.0 	 290.19384765625
22939702.0 	 279.63629150390625
22939186.0 	 285.8096008300781
22938670.0 	 290.4314880371094
22938152.0 	 291.6697692871094
22937636.0 	 284.948974609375
22936600.0 	 278.2176208496094
22936084.0 	 279.3181457519531
22935568.0 	 289.1368713378906
22935050.0 	 287.76165771484375
22934534.0 	 284.3755187988281
22934470.0 	 284.76068115234375
22934018.0 	 283.1109924316406
22933502.0 	 292.0360107421875
22932984.0 	 310.09124755859375
22932466.0 	 303.14532470703125
22931952.0 	 300.8293762207031
22931436.0 	 297.09356689453125
22930402.0 	 288.0334777832031
22929886.0 	 279.6512756347656
22928884.0 	 296.9018859863281
22928852.0 	 291.6951904296875
22928336.0 	 290.37969970703125
22927820.0 	 287.8113098144531
22927302.0 	 275.57147216796875
22926788.0 	 276.6438293457031
22926272.0 	 275.3912048339844
22923174.0 	 295.9864501953125
22922658.0 	 291.7830810546875
22921626.0 	 289.2780456542969
22920594.0 	 276.1289978027344
22920078.0 	 292.2753601074219
22918532.0 	 289.4561767578125
22917498.0 	 280.0649719238281
22915436.0 	 275.8624572753906
22914920.0 	 279.2208557128906
22914404.0 	 277.4189758300781
22911826.0 	 290.3255310058594
22910312.0 	 305.0127868652344
22910278.0 	 315.2563781738281
22909764.0 	 305.3230895996094
22909750.0 	 310.007568359375
22908858.0 	 302.13604736328125
22908734.0 	 299.8275451660156
22908718.0 	 293.8519287109375
22908220.0 	 296.6864013671875
22908202.0 	 306.4299011230469
22908188.0 	 300.0924072265625
22908046.0 	 311.1976013183594
22908032.0 	 311.5800476074219
22908014.0 	 308.97174072265625
22908000.0 	 309.7100830078125
22907702.0 	 290.7460632324219
22907500.0 	 300.8579406738281
22907486.0 	 300.71337890625
22907280.0 	 307.8128356933594
22907188.0 	 289.9281005859375
22906674.0 	 297.9588623046875
22906158.0 	 293.9814147949219
22905642.0 	 292.8487548828125
22905128.0 	 277.87017822265625
22904908.0 	 318.9720764160156
22904892.0 	 324.3711242675781
22904612.0 	 312.097412109375
22902800.0 	 334.8410339355469
22902784.0 	 335.40679931640625
22902674.0 	 325.4539794921875
22902660.0 	 326.20684814453125
22902550.0 	 339.9096374511719
22902440.0 	 337.2673645019531
22902426.0 	 339.7938232421875
22902412.0 	 341.5201110839844
22902176.0 	 331.912109375
22902068.0 	 321.6908264160156
22902036.0 	 335.1693420410156
22901958.0 	 309.8917236328125
22901942.0 	 311.1954345703125
22901520.0 	 299.26934814453125
22901086.0 	 307.87591552734375
22901036.0 	 318.3760986328125
22901006.0 	 303.3472900390625
22900802.0 	 300.70599365234375
22900788.0 	 298.56976318359375
22900770.0 	 313.5314025878906
22900756.0 	 309.0852966308594
22900726.0 	 306.77703857421875
22900632.0 	 301.4166564941406
22900522.0 	 315.3465881347656
22900490.0 	 308.02130126953125
22899460.0 	 274.68304443359375
22898430.0 	 255.39883422851562
22898118.0 	 254.1427459716797
22898104.0 	 255.37979125976562
22898088.0 	 255.45681762695312
22898072.0 	 256.6567687988281
22897916.0 	 246.2390594482422
22897526.0 	 246.79595947265625
22897512.0 	 245.82220458984375
22897494.0 	 251.17880249023438
22897434.0 	 246.65203857421875
22897402.0 	 246.5789337158203
22897384.0 	 249.8283233642578
22896918.0 	 253.0040740966797
22896886.0 	 250.1317138671875
22896698.0 	 252.92103576660156
22896684.0 	 256.5224609375
22896372.0 	 253.9690704345703
22896138.0 	 248.15606689453125
22896122.0 	 249.27984619140625
22895918.0 	 248.97467041015625
22895904.0 	 250.5397186279297
22895888.0 	 244.69374084472656
22895842.0 	 246.85107421875
22895342.0 	 251.28604125976562
22895326.0 	 248.90826416015625
22895310.0 	 244.20712280273438
22895124.0 	 256.89019775390625
22895108.0 	 251.966552734375
22895094.0 	 255.34523010253906
22894344.0 	 287.9770812988281
22894312.0 	 277.77496337890625
22893284.0 	 265.7001037597656
22892768.0 	 261.6690979003906
22891224.0 	 268.03131103515625
22890710.0 	 272.6893005371094
22890196.0 	 275.433837890625
22889680.0 	 295.0433654785156
22889168.0 	 289.5575256347656
22888684.0 	 294.2101745605469
22888654.0 	 289.496826171875
22888434.0 	 295.1272888183594
22888418.0 	 297.48858642578125
22888138.0 	 297.1091003417969
22887622.0 	 299.82574462890625
22887608.0 	 302.0122985839844
22887576.0 	 306.7679748535156
22887468.0 	 310.406005859375
22887452.0 	 310.6122131347656
22887436.0 	 311.15692138671875
22887188.0 	 306.6149597167969
22887172.0 	 306.50238037109375
22887108.0 	 302.453857421875
22887094.0 	 306.5290832519531
22887062.0 	 308.5213317871094
22887048.0 	 307.9521484375
22887032.0 	 307.6974182128906
22887000.0 	 306.8071594238281
22886986.0 	 310.40325927734375
22886954.0 	 304.7068786621094
22886938.0 	 307.68792724609375
22886594.0 	 313.5250549316406
22886564.0 	 310.19427490234375
22886548.0 	 311.9220275878906
22886254.0 	 311.6577453613281
22886238.0 	 308.79522705078125
22886190.0 	 307.05767822265625
22886174.0 	 307.12774658203125
22886158.0 	 305.41290283203125
22886082.0 	 311.7720947265625
22885846.0 	 319.58544921875
22885832.0 	 322.7108154296875
22885488.0 	 314.56024169921875
22885474.0 	 317.8485412597656
22885456.0 	 324.9897766113281
22885318.0 	 317.3919677734375
22885302.0 	 320.3503723144531
22885224.0 	 320.4346618652344
22885208.0 	 324.5232238769531
22885178.0 	 325.8393859863281
22885160.0 	 323.0324401855469
22885146.0 	 325.7265930175781
22885052.0 	 312.2883605957031
22884944.0 	 313.4052734375
22884928.0 	 316.88250732421875
22884864.0 	 312.4046936035156
22884850.0 	 315.2525329589844
22884818.0 	 313.8446044921875
22884538.0 	 314.13226318359375
22884522.0 	 316.1717834472656
22884024.0 	 289.87841796875
22883510.0 	 275.9920349121094
22882996.0 	 288.2242736816406
22882980.0 	 292.4332275390625
22882482.0 	 290.799072265625
22881998.0 	 305.04547119140625
22881968.0 	 296.12298583984375
22881952.0 	 303.08758544921875
22881452.0 	 315.7348327636719
22880938.0 	 324.4306640625
22879912.0 	 294.7622375488281
22879396.0 	 317.40576171875
22878884.0 	 300.7207946777344
22878370.0 	 294.1882629394531
22877856.0 	 280.9483642578125
22876906.0 	 303.9061279296875
22876316.0 	 289.7183532714844
22875800.0 	 275.22882080078125
22875286.0 	 287.10638427734375
22874772.0 	 294.505859375
22874260.0 	 290.7391357421875
22872718.0 	 259.86004638671875
22872702.0 	 257.6850280761719
22872686.0 	 256.4931640625
22872234.0 	 259.2850646972656
22872204.0 	 258.3959655761719
22872188.0 	 258.2659912109375
22871690.0 	 257.98583984375
22871176.0 	 255.76524353027344
22870772.0 	 255.0540008544922
22870756.0 	 265.464111328125
22870664.0 	 270.7750244140625
22870150.0 	 298.8234558105469
22869638.0 	 253.72727966308594
22869124.0 	 257.2929382324219
22869106.0 	 257.3127136230469
22869092.0 	 257.6538391113281
22868610.0 	 279.9238586425781
22868096.0 	 275.7685241699219
22866042.0 	 259.15093994140625
22864534.0 	 261.0366516113281
22863476.0 	 270.2408142089844
22858890.0 	 260.5887145996094
22857352.0 	 277.2940673828125
22857320.0 	 277.38104248046875
22828126.0 	 245.0476531982422
22827614.0 	 259.77001953125
22807178.0 	 275.13299560546875
22806668.0 	 276.7565002441406
22796976.0 	 256.5603332519531
22794938.0 	 282.8114318847656
22793406.0 	 292.80340576171875
22790350.0 	 283.6402282714844
22782710.0 	 296.50897216796875
22782200.0 	 277.50128173828125
22781692.0 	 273.1186218261719
22780164.0 	 272.7914733886719
22779146.0 	 295.6316223144531
22778158.0 	 285.81915283203125
22777618.0 	 275.7520446777344
22774566.0 	 295.862060546875
22759822.0 	 296.8110656738281
22759314.0 	 307.65850830078125
22759300.0 	 300.7925109863281
22756268.0 	 274.773193359375
22754744.0 	 278.30218505859375
22748654.0 	 257.0817565917969
22748144.0 	 274.6321105957031
22691982.0 	 244.61500549316406
22685928.0 	 243.54608154296875
22642162.0 	 291.2568664550781
22627116.0 	 275.4388427734375
22606592.0 	 291.8016662597656
22605092.0 	 296.6870422363281
22603094.0 	 272.1095886230469
22595098.0 	 291.3916320800781
22593600.0 	 278.31365966796875
22591134.0 	 319.360107421875
22591102.0 	 318.4477233886719
22587110.0 	 286.85894775390625
22586098.0 	 235.96617126464844
22584526.0 	 243.22801208496094
22584118.0 	 244.5277099609375
22584102.0 	 246.3324432373047
22584088.0 	 248.59506225585938
22583998.0 	 246.4776153564453
22583980.0 	 244.35720825195312
22583620.0 	 257.111083984375
22583104.0 	 250.37086486816406
22582620.0 	 248.64694213867188
22582334.0 	 247.3107452392578
22582318.0 	 249.06214904785156
22582272.0 	 248.6184539794922
22582258.0 	 245.97018432617188
22582122.0 	 241.8119659423828
22582076.0 	 244.6634521484375
22582062.0 	 244.90969848632812
22582048.0 	 254.19532775878906
22582032.0 	 243.1467742919922
22582016.0 	 240.79054260253906
22581956.0 	 242.89295959472656
22581942.0 	 245.60787963867188
22581926.0 	 246.98194885253906
22581472.0 	 244.5843048095703
22581456.0 	 248.44537353515625
22581440.0 	 247.65139770507812
22581428.0 	 245.7913360595703
22581396.0 	 242.32528686523438
22581380.0 	 243.73809814453125
22581366.0 	 242.00784301757812
22581350.0 	 241.3136749267578
22581336.0 	 242.7444305419922
22581322.0 	 253.49330139160156
22581214.0 	 244.08633422851562
22581200.0 	 238.28273010253906
22581170.0 	 240.04348754882812
22580732.0 	 243.0738983154297
22580716.0 	 244.5718536376953
22580626.0 	 239.01979064941406
22580128.0 	 254.80934143066406
22579630.0 	 252.5726776123047
22579584.0 	 245.76657104492188
22579568.0 	 244.68406677246094
22578132.0 	 271.0214538574219
22576638.0 	 273.8612365722656
22575142.0 	 277.9163513183594
22574644.0 	 241.1746826171875
22574146.0 	 248.56167602539062
22573920.0 	 249.5422821044922
22573904.0 	 249.3125762939453
22570656.0 	 246.74549865722656
22570160.0 	 242.90748596191406
22570144.0 	 244.82000732421875
22569692.0 	 248.9708251953125
22569662.0 	 248.79759216308594
22569646.0 	 244.9852752685547
22567668.0 	 243.420654296875
22564124.0 	 245.89369201660156
22564110.0 	 248.98745727539062
22564094.0 	 247.11624145507812
22563188.0 	 244.3605499267578
22563160.0 	 243.729248046875
22563144.0 	 242.16151428222656
22562284.0 	 236.17221069335938
22562270.0 	 237.28477478027344
22562012.0 	 245.6473846435547
22561786.0 	 237.7046356201172
22561756.0 	 236.75347900390625
22561426.0 	 238.16033935546875
22561350.0 	 235.2869873046875
22561336.0 	 235.81619262695312
22561048.0 	 241.48428344726562
22560656.0 	 237.17530822753906
22560640.0 	 236.97439575195312
22560612.0 	 236.56492614746094
22560596.0 	 237.04449462890625
22560506.0 	 237.5224151611328
22560490.0 	 236.21156311035156
22559194.0 	 247.19418334960938
22559044.0 	 248.37875366210938
22558848.0 	 247.97608947753906
22558830.0 	 252.53916931152344
22558214.0 	 254.87437438964844
22557716.0 	 252.79151916503906
22557702.0 	 242.64718627929688
22557220.0 	 259.66217041015625
22554234.0 	 261.1180419921875
22551870.0 	 233.30950927734375
22551856.0 	 234.59963989257812
22551238.0 	 258.7929992675781
22550302.0 	 232.92262268066406
22550002.0 	 240.67581176757812
22549988.0 	 236.2278594970703
22549264.0 	 243.50027465820312
22549188.0 	 241.03866577148438
22549176.0 	 242.6242218017578
22549130.0 	 239.193603515625
22549114.0 	 235.8540496826172
22549098.0 	 234.44497680664062
22548254.0 	 245.9595184326172
22546780.0 	 239.98129272460938
22546766.0 	 244.01089477539062
22546674.0 	 245.88995361328125
22546660.0 	 243.4732208251953
22546644.0 	 244.80072021484375
22546418.0 	 245.46324157714844
22546298.0 	 249.3427734375
22546284.0 	 247.51913452148438
22545922.0 	 247.29222106933594
22545320.0 	 236.4407196044922
22544914.0 	 248.00120544433594
22543920.0 	 251.37217712402344
22540368.0 	 232.9274444580078
22540354.0 	 234.2574920654297
22540144.0 	 232.57723999023438
22540128.0 	 233.66336059570312
22539948.0 	 255.988037109375
22538970.0 	 238.3893585205078
22531510.0 	 237.6128387451172
22526072.0 	 272.06048583984375
22525082.0 	 274.5945129394531
22524586.0 	 262.6117248535156
22522110.0 	 306.4790344238281
22522062.0 	 310.9427795410156
22522048.0 	 315.1791076660156
22521614.0 	 286.676513671875
22521118.0 	 305.7142333984375
22520126.0 	 296.4219970703125
22519630.0 	 317.73101806640625
22519390.0 	 315.7138977050781
22519376.0 	 315.52984619140625
22519360.0 	 313.83941650390625
22519346.0 	 312.112060546875
22518882.0 	 324.1002197265625
22518866.0 	 325.3848571777344
22518850.0 	 324.9148254394531
22518744.0 	 332.6883544921875
22518730.0 	 326.9533386230469
22518610.0 	 333.005859375
22518596.0 	 334.616943359375
22518386.0 	 329.4309387207031
22518146.0 	 262.25335693359375
22517650.0 	 258.1557312011719
22517154.0 	 273.65338134765625
22516660.0 	 280.0453796386719
22515176.0 	 278.1111145019531
22511214.0 	 265.048828125
22510256.0 	 248.96966552734375
22510226.0 	 247.55455017089844
22510150.0 	 247.51416015625
22510136.0 	 252.5680694580078
22509760.0 	 252.58004760742188
22509730.0 	 259.3472900390625
22508742.0 	 260.9606018066406
22508154.0 	 248.91368103027344
22508140.0 	 247.98410034179688
22507872.0 	 244.90277099609375
22507856.0 	 244.6602783203125
22507780.0 	 246.04417419433594
22507750.0 	 244.55502319335938
22507736.0 	 248.96121215820312
22507720.0 	 249.37001037597656
22507436.0 	 244.79893493652344
22507422.0 	 249.58438110351562
22507390.0 	 245.66644287109375
22507376.0 	 245.34420776367188
22506266.0 	 262.92193603515625
22505772.0 	 261.9932556152344
22504784.0 	 277.70831298828125
22504290.0 	 251.8700408935547
22504244.0 	 249.2241973876953
22504230.0 	 259.1622619628906
22503300.0 	 241.96295166015625
22503286.0 	 242.412353515625
22502312.0 	 251.77398681640625
22501188.0 	 229.57994079589844
22501174.0 	 229.3860626220703
22500980.0 	 230.87393188476562
22500964.0 	 234.47030639648438
22500708.0 	 241.9172821044922
22500692.0 	 232.04721069335938
22500678.0 	 231.10682678222656
22500572.0 	 232.8959197998047
22500528.0 	 228.42364501953125
22500318.0 	 233.73216247558594
22500154.0 	 236.4888916015625
22500138.0 	 237.17616271972656
22500048.0 	 238.4328155517578
22500034.0 	 238.6962432861328
22500018.0 	 237.95999145507812
22499988.0 	 237.73707580566406
22499974.0 	 236.47665405273438
22499960.0 	 241.14183044433594
22499946.0 	 233.56085205078125
22499930.0 	 234.51754760742188
22499916.0 	 230.49276733398438
22499824.0 	 234.76292419433594
22499810.0 	 238.4849853515625
22499794.0 	 237.83067321777344
22499780.0 	 248.65402221679688
22499766.0 	 236.383544921875
22499750.0 	 234.97117614746094
22499736.0 	 231.6982879638672
22499554.0 	 234.31451416015625
22499540.0 	 235.12786865234375
22499524.0 	 234.1800537109375
22499330.0 	 231.3640594482422
22499106.0 	 236.5670623779297
22499092.0 	 230.5455322265625
22498476.0 	 235.33761596679688
22498462.0 	 233.88597106933594
22498446.0 	 235.0692596435547
22498432.0 	 236.8577423095703
22498416.0 	 231.19400024414062
22498118.0 	 231.54087829589844
22498104.0 	 233.98623657226562
22498086.0 	 231.86886596679688
22498072.0 	 234.6998748779297
22498012.0 	 237.0209503173828
22497998.0 	 233.35096740722656
22497982.0 	 232.85853576660156
22497968.0 	 233.91867065429688
22497922.0 	 233.86415100097656
22497908.0 	 232.09869384765625
22497742.0 	 231.3449249267578
22497728.0 	 233.28273010253906
22497712.0 	 232.32040405273438
22497698.0 	 234.31997680664062
22497324.0 	 239.90625
22497308.0 	 241.10421752929688
22497084.0 	 236.61659240722656
22497068.0 	 235.4165496826172
22496996.0 	 235.77149963378906
22496980.0 	 236.2507781982422
22496966.0 	 249.62869262695312
22495872.0 	 242.52598571777344
22495856.0 	 238.4473419189453
22495588.0 	 247.19021606445312
22495152.0 	 235.90980529785156
22495138.0 	 235.68560791015625
22495122.0 	 235.15725708007812
22495078.0 	 237.79991149902344
22495062.0 	 239.886962890625
22495048.0 	 239.32603454589844
22495032.0 	 238.50660705566406
22495018.0 	 237.8000030517578
22495002.0 	 239.6307830810547
22494972.0 	 248.8018798828125
22494942.0 	 244.57064819335938
22494824.0 	 237.14369201660156
22494808.0 	 238.02890014648438
22494794.0 	 240.66976928710938
22494690.0 	 246.12147521972656
22494674.0 	 247.9824676513672
22494660.0 	 249.36093139648438
22494644.0 	 250.77349853515625
22494630.0 	 251.0224609375
22494614.0 	 249.60037231445312
22494598.0 	 247.89752197265625
22494540.0 	 247.47499084472656
22494524.0 	 251.9839630126953
22494404.0 	 247.11093139648438
22494268.0 	 240.87496948242188
22494254.0 	 244.5218963623047
22493912.0 	 249.17393493652344
22493896.0 	 250.08128356933594
22493746.0 	 244.2255096435547
22493730.0 	 235.25460815429688
22493716.0 	 235.82623291015625
22493700.0 	 235.85507202148438
22493686.0 	 236.16525268554688
22493400.0 	 235.02804565429688
22492400.0 	 231.7076416015625
22492250.0 	 228.65647888183594
22492236.0 	 230.21719360351562
22492220.0 	 229.9397430419922
22491860.0 	 230.6884002685547
22491844.0 	 230.79364013671875
22490140.0 	 236.50650024414062
22489450.0 	 230.71762084960938
22487972.0 	 230.15823364257812
22487866.0 	 230.7317352294922
22487850.0 	 231.88912963867188
22487836.0 	 229.2177734375
22487672.0 	 229.8624267578125
22487658.0 	 231.0992431640625
22487358.0 	 229.3564910888672
22487314.0 	 231.78143310546875
22487298.0 	 231.53370666503906
22487284.0 	 230.29344177246094
22487268.0 	 229.95565795898438
22487178.0 	 228.52882385253906
22487148.0 	 231.23585510253906
22486758.0 	 231.0918731689453
22486744.0 	 231.37599182128906
22486728.0 	 231.0147705078125
22486714.0 	 228.42025756835938
22486700.0 	 233.2789764404297
22486684.0 	 231.13418579101562
22486668.0 	 232.09861755371094
22486654.0 	 236.72869873046875
22486624.0 	 236.92575073242188
22486578.0 	 230.15835571289062
22486564.0 	 229.43875122070312
22486488.0 	 230.47068786621094
22486444.0 	 230.88583374023438
22486430.0 	 231.25006103515625
22486372.0 	 230.57847595214844
22486356.0 	 228.908203125
22486296.0 	 232.26258850097656
22486266.0 	 231.6727752685547
22486252.0 	 227.94578552246094
22486236.0 	 231.01028442382812
22485442.0 	 230.00994873046875
22485294.0 	 229.2607879638672
22485278.0 	 229.9020538330078
22485010.0 	 230.58242797851562
22484814.0 	 230.91297912597656
22484800.0 	 231.01846313476562
22484230.0 	 230.08091735839844
22484216.0 	 231.6495361328125
22484186.0 	 231.31199645996094
22484172.0 	 231.6215057373047
22483830.0 	 230.3361358642578
22483710.0 	 232.53173828125
22483680.0 	 234.3035430908203
22483664.0 	 227.9761199951172
22483650.0 	 231.5634002685547
22483352.0 	 228.46482849121094
22483336.0 	 227.8614501953125
22483322.0 	 226.82676696777344
22483276.0 	 234.91778564453125
22483246.0 	 231.62823486328125
22483230.0 	 229.70799255371094
22483216.0 	 238.05711364746094
22483202.0 	 230.54611206054688
22483186.0 	 230.1226806640625
22483172.0 	 233.16802978515625
22483036.0 	 238.06423950195312
22483022.0 	 230.17515563964844
22482902.0 	 231.03558349609375
22482886.0 	 229.8763427734375
22482692.0 	 228.43118286132812
22482678.0 	 230.0377960205078
22482664.0 	 228.8318328857422
22482528.0 	 233.74346923828125
22482498.0 	 229.39810180664062
22482484.0 	 228.54925537109375
22482468.0 	 230.88088989257812
22482394.0 	 236.89874267578125
22482378.0 	 230.4055633544922
22482364.0 	 230.04212951660156
22482348.0 	 232.03646850585938
22482334.0 	 231.91033935546875
22482318.0 	 229.77635192871094
22482304.0 	 230.8212890625
22482126.0 	 234.7609100341797
22482050.0 	 227.919189453125
22481766.0 	 230.60861206054688
22481750.0 	 234.25657653808594
22481690.0 	 232.0531768798828
22481676.0 	 232.55235290527344
22481556.0 	 230.6659698486328
22481302.0 	 231.2626953125
22481286.0 	 230.95144653320312
22481272.0 	 234.89678955078125
22481258.0 	 230.67372131347656
22481242.0 	 230.99319458007812
22481198.0 	 232.39382934570312
22481182.0 	 233.2730255126953
22481168.0 	 231.28567504882812
22481138.0 	 229.75860595703125
22481122.0 	 231.4420928955078
22480988.0 	 233.50936889648438
22480972.0 	 231.4114532470703
22480958.0 	 232.15780639648438
22480914.0 	 231.76658630371094
22480898.0 	 230.3452606201172
22480884.0 	 233.3936767578125
22480824.0 	 230.4174041748047
22480810.0 	 231.74583435058594
22480794.0 	 230.45101928710938
22480750.0 	 237.04725646972656
22480734.0 	 234.5479736328125
22480704.0 	 231.50631713867188
22480690.0 	 229.34938049316406
22480674.0 	 237.29100036621094
22480660.0 	 232.38084411621094
22480644.0 	 231.83953857421875
22480360.0 	 232.88983154296875
22480272.0 	 231.82322692871094
22480256.0 	 231.79824829101562
22480242.0 	 231.38351440429688
22480228.0 	 231.4554901123047
22480032.0 	 231.42086791992188
22480018.0 	 230.6546630859375
22480002.0 	 230.790771484375
22479988.0 	 231.49002075195312
22479972.0 	 231.4471893310547
22479958.0 	 239.2890167236328
22479942.0 	 231.9119110107422
22479882.0 	 232.33079528808594
22479822.0 	 236.61827087402344
22479808.0 	 232.7161865234375
22479792.0 	 231.82762145996094
22479704.0 	 232.8632354736328
22479628.0 	 231.75616455078125
22479286.0 	 233.68597412109375
22479270.0 	 233.4122314453125
22479254.0 	 232.9053497314453
22479136.0 	 231.9367218017578
22479092.0 	 231.86260986328125
22479002.0 	 234.00697326660156
22478986.0 	 229.4413604736328
22478972.0 	 233.5416717529297
22478956.0 	 232.37710571289062
22478882.0 	 231.92042541503906
22478866.0 	 231.06967163085938
22478852.0 	 230.04652404785156
22478746.0 	 230.6363525390625
22478732.0 	 232.71609497070312
22478688.0 	 233.2471466064453
22478674.0 	 234.16722106933594
22478658.0 	 237.14810180664062
22478642.0 	 234.63577270507812
22478598.0 	 236.68093872070312
22478582.0 	 237.48558044433594
22478538.0 	 234.59474182128906
22478104.0 	 234.2249755859375
22478046.0 	 235.98678588867188
22478030.0 	 234.09677124023438
22477686.0 	 235.03933715820312
22477670.0 	 234.78341674804688
22477610.0 	 234.0334930419922
22477162.0 	 232.9856719970703
22477118.0 	 233.94668579101562
22477102.0 	 234.22496032714844
22476954.0 	 235.28358459472656
22476626.0 	 231.908447265625
22476386.0 	 230.94744873046875
22476372.0 	 232.46290588378906
22476074.0 	 232.1626739501953
22476058.0 	 233.75315856933594
22475804.0 	 232.2085723876953
22475788.0 	 231.11660766601562
22475206.0 	 230.8494415283203
22474206.0 	 230.8247833251953
22474146.0 	 233.02886962890625
22474132.0 	 231.7503662109375
22473668.0 	 234.3136749267578
22469934.0 	 229.6665802001953
22469904.0 	 227.17132568359375
22469160.0 	 229.67068481445312
22469144.0 	 228.32952880859375
22469130.0 	 226.21343994140625
22469114.0 	 229.66876220703125
22469086.0 	 230.06759643554688
22468832.0 	 234.96044921875
22468816.0 	 236.611572265625
22468802.0 	 248.52145385742188
22468786.0 	 233.40101623535156
22468622.0 	 229.7471466064453
22468608.0 	 232.16259765625
22468592.0 	 230.415283203125
22468190.0 	 233.81491088867188
22468174.0 	 235.71249389648438
22468160.0 	 240.9463653564453
22468144.0 	 244.49996948242188
22468130.0 	 240.54721069335938
22468116.0 	 243.3058319091797
22468100.0 	 236.05699157714844
22468086.0 	 237.30828857421875
22468070.0 	 239.6748504638672
22468056.0 	 234.11643981933594
22468040.0 	 230.88677978515625
22467950.0 	 233.68177795410156
22467936.0 	 234.5881805419922
22467772.0 	 232.2191162109375
22467682.0 	 230.36497497558594
22467668.0 	 231.96339416503906
22467654.0 	 233.5407257080078
22467576.0 	 234.31956481933594
22467562.0 	 233.83462524414062
22467546.0 	 232.907958984375
22467458.0 	 240.36216735839844
22467384.0 	 234.1505889892578
22467368.0 	 233.6705322265625
22467220.0 	 235.5240020751953
22467204.0 	 236.87100219726562
22467190.0 	 234.80833435058594
22466980.0 	 236.31654357910156
22466966.0 	 234.8121337890625
22466830.0 	 232.32899475097656
22466816.0 	 233.29379272460938
22466772.0 	 227.36459350585938
22466712.0 	 230.88235473632812
22466698.0 	 233.73886108398438
22466682.0 	 233.7243194580078
22466668.0 	 233.14918518066406
22466652.0 	 231.64892578125
22466638.0 	 234.04736328125
22466608.0 	 241.1913299560547
22466594.0 	 242.41893005371094
22466578.0 	 235.60205078125
22466564.0 	 234.4969482421875
22466548.0 	 235.4359130859375
22466534.0 	 234.81581115722656
22466518.0 	 234.71058654785156
22466502.0 	 231.00083923339844
22466488.0 	 229.0679931640625
22466370.0 	 234.2703857421875
22466354.0 	 232.8394012451172
22466280.0 	 232.5421142578125
22466266.0 	 230.42047119140625
22466250.0 	 231.06390380859375
22466236.0 	 230.2074432373047
22466220.0 	 232.62820434570312
22466100.0 	 231.49269104003906
22466086.0 	 232.57984924316406
22466070.0 	 230.91616821289062
22466054.0 	 234.07843017578125
22466040.0 	 229.78028869628906
22466024.0 	 230.28231811523438
22465950.0 	 230.46731567382812
22465936.0 	 231.66812133789062
22465922.0 	 230.30960083007812
22465876.0 	 233.1851806640625
22465862.0 	 232.92276000976562
22465846.0 	 231.4004669189453
22465832.0 	 232.09686279296875
22465786.0 	 235.16131591796875
22465772.0 	 231.48623657226562
22465758.0 	 229.99081420898438
22465742.0 	 230.88536071777344
22465726.0 	 231.9402313232422
22465712.0 	 228.79959106445312
22465698.0 	 230.99600219726562
22465682.0 	 229.4834442138672
22465668.0 	 230.5591278076172
22465504.0 	 238.3409423828125
22465490.0 	 233.3837432861328
22465472.0 	 231.43930053710938
22465458.0 	 237.87173461914062
22465428.0 	 231.67254638671875
22465414.0 	 231.53175354003906
22465398.0 	 233.4549102783203
22465368.0 	 229.42596435546875
22465354.0 	 231.8118438720703
22465294.0 	 235.87969970703125
22465176.0 	 232.45947265625
22465160.0 	 230.45925903320312
22465072.0 	 232.5970001220703
22464952.0 	 230.8123779296875
22464236.0 	 233.9451446533203
22464222.0 	 228.9611358642578
22464132.0 	 231.0657501220703
22464116.0 	 229.8896026611328
22463296.0 	 232.3497772216797
22463282.0 	 231.1363525390625
22463252.0 	 229.7308807373047
22463028.0 	 230.31591796875
22462998.0 	 230.24635314941406
22462536.0 	 231.94361877441406
22462370.0 	 232.45046997070312
22462354.0 	 230.3904571533203
22461970.0 	 261.9144287109375
22461640.0 	 247.36480712890625
22461388.0 	 256.3417663574219
22461372.0 	 257.34222412109375
22461104.0 	 242.39730834960938
22461088.0 	 247.3418731689453
22460656.0 	 277.6298522949219
22460118.0 	 230.9381103515625
22459926.0 	 225.23101806640625
22459464.0 	 224.881103515625
22459448.0 	 225.47169494628906
22459238.0 	 226.23257446289062
22459166.0 	 224.88247680664062
22458628.0 	 226.88978576660156
22457272.0 	 229.10073852539062
22457256.0 	 229.6391143798828
22457152.0 	 229.4803924560547
22457138.0 	 225.36944580078125
22457124.0 	 225.99314880371094
22456124.0 	 226.4377899169922
22456108.0 	 227.75242614746094
22453978.0 	 226.95315551757812
22453964.0 	 231.49722290039062
22453800.0 	 226.127197265625
22453784.0 	 229.0852813720703
22453770.0 	 227.4199981689453
22453754.0 	 228.89964294433594
22453740.0 	 229.32803344726562
22453278.0 	 231.0025634765625
22453248.0 	 227.04664611816406
22452756.0 	 230.6642303466797
22452742.0 	 226.5097198486328
22452042.0 	 243.0015411376953
22452028.0 	 240.0797882080078
22451922.0 	 242.63720703125
22451906.0 	 242.25205993652344
22451876.0 	 242.29417419433594
22451774.0 	 248.24752807617188
22450926.0 	 242.52911376953125
22450896.0 	 241.72679138183594
22450492.0 	 247.23471069335938
22450476.0 	 250.04457092285156
22450402.0 	 242.58580017089844
22450150.0 	 247.4561309814453
22450136.0 	 246.74293518066406
22450120.0 	 246.10047912597656
22449420.0 	 260.2115783691406
22449272.0 	 240.8600311279297
22449258.0 	 245.40443420410156
22449242.0 	 247.35968017578125
22449228.0 	 248.39584350585938
22449210.0 	 259.4775085449219
22449196.0 	 246.6344757080078
22449182.0 	 247.5966339111328
22449166.0 	 247.81153869628906
22449152.0 	 246.892578125
22449122.0 	 252.21408081054688
22449106.0 	 246.8286895751953
22449092.0 	 246.58445739746094
22448930.0 	 246.70858764648438
22448868.0 	 249.8095245361328
22448854.0 	 251.03921508789062
22448526.0 	 249.75608825683594
22448512.0 	 250.79562377929688
22448496.0 	 250.3561553955078
22448466.0 	 250.54006958007812
22448438.0 	 244.39564514160156
22444508.0 	 238.1885528564453
22444492.0 	 240.80203247070312
22443718.0 	 258.90350341796875
22443702.0 	 241.28436279296875
22443688.0 	 231.89772033691406
22443318.0 	 247.31051635742188
22443302.0 	 245.7829132080078
22443064.0 	 240.35223388671875
22443004.0 	 243.1043243408203
22442542.0 	 236.29519653320312
22442082.0 	 264.99603271484375
22442052.0 	 254.029541015625
22441188.0 	 225.7124786376953
22441176.0 	 225.4977264404297
22441160.0 	 226.4419708251953
22441130.0 	 224.69239807128906
22440950.0 	 223.9820556640625
22440936.0 	 224.07460021972656
22440802.0 	 227.77195739746094
22440786.0 	 229.0164031982422
22440610.0 	 225.81610107421875
22440446.0 	 226.32135009765625
22440430.0 	 227.44241333007812
22440416.0 	 227.8494873046875
22440266.0 	 226.4654083251953
22439760.0 	 225.28179931640625
22439642.0 	 223.5594024658203
22439568.0 	 223.90072631835938
22439226.0 	 228.12586975097656
22438540.0 	 228.67115783691406
22438526.0 	 227.09718322753906
22438408.0 	 225.35626220703125
22438394.0 	 228.34744262695312
22438258.0 	 224.16087341308594
22438200.0 	 224.1187286376953
22438050.0 	 224.9282684326172
22438036.0 	 226.8685760498047
22438020.0 	 226.37240600585938
22437990.0 	 226.7545166015625
22437976.0 	 225.23899841308594
22437962.0 	 225.62890625
22437590.0 	 228.85821533203125
22437574.0 	 228.52685546875
22437560.0 	 229.9165802001953
22437544.0 	 227.633056640625
22437530.0 	 224.4691162109375
22437514.0 	 224.0502166748047
22437486.0 	 230.2344512939453
22436786.0 	 230.51092529296875
22436772.0 	 231.9622344970703
22436282.0 	 230.94757080078125
22436030.0 	 228.27549743652344
22436014.0 	 233.23204040527344
22435998.0 	 230.41546630859375
22435508.0 	 232.9264678955078
22435492.0 	 232.8144073486328
22435284.0 	 232.19659423828125
22434660.0 	 232.98289489746094
22434646.0 	 233.28790283203125
22434586.0 	 226.73326110839844
22434570.0 	 228.8789520263672
22434556.0 	 226.45884704589844
22434528.0 	 228.3570098876953
22434512.0 	 226.59664916992188
22434498.0 	 227.25160217285156
22434482.0 	 227.4122314453125
22434468.0 	 231.42733764648438
22434184.0 	 228.25860595703125
22434170.0 	 226.3919677734375
22434154.0 	 226.4897003173828
22434126.0 	 229.00706481933594
22434110.0 	 225.36228942871094
22434050.0 	 225.7622528076172
22434036.0 	 225.09088134765625
22434022.0 	 228.65614318847656
22433902.0 	 226.31565856933594
22433634.0 	 232.41497802734375
22433590.0 	 231.7608184814453
22433576.0 	 231.49139404296875
22433486.0 	 225.99583435058594
22433472.0 	 227.27731323242188
22433456.0 	 226.9272003173828
22433396.0 	 228.71470642089844
22433382.0 	 230.93865966796875
22433204.0 	 233.70375061035156
22432860.0 	 228.04263305664062
22432846.0 	 227.32704162597656
22432134.0 	 227.716064453125
22432118.0 	 227.84140014648438
22431792.0 	 232.5142822265625
22431568.0 	 234.0302734375
22431554.0 	 229.4934844970703
22431360.0 	 229.95733642578125
22431344.0 	 232.03900146484375
22431064.0 	 230.75999450683594
22431048.0 	 230.3788299560547
22431020.0 	 229.65414428710938
22431004.0 	 229.57908630371094
22430988.0 	 233.38893127441406
22430512.0 	 237.02523803710938
22430498.0 	 235.47413635253906
22430482.0 	 242.06314086914062
22428790.0 	 238.20079040527344
22426992.0 	 247.39425659179688
22425862.0 	 234.22213745117188
22425684.0 	 236.37213134765625
22425582.0 	 231.83621215820312
22425568.0 	 234.34823608398438
22425506.0 	 238.3416748046875
22425358.0 	 230.4813995361328
22425344.0 	 232.3018798828125
22425328.0 	 234.68846130371094
22425254.0 	 238.31430053710938
22424974.0 	 231.8982696533203
22424958.0 	 229.84800720214844
22424942.0 	 238.11248779296875
22424928.0 	 231.09584045410156
22424438.0 	 236.1696319580078
22424424.0 	 232.86936950683594
22424378.0 	 234.7859649658203
22423904.0 	 230.80404663085938
22423518.0 	 234.12478637695312
22423028.0 	 237.6942138671875
22422746.0 	 229.09107971191406
22422730.0 	 230.4346160888672
22422716.0 	 232.09434509277344
22422582.0 	 238.1999969482422
22421810.0 	 236.26165771484375
22421156.0 	 238.40618896484375
22421142.0 	 236.2540740966797
22421126.0 	 236.4735565185547
22420756.0 	 233.07167053222656
22420742.0 	 234.5911865234375
22420416.0 	 231.85887145996094
22420296.0 	 236.3584442138672
22419598.0 	 233.54299926757812
22419228.0 	 243.55043029785156
22419212.0 	 239.16656494140625
22419198.0 	 238.2139129638672
22419122.0 	 231.40618896484375
22419094.0 	 232.7839813232422
22419036.0 	 235.87615966796875
22418960.0 	 235.51953125
22418946.0 	 231.5205841064453
22418872.0 	 235.0464630126953
22418856.0 	 233.4761199951172
22418840.0 	 234.41311645507812
22418826.0 	 236.22491455078125
22418692.0 	 233.8836669921875
22418676.0 	 232.9683380126953
22418662.0 	 233.6492156982422
22418620.0 	 232.149658203125
22418498.0 	 233.4564971923828
22418486.0 	 234.443603515625
22418442.0 	 234.20863342285156
22418426.0 	 231.42274475097656
22418412.0 	 233.53541564941406
22418174.0 	 236.63754272460938
22418158.0 	 235.7724609375
22418144.0 	 237.01991271972656
22418130.0 	 235.8665313720703
22418114.0 	 236.63816833496094
22418010.0 	 234.9893035888672
22417994.0 	 241.76820373535156
22417980.0 	 240.33206176757812
22417966.0 	 239.92477416992188
22417950.0 	 241.29388427734375
22417936.0 	 236.74014282226562
22417922.0 	 236.87509155273438
22417908.0 	 241.11947631835938
22417892.0 	 241.170654296875
22417876.0 	 245.599609375
22417774.0 	 233.3643798828125
22417434.0 	 233.68548583984375
22417418.0 	 232.15115356445312
22417404.0 	 232.88595581054688
22417386.0 	 231.96585083007812
22417372.0 	 238.98681640625
22417358.0 	 234.06874084472656
22417342.0 	 233.21783447265625
22417328.0 	 234.65086364746094
22417270.0 	 233.102294921875
22417254.0 	 233.66127014160156
22417240.0 	 234.88015747070312
22417194.0 	 234.23764038085938
22417180.0 	 232.76455688476562
22417076.0 	 232.5106964111328
22417046.0 	 233.6634521484375
22416928.0 	 232.06312561035156
22416854.0 	 233.97232055664062
22416838.0 	 231.98692321777344
22416794.0 	 236.56472778320312
22416780.0 	 233.8504638671875
22416764.0 	 233.64674377441406
22416734.0 	 236.5561065673828
22416720.0 	 233.0877227783203
22416320.0 	 234.99269104003906
22416304.0 	 233.69137573242188
22415890.0 	 234.24386596679688
22415874.0 	 234.06954956054688
22415860.0 	 234.51547241210938
22415770.0 	 241.46664428710938
22415740.0 	 234.0448455810547
22415622.0 	 234.17752075195312
22415356.0 	 229.06759643554688
22415342.0 	 230.4285888671875
22415310.0 	 230.845458984375
22415294.0 	 231.1400909423828
22415146.0 	 231.11962890625
22415132.0 	 230.31683349609375
22414570.0 	 232.4434051513672
22414508.0 	 236.69444274902344
22414302.0 	 231.70179748535156
22414288.0 	 232.2627716064453
22414272.0 	 232.24893188476562
22414228.0 	 233.3575439453125
22414212.0 	 233.96749877929688
22414080.0 	 233.22479248046875
22414064.0 	 234.9326629638672
22414050.0 	 234.97718811035156
22414034.0 	 233.9315185546875
22413946.0 	 231.4574737548828
22413932.0 	 233.47769165039062
22413916.0 	 233.18338012695312
22413886.0 	 233.43121337890625
22413872.0 	 231.45384216308594
22413856.0 	 235.51107788085938
22413828.0 	 241.4583740234375
22413798.0 	 235.20468139648438
22413604.0 	 234.0271759033203
22413560.0 	 232.60926818847656
22413516.0 	 238.0230712890625
22413502.0 	 231.54196166992188
22413488.0 	 229.5897979736328
22413368.0 	 232.09423828125
22413354.0 	 231.6490936279297
22413338.0 	 233.33367919921875
22413160.0 	 236.7579345703125
22413070.0 	 231.42027282714844
22412892.0 	 232.63519287109375
22412878.0 	 235.32936096191406
22412864.0 	 233.86135864257812
22412848.0 	 233.0464630126953
22412832.0 	 232.72482299804688
22412818.0 	 231.8941192626953
22412804.0 	 230.53555297851562
22412670.0 	 233.36329650878906
22412550.0 	 236.10830688476562
22412536.0 	 231.98477172851562
22412418.0 	 232.8661651611328
22412402.0 	 234.6959686279297
22412388.0 	 232.1555938720703
22411648.0 	 237.52450561523438
22411604.0 	 229.2281951904297
22411588.0 	 230.5108184814453
22411558.0 	 230.11740112304688
22411544.0 	 230.22329711914062
22411528.0 	 230.91294860839844
22411514.0 	 230.86529541015625
22411498.0 	 240.2770233154297
22411394.0 	 235.7794952392578
22411382.0 	 233.6795654296875
22411366.0 	 234.4302215576172
22411350.0 	 234.66273498535156
22411336.0 	 234.9390106201172
22411248.0 	 233.37960815429688
22411232.0 	 233.3720245361328
22411218.0 	 235.98793029785156
22411024.0 	 233.38050842285156
22411010.0 	 233.3257598876953
22410772.0 	 230.37527465820312
22410756.0 	 230.4373779296875
22410668.0 	 229.3262481689453
22410178.0 	 237.84808349609375
22409704.0 	 237.900146484375
22409646.0 	 242.78292846679688
22409632.0 	 241.92825317382812
22409364.0 	 239.90139770507812
22409350.0 	 239.01327514648438
22409216.0 	 239.3480224609375
22409202.0 	 238.33135986328125
22409188.0 	 240.89791870117188
22409170.0 	 241.4358673095703
22409068.0 	 245.66050720214844
22409054.0 	 244.07078552246094
22409038.0 	 241.5498046875
22408786.0 	 241.23147583007812
22408726.0 	 244.50498962402344
22408712.0 	 258.1248779296875
22408608.0 	 243.62442016601562
22408594.0 	 241.30508422851562
22408534.0 	 240.67564392089844
22408520.0 	 242.40078735351562
22408432.0 	 239.4781036376953
22408416.0 	 236.65484619140625
22408342.0 	 246.02557373046875
22408326.0 	 240.28599548339844
22408312.0 	 260.3433532714844
22408296.0 	 244.0569610595703
22408282.0 	 244.86810302734375
22408268.0 	 245.21905517578125
22408238.0 	 240.47727966308594
22407882.0 	 244.420654296875
22407868.0 	 248.4982452392578
22407824.0 	 240.423095703125
22407808.0 	 240.62411499023438
22407794.0 	 238.44589233398438
22407690.0 	 241.2481689453125
22407676.0 	 236.9158172607422
22407660.0 	 240.2590789794922
22407644.0 	 241.89405822753906
22407632.0 	 245.68186950683594
22407570.0 	 242.71035766601562
22407556.0 	 241.8795928955078
22407526.0 	 237.38414001464844
22407512.0 	 236.01641845703125
22407498.0 	 237.50747680664062
22407482.0 	 235.79954528808594
22407466.0 	 234.56146240234375
22407332.0 	 240.02932739257812
22407318.0 	 238.89456176757812
22407246.0 	 238.4551544189453
22407230.0 	 235.60963439941406
22407096.0 	 236.79478454589844
22407082.0 	 234.7596893310547
22407022.0 	 240.55308532714844
22407008.0 	 239.6475830078125
22406992.0 	 239.51280212402344
22406978.0 	 247.82835388183594
22406964.0 	 240.44635009765625
22406948.0 	 239.85043334960938
22406816.0 	 240.0913543701172
22406800.0 	 242.46145629882812
22406770.0 	 239.65895080566406
22406650.0 	 235.4264373779297
22406520.0 	 226.88052368164062
22406504.0 	 231.25656127929688
22405924.0 	 236.3624725341797
22405912.0 	 237.14508056640625
22405896.0 	 238.5793914794922
22405882.0 	 239.78775024414062
22405868.0 	 238.6121063232422
22405852.0 	 240.7067108154297
22405688.0 	 235.53269958496094
22405674.0 	 236.47628784179688
22405614.0 	 240.4374237060547
22405600.0 	 239.7747039794922
22405482.0 	 247.59385681152344
22405468.0 	 239.44021606445312
22405452.0 	 237.36817932128906
22405378.0 	 250.49429321289062
22405156.0 	 237.83221435546875
22405140.0 	 238.34771728515625
22405126.0 	 238.16278076171875
22405110.0 	 242.64511108398438
22405082.0 	 249.00148010253906
22404858.0 	 238.1715850830078
22404844.0 	 238.85801696777344
22404800.0 	 256.3860168457031
22404770.0 	 239.00633239746094
22404740.0 	 238.68600463867188
22404652.0 	 240.37619018554688
22404638.0 	 239.1234130859375
22404622.0 	 239.4293670654297
22404578.0 	 242.80300903320312
22404562.0 	 240.4833526611328
22404504.0 	 240.32191467285156
22404490.0 	 242.81927490234375
22404474.0 	 242.70281982421875
22404356.0 	 249.50534057617188
22404326.0 	 246.24298095703125
22404310.0 	 246.2452850341797
22404296.0 	 242.33546447753906
22404238.0 	 241.07960510253906
22404222.0 	 244.80612182617188
22404192.0 	 238.2732391357422
22404178.0 	 238.22853088378906
22404162.0 	 239.62335205078125
22404134.0 	 236.00857543945312
22404118.0 	 233.30348205566406
22404104.0 	 237.35012817382812
22404090.0 	 240.96485900878906
22404016.0 	 239.96713256835938
22404000.0 	 242.45346069335938
22403972.0 	 240.3179931640625
22403956.0 	 240.4198455810547
22403942.0 	 239.12554931640625
22403924.0 	 241.80242919921875
22403910.0 	 243.8236083984375
22403838.0 	 240.57969665527344
22403778.0 	 255.34422302246094
22403764.0 	 242.0003662109375
22403748.0 	 242.31260681152344
22403734.0 	 237.06875610351562
22403718.0 	 240.3773956298828
22403704.0 	 241.7068634033203
22403348.0 	 262.3736877441406
22402858.0 	 263.50738525390625
22401882.0 	 276.198974609375
22400904.0 	 262.439697265625
22400446.0 	 249.8889923095703
22400416.0 	 244.73605346679688
22399928.0 	 258.3102111816406
22399660.0 	 250.29718017578125
22399644.0 	 251.55189514160156
22399438.0 	 257.02410888671875
22398950.0 	 253.27328491210938
22398462.0 	 258.4599914550781
22398180.0 	 247.89280700683594
22398166.0 	 247.00814819335938
22397972.0 	 254.89654541015625
22397560.0 	 256.0547180175781
22397484.0 	 251.24362182617188
22397470.0 	 261.51318359375
22397440.0 	 255.38600158691406
22397100.0 	 249.10867309570312
22397084.0 	 251.95777893066406
22397070.0 	 250.9156494140625
22396996.0 	 252.00111389160156
22396952.0 	 252.959716796875
22396938.0 	 249.70701599121094
22396508.0 	 248.9353485107422
22396314.0 	 252.33424377441406
22395858.0 	 251.0455322265625
22395826.0 	 250.71023559570312
22395812.0 	 250.03829956054688
22395532.0 	 251.89892578125
22395516.0 	 252.0372772216797
22395042.0 	 258.1675109863281
22395028.0 	 260.2693786621094
22395014.0 	 262.6022033691406
22394554.0 	 256.2662048339844
22393608.0 	 250.83277893066406
22393576.0 	 248.7321014404297
22393192.0 	 240.50559997558594
22393088.0 	 244.48928833007812
22393044.0 	 235.64772033691406
22393030.0 	 233.26124572753906
22392912.0 	 246.5260467529297
22392690.0 	 245.7852020263672
22392676.0 	 246.7146453857422
22392660.0 	 251.10862731933594
22392630.0 	 250.00717163085938
22392600.0 	 246.05343627929688
22392586.0 	 246.1656494140625
22392572.0 	 246.79847717285156
22392556.0 	 255.2097625732422
22392304.0 	 246.4641876220703
22392142.0 	 238.6858673095703
22392084.0 	 233.65904235839844
22392008.0 	 237.4152069091797
22391950.0 	 234.9540252685547
22391934.0 	 235.61203002929688
22391210.0 	 238.275146484375
22390620.0 	 227.6070556640625
22390604.0 	 223.97628784179688
22390588.0 	 225.24148559570312
22390322.0 	 238.34857177734375
22390308.0 	 239.8130340576172
22390294.0 	 237.5417022705078
22390278.0 	 239.18597412109375
22390264.0 	 234.11801147460938
22390190.0 	 233.96253967285156
22389184.0 	 258.81817626953125
22388754.0 	 238.49671936035156
22388740.0 	 241.9283447265625
22388726.0 	 247.1009521484375
22388696.0 	 245.8673095703125
22388622.0 	 243.6231689453125
22388608.0 	 242.76956176757812
22388592.0 	 244.2845001220703
22388428.0 	 248.39295959472656
22388416.0 	 250.58438110351562
22388208.0 	 261.3341064453125
22387722.0 	 261.07781982421875
22387232.0 	 260.9577941894531
22386670.0 	 243.83187866210938
22386654.0 	 240.20831298828125
22386642.0 	 241.18072509765625
22386478.0 	 245.0725860595703
22386464.0 	 247.9144744873047
22386448.0 	 245.03895568847656
22386184.0 	 243.63563537597656
22386168.0 	 244.50653076171875
22386152.0 	 242.95458984375
22386138.0 	 245.56356811523438
22386080.0 	 243.65176391601562
22386066.0 	 241.90972900390625
22385960.0 	 241.92893981933594
22385946.0 	 242.39059448242188
22385930.0 	 243.5907440185547
22385916.0 	 240.77822875976562
22385900.0 	 242.71739196777344
22385886.0 	 241.46522521972656
22385872.0 	 244.82986450195312
22385768.0 	 244.57095336914062
22385754.0 	 246.3036346435547
22385738.0 	 247.4580078125
22385724.0 	 246.52120971679688
22385694.0 	 246.0980224609375
22385680.0 	 245.7150115966797
22385666.0 	 242.99696350097656
22385650.0 	 243.72161865234375
22385356.0 	 248.5679473876953
22385340.0 	 247.9237518310547
22385280.0 	 242.43890380859375
22385236.0 	 236.67819213867188
22385222.0 	 236.4813690185547
22384956.0 	 243.45050048828125
22384940.0 	 238.34912109375
22384852.0 	 251.0772705078125
22384838.0 	 244.27622985839844
22384822.0 	 248.4393768310547
22384794.0 	 247.98519897460938
22384616.0 	 242.7602996826172
22384602.0 	 244.23672485351562
22384586.0 	 249.1203155517578
22384572.0 	 253.74424743652344
22384424.0 	 245.5929412841797
22384408.0 	 247.18621826171875
22384394.0 	 248.35366821289062
22384380.0 	 249.0752410888672
22384364.0 	 255.12301635742188
22384306.0 	 242.84176635742188
22384292.0 	 244.77760314941406
22383848.0 	 255.79937744140625
22383816.0 	 254.4600830078125
22383330.0 	 253.92222595214844
22383316.0 	 249.04539489746094
22383300.0 	 251.59683227539062
22382842.0 	 262.9638366699219
22382354.0 	 259.8717956542969
22381380.0 	 255.73934936523438
22381056.0 	 257.4681701660156
22381040.0 	 254.6003875732422
22380892.0 	 258.50555419921875
22380760.0 	 247.222900390625
22380744.0 	 248.76577758789062
22380538.0 	 251.0220184326172
22380404.0 	 252.43392944335938
22380286.0 	 251.4578399658203
22379946.0 	 250.23080444335938
22379918.0 	 249.34913635253906
22379430.0 	 255.72384643554688
22379312.0 	 264.3460998535156
22379224.0 	 251.81040954589844
22379208.0 	 249.43162536621094
22379106.0 	 244.68968200683594
22379090.0 	 244.39540100097656
22378972.0 	 248.8406524658203
22378942.0 	 247.33477783203125
22378854.0 	 249.6629180908203
22378838.0 	 252.09011840820312
22378498.0 	 248.0301513671875
22378484.0 	 247.0838623046875
22378454.0 	 249.93907165527344
22377968.0 	 246.38082885742188
22377952.0 	 249.61830139160156
22377480.0 	 247.63453674316406
22377302.0 	 249.64466857910156
22377052.0 	 246.73187255859375
22377036.0 	 248.01556396484375
22376992.0 	 247.07533264160156
22376846.0 	 237.2791748046875
22376830.0 	 239.88552856445312
22376536.0 	 266.03265380859375
22375530.0 	 254.04745483398438
22374068.0 	 249.99830627441406
22373582.0 	 259.3241882324219
22373124.0 	 275.4324645996094
22373096.0 	 282.981201171875
22373080.0 	 292.3854064941406
22372608.0 	 278.0823974609375
22372592.0 	 278.8794860839844
22372120.0 	 281.74456787109375
22371634.0 	 283.4231872558594
22371176.0 	 276.19207763671875
22371148.0 	 283.9371337890625
22370660.0 	 282.3291320800781
22370366.0 	 297.8594970703125
22370202.0 	 305.5263671875
22370172.0 	 301.5018310546875
22370026.0 	 298.6131286621094
22369686.0 	 296.4352722167969
22369672.0 	 297.9314880371094
22369656.0 	 314.2122802734375
22369640.0 	 306.6991882324219
22369628.0 	 304.0932922363281
22369612.0 	 305.0711975097656
22369598.0 	 296.8572692871094
22369584.0 	 301.4416198730469
22369494.0 	 299.5097351074219
22369480.0 	 296.4190368652344
22369228.0 	 305.1081237792969
22369200.0 	 298.354736328125
22369184.0 	 302.5807189941406
22368920.0 	 297.643310546875
22368906.0 	 298.6993408203125
22368888.0 	 299.0335998535156
22368874.0 	 299.2430725097656
22368860.0 	 306.60516357421875
22368846.0 	 314.0574035644531
22368830.0 	 319.39776611328125
22368816.0 	 308.78509521484375
22368798.0 	 299.25341796875
22368770.0 	 300.8460388183594
22368756.0 	 302.226318359375
22368742.0 	 296.58551025390625
22368710.0 	 296.188720703125
22368696.0 	 298.61492919921875
22368298.0 	 298.7987060546875
22368286.0 	 311.72467041015625
22368254.0 	 316.973876953125
22368226.0 	 304.5566101074219
22367738.0 	 282.83795166015625
22367370.0 	 297.662109375
22367354.0 	 301.0790710449219
22367282.0 	 301.2015380859375
22367252.0 	 294.9866638183594
22367118.0 	 289.66229248046875
22367106.0 	 289.4269104003906
22366898.0 	 302.07135009765625
22366882.0 	 300.28948974609375
22366766.0 	 291.3978576660156
22366750.0 	 294.0699157714844
22366616.0 	 301.3658142089844
22366604.0 	 306.7411193847656
22366588.0 	 307.3340148925781
22366574.0 	 304.6923522949219
22366560.0 	 302.28253173828125
22366544.0 	 308.05731201171875
22366528.0 	 306.8033447265625
22366412.0 	 305.3631896972656
22366396.0 	 307.38421630859375
22366382.0 	 305.01531982421875
22366366.0 	 309.8279724121094
22366352.0 	 306.6694641113281
22366336.0 	 306.1826477050781
22366322.0 	 304.7314758300781
22366308.0 	 307.7218017578125
22366278.0 	 310.4339599609375
22366264.0 	 302.7852783203125
22366206.0 	 312.7257995605469
22366190.0 	 316.2176513671875
22366174.0 	 317.7745056152344
22366160.0 	 322.22607421875
22366144.0 	 317.6473693847656
22366132.0 	 312.6825256347656
22366116.0 	 315.0917053222656
22366072.0 	 315.5546569824219
22366028.0 	 300.47186279296875
22365940.0 	 303.2621765136719
22365924.0 	 309.4921875
22365896.0 	 307.0755920410156
22365880.0 	 310.9454650878906
22365866.0 	 306.59259033203125
22365820.0 	 298.70758056640625
22365732.0 	 293.5073547363281
22365718.0 	 310.58013916015625
22365600.0 	 293.0488586425781
22365570.0 	 295.0349426269531
22365334.0 	 300.6809997558594
22365304.0 	 299.27435302734375
22365246.0 	 300.66351318359375
22365216.0 	 305.89874267578125
22365202.0 	 306.6954345703125
22365188.0 	 305.2793273925781
22365056.0 	 300.7529602050781
22365040.0 	 300.9775085449219
22364848.0 	 304.5648498535156
22364818.0 	 306.87982177734375
22364804.0 	 306.95574951171875
22364790.0 	 307.66766357421875
22364772.0 	 303.903564453125
22364596.0 	 295.9261779785156
22364522.0 	 295.5483093261719
22364508.0 	 294.2427978515625
22364332.0 	 291.8819580078125
22364140.0 	 297.1468811035156
22364126.0 	 294.9783020019531
22364110.0 	 295.5614929199219
22363874.0 	 294.59747314453125
22363846.0 	 291.9079284667969
22363358.0 	 295.8079528808594
22362872.0 	 288.7601623535156
22362754.0 	 292.16741943359375
22362386.0 	 279.2918395996094
22361900.0 	 286.96929931640625
22361412.0 	 281.30224609375
22360928.0 	 280.78485107421875
22360440.0 	 270.0630187988281
22359954.0 	 263.4854431152344
22359468.0 	 256.9580993652344
22358982.0 	 250.56736755371094
22358848.0 	 260.76593017578125
22358776.0 	 256.7370300292969
22358760.0 	 259.920166015625
22358496.0 	 257.98736572265625
22358008.0 	 260.7190246582031
22357788.0 	 254.967529296875
22357772.0 	 259.8990783691406
22357758.0 	 256.9605407714844
22357522.0 	 264.7260437011719
22357080.0 	 251.65374755859375
22357066.0 	 251.937744140625
22356964.0 	 251.40811157226562
22356740.0 	 251.9626007080078
22356726.0 	 250.81051635742188
22356712.0 	 249.9451904296875
22356698.0 	 249.8540496826172
22356668.0 	 252.88099670410156
22356654.0 	 252.1767120361328
22356638.0 	 250.7852325439453
22356580.0 	 262.86822509765625
22356550.0 	 256.3500671386719
22356094.0 	 252.87884521484375
22356064.0 	 256.3803405761719
22355946.0 	 254.84588623046875
22355932.0 	 252.20919799804688
22355916.0 	 255.23406982421875
22355872.0 	 255.17251586914062
22355858.0 	 254.35711669921875
22355578.0 	 255.7411651611328
22355504.0 	 254.30714416503906
22355092.0 	 260.9679260253906
22354680.0 	 253.48513793945312
22354666.0 	 249.90142822265625
22354606.0 	 248.84300231933594
22354590.0 	 249.98226928710938
22354384.0 	 249.8400115966797
22354370.0 	 252.32725524902344
22354356.0 	 256.648193359375
22354222.0 	 248.8124237060547
22354208.0 	 252.34971618652344
22354178.0 	 250.180419921875
22354164.0 	 252.63865661621094
22354148.0 	 258.0621643066406
22354120.0 	 250.18212890625
22354106.0 	 254.84925842285156
22353958.0 	 247.68569946289062
22353944.0 	 248.60137939453125
22353898.0 	 250.05430603027344
22353884.0 	 250.74923706054688
22353868.0 	 248.3916778564453
22353634.0 	 261.4353332519531
22353282.0 	 255.88731384277344
22353266.0 	 255.1205291748047
22353206.0 	 256.8107604980469
22353192.0 	 256.47686767578125
22353176.0 	 263.2663269042969
22353148.0 	 256.1319274902344
22352780.0 	 258.28863525390625
22352764.0 	 252.4310302734375
22352662.0 	 246.98367309570312
22352648.0 	 247.00169372558594
22352632.0 	 246.88494873046875
22352616.0 	 244.981201171875
22352604.0 	 245.38995361328125
22352544.0 	 244.93992614746094
22352530.0 	 243.40455627441406
22352514.0 	 244.76478576660156
22352500.0 	 243.95460510253906
22352486.0 	 245.72865295410156
22352368.0 	 245.72134399414062
22352352.0 	 243.52505493164062
22352338.0 	 246.99285888671875
22352204.0 	 243.30738830566406
22352176.0 	 238.85784912109375
22352162.0 	 236.12905883789062
22352146.0 	 241.0292510986328
22352132.0 	 240.63746643066406
22352118.0 	 245.78964233398438
22351984.0 	 243.58494567871094
22351970.0 	 246.62977600097656
22351954.0 	 247.142822265625
22351940.0 	 249.82244873046875
22351910.0 	 249.57765197753906
22351896.0 	 247.13668823242188
22351882.0 	 249.91941833496094
22351868.0 	 248.82015991210938
22351852.0 	 249.75144958496094
22351836.0 	 246.78347778320312
22351822.0 	 248.0407257080078
22351808.0 	 247.75119018554688
22351792.0 	 249.71548461914062
22351764.0 	 250.8870086669922
22351750.0 	 253.7905731201172
22351734.0 	 253.07728576660156
22351720.0 	 251.77052307128906
22351690.0 	 242.110107421875
22351514.0 	 250.95729064941406
22351498.0 	 250.49334716796875
22351484.0 	 250.70266723632812
22351438.0 	 247.60829162597656
22351426.0 	 247.98800659179688
22351410.0 	 250.447021484375
22351396.0 	 253.59120178222656
22351308.0 	 244.69259643554688
22351292.0 	 246.868408203125
22351278.0 	 245.7627716064453
22351204.0 	 247.31307983398438
22351190.0 	 247.3315887451172
22351174.0 	 248.95872497558594
22351130.0 	 247.7599334716797
22351116.0 	 244.09024047851562
22351102.0 	 241.90826416015625
22351086.0 	 244.3782196044922
22351072.0 	 242.5120391845703
22351056.0 	 244.05975341796875
22351042.0 	 247.30978393554688
22351028.0 	 246.30137634277344
22351012.0 	 247.4547882080078
22350968.0 	 245.53024291992188
22350954.0 	 250.51539611816406
22350748.0 	 255.3888397216797
22350718.0 	 254.65921020507812
22350704.0 	 253.33750915527344
22350644.0 	 251.4240264892578
22350586.0 	 250.66326904296875
22350570.0 	 250.9445343017578
22350528.0 	 257.54534912109375
22350424.0 	 256.50189208984375
22350410.0 	 249.09097290039062
22350394.0 	 247.4072723388672
22350380.0 	 248.60691833496094
22350366.0 	 247.75355529785156
22350262.0 	 250.16146850585938
22350234.0 	 247.01324462890625
22350188.0 	 247.08636474609375
22350072.0 	 243.0892333984375
22350058.0 	 242.55429077148438
22349878.0 	 247.44482421875
22349864.0 	 241.47113037109375
22349850.0 	 242.2880401611328
22349748.0 	 243.4927978515625
22349658.0 	 245.3467254638672
22349644.0 	 246.869140625
22349628.0 	 245.8907928466797
22349614.0 	 245.86106872558594
22349600.0 	 243.02670288085938
22349586.0 	 248.09014892578125
22349570.0 	 246.1715087890625
22349556.0 	 242.8295135498047
22349542.0 	 247.2737579345703
22349526.0 	 246.82589721679688
22349512.0 	 243.5395050048828
22349496.0 	 245.40188598632812
22349482.0 	 241.49781799316406
22349408.0 	 243.61781311035156
22349394.0 	 243.02206420898438
22349260.0 	 250.87957763671875
22349070.0 	 241.94482421875
22349056.0 	 240.88739013671875
22348776.0 	 241.9796142578125
22348658.0 	 237.12203979492188
22348642.0 	 236.14476013183594
22348290.0 	 236.249267578125
22348232.0 	 242.16529846191406
22348216.0 	 244.43727111816406
22348040.0 	 239.66395568847656
22348024.0 	 241.93870544433594
22348010.0 	 246.68309020996094
22347996.0 	 255.67991638183594
22347982.0 	 252.56932067871094
22347966.0 	 257.4751892089844
22347804.0 	 244.34918212890625
22347790.0 	 245.7887725830078
22347774.0 	 242.6890411376953
22347406.0 	 232.5049591064453
22347394.0 	 232.2729034423828
22347378.0 	 230.69154357910156
22347098.0 	 244.63294982910156
22347084.0 	 245.27581787109375
22347068.0 	 245.15402221679688
22347054.0 	 245.78671264648438
22346834.0 	 241.64527893066406
22346818.0 	 255.6870880126953
22346804.0 	 248.4934844970703
22346788.0 	 247.58241271972656
22346776.0 	 255.6759796142578
22346760.0 	 249.2085418701172
22346700.0 	 237.4287567138672
22346686.0 	 237.76535034179688
22346670.0 	 256.06243896484375
22346450.0 	 239.16236877441406
22346434.0 	 239.80007934570312
22346420.0 	 237.17129516601562
22345846.0 	 251.72279357910156
22345716.0 	 240.62075805664062
22345702.0 	 242.09181213378906
22345684.0 	 241.22569274902344
22345376.0 	 243.86265563964844
22345038.0 	 241.69012451171875
22345022.0 	 240.87203979492188
22345008.0 	 242.67791748046875
22344994.0 	 239.90646362304688
22344980.0 	 242.47056579589844
22344966.0 	 243.00765991210938
22344920.0 	 244.0831756591797
22344892.0 	 243.469482421875
22344876.0 	 243.68641662597656
22344730.0 	 245.9652557373047
22344714.0 	 246.83889770507812
22344538.0 	 244.72344970703125
22344524.0 	 246.77944946289062
22344510.0 	 245.21194458007812
22344436.0 	 245.374755859375
22344404.0 	 237.38861083984375
22344390.0 	 241.38880920410156
22344378.0 	 243.31158447265625
22344362.0 	 244.0100555419922
22344346.0 	 244.45474243164062
22344332.0 	 243.80421447753906
22344318.0 	 243.39334106445312
22344302.0 	 243.3435516357422
22344288.0 	 236.80613708496094
22344272.0 	 235.7504425048828
22344258.0 	 233.36050415039062
22344170.0 	 246.3096466064453
22344156.0 	 242.76951599121094
22344112.0 	 242.52085876464844
22344098.0 	 239.23818969726562
22344082.0 	 240.7288818359375
22344068.0 	 246.70669555664062
22344052.0 	 255.99029541015625
22343950.0 	 248.87757873535156
22343920.0 	 254.74476623535156
22343464.0 	 303.4932556152344
22343434.0 	 290.798095703125
22342948.0 	 243.73680114746094
22342934.0 	 245.83575439453125
22342920.0 	 243.41590881347656
22342906.0 	 238.89161682128906
22342892.0 	 241.33547973632812
22342874.0 	 240.48011779785156
22342802.0 	 242.11309814453125
22342686.0 	 232.75021362304688
22342640.0 	 241.8833770751953
22342626.0 	 240.38096618652344
22342612.0 	 241.16407775878906
22342508.0 	 248.58221435546875
22342494.0 	 244.4088897705078
22342464.0 	 244.47755432128906
22342450.0 	 244.7338409423828
22342434.0 	 252.83148193359375
22342420.0 	 241.89324951171875
22342404.0 	 242.49900817871094
22342392.0 	 239.59776306152344
22342302.0 	 229.0331268310547
22342258.0 	 234.90318298339844
22342010.0 	 249.2245330810547
22341978.0 	 245.3160400390625
22341964.0 	 246.4328155517578
22341918.0 	 247.13308715820312
22341906.0 	 244.7932586669922
22341890.0 	 238.9700927734375
22341494.0 	 242.35537719726562
22341478.0 	 249.01986694335938
22341464.0 	 247.47886657714844
22341318.0 	 256.63140869140625
22341302.0 	 257.1295471191406
22341140.0 	 239.61346435546875
22341126.0 	 240.17013549804688
22341008.0 	 263.1249694824219
22340522.0 	 253.15863037109375
22340332.0 	 244.86953735351562
22340316.0 	 244.03048706054688
22340302.0 	 245.968994140625
22340288.0 	 244.89010620117188
22340214.0 	 249.41372680664062
22340156.0 	 246.55955505371094
22340142.0 	 247.7105255126953
22339554.0 	 259.9721374511719
22339304.0 	 248.9158172607422
22339288.0 	 246.99717712402344
22339274.0 	 249.37210083007812
22339022.0 	 230.6763916015625
22338994.0 	 233.1675567626953
22338834.0 	 235.18716430664062
22338818.0 	 239.59751892089844
22338774.0 	 224.74267578125
22338744.0 	 228.2352752685547
22338730.0 	 226.88319396972656
22338348.0 	 226.71241760253906
22338334.0 	 226.12310791015625
22337112.0 	 233.68858337402344
22326934.0 	 240.6887969970703
22319818.0 	 238.50921630859375
22319670.0 	 231.6607666015625
22319656.0 	 237.4317626953125
22314436.0 	 245.8798370361328
22310376.0 	 231.12806701660156
22310364.0 	 230.9544677734375
22310042.0 	 229.47964477539062
22305722.0 	 232.58090209960938
22305400.0 	 230.43272399902344
22305384.0 	 232.97592163085938
22305268.0 	 227.04974365234375
22305252.0 	 228.17135620117188
22305018.0 	 233.28370666503906
22304902.0 	 232.52760314941406
22304886.0 	 231.33338928222656
22303510.0 	 230.65501403808594
22300832.0 	 233.7922821044922
22300818.0 	 232.95950317382812
22298902.0 	 232.47067260742188
22298886.0 	 230.97454833984375
22298638.0 	 230.82225036621094
22298580.0 	 234.62509155273438
22298550.0 	 234.4743194580078
22298476.0 	 235.151611328125
22298462.0 	 234.14361572265625
22298446.0 	 235.2579345703125
22298360.0 	 244.94862365722656
22298344.0 	 235.9882049560547
22298330.0 	 235.98934936523438
22298316.0 	 236.04818725585938
22298302.0 	 235.2940673828125
22298272.0 	 236.46746826171875
22298258.0 	 236.53123474121094
22298244.0 	 239.212158203125
22298200.0 	 242.84686279296875
22298186.0 	 239.48001098632812
22298168.0 	 251.46629333496094
22298140.0 	 246.2100067138672
22298066.0 	 237.61773681640625
22298052.0 	 237.22335815429688
22298038.0 	 235.6797637939453
22298024.0 	 241.79588317871094
22297892.0 	 235.2159423828125
22297878.0 	 236.30032348632812
22297862.0 	 234.59417724609375
22297848.0 	 236.39317321777344
22297774.0 	 236.90008544921875
22297760.0 	 236.5847930908203
22297730.0 	 236.7318572998047
22297672.0 	 236.6952667236328
22297658.0 	 232.70654296875
22297540.0 	 238.13473510742188
22297526.0 	 239.05601501464844
22297510.0 	 240.4861297607422
22297496.0 	 239.035888671875
22297482.0 	 236.20677185058594
22297468.0 	 238.6124725341797
22297424.0 	 240.40464782714844
22297408.0 	 239.47564697265625
22297394.0 	 250.23057556152344
22297380.0 	 236.9266815185547
22297366.0 	 239.0670928955078
22297350.0 	 240.9110565185547
22297306.0 	 239.7484130859375
22297292.0 	 241.2954559326172
22297278.0 	 238.96890258789062
22297204.0 	 236.05125427246094
22297190.0 	 234.24180603027344
22297146.0 	 238.5144500732422
22297130.0 	 238.58441162109375
22297116.0 	 235.5388641357422
22297044.0 	 235.91761779785156
22297028.0 	 236.3271942138672
22297014.0 	 238.45848083496094
22297000.0 	 238.69931030273438
22296986.0 	 238.83319091796875
22296970.0 	 237.08709716796875
22296956.0 	 236.7743377685547
22296898.0 	 236.25640869140625
22296884.0 	 238.24502563476562
22296870.0 	 238.5189971923828
22296794.0 	 238.3979949951172
22296502.0 	 250.22824096679688
22296312.0 	 262.4744873046875
22296284.0 	 252.93515014648438
22296108.0 	 248.9417724609375
22295990.0 	 246.00668334960938
22295904.0 	 250.02984619140625
22295874.0 	 248.08126831054688
22295800.0 	 251.43577575683594
22295538.0 	 247.1385955810547
22295522.0 	 245.35081481933594
22295508.0 	 248.87841796875
22295478.0 	 244.57614135742188
22295464.0 	 250.83584594726562
22295448.0 	 247.26475524902344
22295434.0 	 249.2135772705078
22295318.0 	 243.1751708984375
22295304.0 	 244.3268280029297
22295156.0 	 246.3369598388672
22295144.0 	 248.1707763671875
22294834.0 	 252.62411499023438
22293870.0 	 283.3927307128906
22293388.0 	 272.4346923828125
22292906.0 	 272.1595153808594
22292570.0 	 242.1114044189453
22292556.0 	 241.6686553955078
22292540.0 	 244.79202270507812
22292526.0 	 255.3423614501953
22292410.0 	 245.8983612060547
22292394.0 	 248.09278869628906
22290494.0 	 258.1754150390625
22289528.0 	 276.5665283203125
22289048.0 	 263.843505859375
22288566.0 	 259.4422302246094
22288084.0 	 257.95220947265625
22288068.0 	 258.949951171875
22287600.0 	 272.1156005859375
22287118.0 	 266.7887268066406
22286638.0 	 264.5304260253906
22285192.0 	 265.3956298828125
22284708.0 	 277.0697326660156
22284228.0 	 279.4865417480469
22283264.0 	 280.4059753417969
22281816.0 	 249.7541046142578
22281556.0 	 231.5737762451172
22281512.0 	 237.30250549316406
22281496.0 	 235.76475524902344
22281482.0 	 238.7471160888672
22281466.0 	 236.8738250732422
22281438.0 	 234.34788513183594
22281424.0 	 229.5356903076172
22281234.0 	 235.51205444335938
22281218.0 	 236.5899200439453
22281204.0 	 235.30734252929688
22281190.0 	 233.57763671875
22281176.0 	 236.7346649169922
22281030.0 	 229.96473693847656
22281014.0 	 230.7174530029297
22281000.0 	 228.61892700195312
22280942.0 	 227.84336853027344
22280752.0 	 229.09805297851562
22280622.0 	 231.30862426757812
22280606.0 	 232.2671661376953
22280578.0 	 231.97889709472656
22280562.0 	 232.38453674316406
22280534.0 	 230.9007568359375
22280518.0 	 234.1348419189453
22280504.0 	 232.17689514160156
22280330.0 	 230.7532501220703
22280154.0 	 236.9823760986328
22280126.0 	 239.78057861328125
22280094.0 	 244.57176208496094
22280082.0 	 236.8287811279297
22280066.0 	 234.65771484375
22280052.0 	 237.3512725830078
22279978.0 	 238.51644897460938
22279964.0 	 232.2246856689453
22279950.0 	 233.04275512695312
22279848.0 	 233.44229125976562
22279832.0 	 234.57766723632812
22279816.0 	 232.42343139648438
22279732.0 	 232.41311645507812
22279700.0 	 229.9843292236328
22279584.0 	 231.20236206054688
22279570.0 	 232.90757751464844
22279320.0 	 232.47677612304688
22279308.0 	 230.49209594726562
22279292.0 	 231.24696350097656
22279262.0 	 228.6029052734375
22279218.0 	 230.35643005371094
22278504.0 	 232.6463165283203
22278490.0 	 233.14505004882812
22278388.0 	 234.1826629638672
22278270.0 	 235.63063049316406
22278244.0 	 239.63795471191406
22278228.0 	 234.5876922607422
22278212.0 	 237.86488342285156
22278142.0 	 236.0215301513672
22278096.0 	 234.6201934814453
22277934.0 	 231.62315368652344
22277760.0 	 232.26808166503906
22277746.0 	 234.76731872558594
22277584.0 	 236.8363037109375
22277556.0 	 237.5191650390625
22277542.0 	 236.72085571289062
22277336.0 	 236.5973358154297
22277322.0 	 235.03839111328125
22277220.0 	 236.21095275878906
22277190.0 	 239.82965087890625
22277176.0 	 243.8477020263672
22277162.0 	 242.05487060546875
22277132.0 	 234.0723876953125
22277060.0 	 241.47866821289062
22276986.0 	 242.74005126953125
22276974.0 	 244.3006134033203
22276958.0 	 246.0271759033203
22276782.0 	 248.72047424316406
22276770.0 	 246.64112854003906
22276754.0 	 247.7327117919922
22276636.0 	 242.74530029296875
22276566.0 	 258.02734375
22276548.0 	 243.09608459472656
22276520.0 	 242.3821563720703
22276476.0 	 243.26364135742188
22276464.0 	 239.3086395263672
22276376.0 	 243.29779052734375
22276358.0 	 241.3791046142578
22276344.0 	 242.18296813964844
22276330.0 	 240.92127990722656
22276302.0 	 242.8446044921875
22276286.0 	 237.5102081298828
22276272.0 	 239.92567443847656
22276200.0 	 241.64601135253906
22276184.0 	 241.84535217285156
22276170.0 	 243.58001708984375
22276156.0 	 243.63433837890625
22276142.0 	 242.534423828125
22276128.0 	 239.5310516357422
22276026.0 	 241.32101440429688
22275996.0 	 243.91490173339844
22275982.0 	 244.94786071777344
22275936.0 	 246.004638671875
22275922.0 	 243.6613006591797
22275906.0 	 247.05029296875
22275894.0 	 250.35496520996094
22275878.0 	 248.50962829589844
22275864.0 	 243.96910095214844
22275820.0 	 244.6999969482422
22275806.0 	 244.4586944580078
22275792.0 	 245.2057647705078
22275778.0 	 243.0325469970703
22275718.0 	 244.4586944580078
22275704.0 	 241.5001983642578
22275690.0 	 239.09547424316406
22275674.0 	 245.1940460205078
22275660.0 	 245.4031524658203
22275558.0 	 243.51345825195312
22275542.0 	 243.85235595703125
22275528.0 	 244.5651397705078
22275514.0 	 241.91644287109375
22275500.0 	 242.1172637939453
22275486.0 	 240.43260192871094
22275470.0 	 240.59750366210938
22275412.0 	 239.66685485839844
22275398.0 	 237.96104431152344
22275382.0 	 240.0410919189453
22275366.0 	 238.02923583984375
22275252.0 	 252.35426330566406
22275236.0 	 256.1446533203125
22275178.0 	 237.37069702148438
22275164.0 	 238.66815185546875
22275150.0 	 238.41087341308594
22275134.0 	 236.97848510742188
22275076.0 	 246.44317626953125
22275062.0 	 252.1395263671875
22275048.0 	 248.92367553710938
22275032.0 	 250.5616912841797
22275018.0 	 252.6597137451172
22274974.0 	 253.20298767089844
22274960.0 	 246.90304565429688
22274930.0 	 248.02584838867188
22274842.0 	 245.0591583251953
22274756.0 	 243.89920043945312
22274740.0 	 246.17764282226562
22274726.0 	 247.82691955566406
22274712.0 	 249.21205139160156
22274696.0 	 248.2535858154297
22274682.0 	 246.482421875
22274668.0 	 251.87017822265625
22274594.0 	 252.50172424316406
22274550.0 	 246.39688110351562
22274536.0 	 247.060546875
22274522.0 	 243.91123962402344
22274506.0 	 243.9600830078125
22274494.0 	 242.10195922851562
22274478.0 	 241.56216430664062
22274464.0 	 241.54595947265625
22274448.0 	 240.88327026367188
22274434.0 	 241.30674743652344
22274420.0 	 241.18792724609375
22274406.0 	 240.22975158691406
22274390.0 	 239.72232055664062
22274376.0 	 237.8494110107422
22274360.0 	 238.25233459472656
22274346.0 	 238.96630859375
22274332.0 	 238.27606201171875
22274320.0 	 237.83871459960938
22274276.0 	 238.59841918945312
22274258.0 	 237.52745056152344
22274186.0 	 237.89273071289062
22274174.0 	 236.17520141601562
22274158.0 	 236.90829467773438
22274084.0 	 234.97613525390625
22274054.0 	 236.81521606445312
22274026.0 	 237.2533416748047
22274012.0 	 234.90191650390625
22273938.0 	 229.08059692382812
22273850.0 	 229.9318389892578
22273838.0 	 230.55259704589844
22273822.0 	 231.57261657714844
22273808.0 	 241.63775634765625
22273720.0 	 242.12826538085938
22273692.0 	 237.24449157714844
22273676.0 	 238.64744567871094
22273632.0 	 235.45994567871094
22273618.0 	 238.14930725097656
22273486.0 	 229.8234405517578
22273472.0 	 229.3113250732422
22273458.0 	 229.74769592285156
22273442.0 	 231.2606201171875
22273428.0 	 230.82052612304688
22273312.0 	 227.55259704589844
22273296.0 	 227.61326599121094
22272990.0 	 239.52685546875
22272976.0 	 243.51705932617188
22272962.0 	 234.76869201660156
22272946.0 	 234.4732666015625
22272934.0 	 232.83631896972656
22272918.0 	 231.83876037597656
22272904.0 	 235.63230895996094
22272888.0 	 236.31272888183594
22272846.0 	 229.7240447998047
22272832.0 	 230.7261962890625
22272452.0 	 228.7860107421875
22271664.0 	 248.40403747558594
22271650.0 	 244.55169677734375
22271636.0 	 240.0443572998047
22271620.0 	 235.7178955078125
22271606.0 	 233.9967498779297
22271590.0 	 233.11294555664062
22271460.0 	 228.82371520996094
22270730.0 	 232.57864379882812
22270644.0 	 232.01731872558594
22270628.0 	 230.71511840820312
22270614.0 	 231.42733764648438
22270190.0 	 231.42279052734375
22270176.0 	 230.4242401123047
22270164.0 	 230.4820556640625
22270088.0 	 230.4061279296875
22270074.0 	 231.36929321289062
22269768.0 	 234.4980010986328
22269754.0 	 244.9959716796875
22269214.0 	 238.87149047851562
22268968.0 	 231.8285675048828
22268952.0 	 231.30870056152344
22268938.0 	 236.34906005859375
22268806.0 	 244.5780029296875
22267846.0 	 242.19247436523438
22267684.0 	 236.14474487304688
22267656.0 	 234.40277099609375
22267640.0 	 233.92710876464844
22267626.0 	 246.7788543701172
22267612.0 	 237.2657470703125
22267596.0 	 239.09930419921875
22267582.0 	 239.2729949951172
22267466.0 	 237.35897827148438
22267452.0 	 238.2362823486328
22267436.0 	 237.44058227539062
22267292.0 	 237.0589141845703
22267278.0 	 236.14443969726562
22267260.0 	 238.00950622558594
22267246.0 	 238.49789428710938
22267234.0 	 238.2010955810547
22267218.0 	 236.08859252929688
22267204.0 	 244.57479858398438
22266112.0 	 236.50572204589844
22266096.0 	 234.5455322265625
22266082.0 	 234.99020385742188
22265922.0 	 236.18716430664062
22265906.0 	 235.26539611816406
22265892.0 	 232.79954528808594
22264960.0 	 235.64349365234375
22263998.0 	 230.84994506835938
22263764.0 	 233.78411865234375
22263752.0 	 233.818359375
22263036.0 	 233.4802703857422
22263024.0 	 243.42538452148438
22262878.0 	 232.9148712158203
22262862.0 	 233.50364685058594
22262704.0 	 244.61317443847656
22262686.0 	 242.43878173828125
22262674.0 	 244.43212890625
22262658.0 	 241.83212280273438
22262644.0 	 242.74887084960938
22262630.0 	 245.84523010253906
22262572.0 	 240.162109375
22262454.0 	 232.08505249023438
22262426.0 	 236.00047302246094
22447466.0 	 250.26437377929688
22447496.0 	 264.90277099609375
22447526.0 	 268.227294921875
22447554.0 	 282.0057678222656
22447584.0 	 277.3940124511719
22449342.0 	 280.09619140625
22449372.0 	 275.8872375488281
22449402.0 	 271.7375183105469
22449432.0 	 262.46185302734375
22460042.0 	 259.9132385253906
22460072.0 	 265.1971130371094
22460100.0 	 259.8599853515625
22460130.0 	 276.08013916015625
22460162.0 	 278.52978515625
22460220.0 	 268.5455627441406
22460250.0 	 258.14190673828125
22460280.0 	 251.45071411132812
22461534.0 	 258.1224365234375
22461564.0 	 260.6241455078125
22461772.0 	 245.20138549804688
22461800.0 	 246.4974365234375
22461830.0 	 249.57937622070312
22461862.0 	 250.4759979248047
22461890.0 	 253.540283203125
22462010.0 	 247.68162536621094
22462040.0 	 246.8218536376953
22462158.0 	 249.4379425048828
22462188.0 	 251.6835479736328
22462218.0 	 251.46641540527344
22462278.0 	 249.4683074951172
22462310.0 	 248.3650665283203
22462366.0 	 248.84674072265625
22462396.0 	 255.8056640625
22462426.0 	 256.0812683105469
22462816.0 	 250.56927490234375
22462844.0 	 248.48609924316406
22462874.0 	 246.7931365966797
22480104.0 	 256.06243896484375
22480134.0 	 251.2191925048828
22480164.0 	 260.5709228515625
22480192.0 	 258.1112060546875
22480222.0 	 257.7659606933594
22480254.0 	 263.62567138671875
22480282.0 	 261.92254638671875
22480312.0 	 261.5408935546875
22480342.0 	 249.46298217773438
22480372.0 	 245.63006591796875
22480402.0 	 256.4944763183594
22480430.0 	 256.3433837890625
22480462.0 	 253.30203247070312
22480492.0 	 271.73907470703125
22480522.0 	 263.2698669433594
22480552.0 	 251.17051696777344
22480580.0 	 252.1877899169922
22480610.0 	 243.40118408203125
22480730.0 	 255.33145141601562
22480760.0 	 253.85366821289062
22480790.0 	 276.56768798828125
22480820.0 	 305.71441650390625
22480848.0 	 332.43792724609375
22481718.0 	 342.9844665527344
22481986.0 	 340.4104309082031
22482076.0 	 340.34515380859375
22482104.0 	 360.2830505371094
22482494.0 	 303.5487060546875
22482524.0 	 306.164306640625
22482552.0 	 294.47686767578125
22482584.0 	 303.3983154296875
22482614.0 	 298.07232666015625
22482644.0 	 301.3331604003906
22482674.0 	 289.2677307128906
22482704.0 	 301.7786560058594
22482734.0 	 293.6505432128906
22482764.0 	 305.1197509765625
22482794.0 	 307.3839111328125
22482824.0 	 295.12725830078125
22482854.0 	 291.79852294921875
22482884.0 	 283.6072692871094
22482914.0 	 280.2840576171875
22482972.0 	 261.2522277832031
22483002.0 	 260.8585205078125
22483034.0 	 270.2557067871094
22483062.0 	 262.4689025878906
22483092.0 	 257.98431396484375
22483122.0 	 244.87567138671875
22483152.0 	 256.6178894042969
22483182.0 	 248.126953125
22483212.0 	 253.09129333496094
22483242.0 	 247.89389038085938
22483272.0 	 244.06582641601562
22483302.0 	 254.87222290039062
22483332.0 	 245.98626708984375
22483362.0 	 261.7494201660156
22483390.0 	 264.6905822753906
22483420.0 	 268.8648681640625
22483452.0 	 267.2525634765625
22483482.0 	 276.0901794433594
22483512.0 	 262.0341796875
22483540.0 	 283.268798828125
22483570.0 	 297.4863586425781
22483600.0 	 314.1619567871094
22483630.0 	 304.097412109375
22483660.0 	 294.3409729003906
22483692.0 	 290.3551025390625
22483722.0 	 259.2183532714844
22483750.0 	 238.05349731445312
22483810.0 	 247.74188232421875
22483840.0 	 251.2005615234375
22483990.0 	 268.76837158203125
22484018.0 	 272.7806396484375
22484048.0 	 275.1798400878906
22484078.0 	 276.9754333496094
22484108.0 	 267.88043212890625
22484140.0 	 255.83969116210938
22484228.0 	 292.3667297363281
22484258.0 	 307.3707580566406
22484288.0 	 323.8520812988281
22484318.0 	 333.8890686035156
22484348.0 	 337.53253173828125
22484498.0 	 319.4638366699219
22484528.0 	 309.9349365234375
22484556.0 	 312.6595764160156
22484588.0 	 297.3639221191406
22484618.0 	 337.8137512207031
22484648.0 	 308.9909362792969
22485244.0 	 279.7333984375
22485276.0 	 284.9176025390625
22485306.0 	 280.85992431640625
22485336.0 	 282.92108154296875
22485364.0 	 294.9853210449219
22485394.0 	 303.9980163574219
22485424.0 	 308.5371398925781
22485454.0 	 295.33538818359375
22776596.0 	 241.9007110595703
