START:	 56.10000000000053
END:	 56.20000000000053

r [km]	 vr [km/s]	 np [cm-3]	 T [K]
39028820.0	 276.5698547363281	 520.7560424804688	 86682.5234375
39028908.0	 276.4379577636719	 521.9059448242188	 90267.4921875
39029000.0	 276.00360107421875	 518.593017578125	 91335.0703125
39029092.0	 275.98419189453125	 521.7572631835938	 91498.390625
39029180.0	 275.7055358886719	 525.6798095703125	 93884.328125
39029272.0	 275.9192199707031	 525.625732421875	 88316.453125
39029360.0	 276.5876770019531	 515.9971313476562	 85877.3046875
39029448.0	 276.0389709472656	 521.6139526367188	 88190.7890625
39029540.0	 275.8144226074219	 525.4142456054688	 90587.59375
39029628.0	 276.14459228515625	 519.6071166992188	 92050.6796875
39029720.0	 275.0426330566406	 530.0018920898438	 95129.8984375
39029808.0	 274.7803039550781	 530.9100341796875	 93977.6328125
39029900.0	 273.8815612792969	 530.7597045898438	 97630.3359375
39029984.0	 274.4486389160156	 516.1328735351562	 89467.7265625
39030080.0	 276.1675720214844	 515.215087890625	 87175.3671875
39030168.0	 276.0903625488281	 521.3772583007812	 89375.265625
39030256.0	 274.8377380371094	 519.2286987304688	 89071.2734375
39030348.0	 273.9607849121094	 523.2005004882812	 93794.71875
39030440.0	 273.7669982910156	 518.5509643554688	 86056.6796875
39030528.0	 273.2759094238281	 513.9773559570312	 87979.171875
39030620.0	 272.9881286621094	 510.1895446777344	 87407.1171875
39030708.0	 274.33270263671875	 530.822509765625	 91584.2890625
39030888.0	 271.94805908203125	 503.162109375	 79098.4609375
39030980.0	 270.8720703125	 508.3212585449219	 82228.7421875
39031068.0	 270.4939880371094	 503.8968505859375	 86699.9765625
39031156.0	 271.38409423828125	 498.6773986816406	 79514.546875
39031248.0	 270.6981506347656	 504.6149597167969	 83170.1328125
39031336.0	 271.2387390136719	 499.208251953125	 79839.96875
39031428.0	 272.0552978515625	 506.0659484863281	 84023.71875
39031516.0	 271.4042663574219	 502.96539306640625	 84628.8828125
39031604.0	 271.5698547363281	 506.2166748046875	 83923.828125
39031696.0	 271.7259521484375	 503.2876892089844	 80165.3046875
39031784.0	 272.11578369140625	 498.3721923828125	 79855.421875
39031876.0	 271.3337707519531	 500.27362060546875	 79497.3828125
39031964.0	 271.9537658691406	 500.4146423339844	 79977.2734375
39032056.0	 271.2557067871094	 503.1070861816406	 84207.5078125
39032144.0	 272.1431884765625	 505.86151123046875	 80306.609375
39032232.0	 271.9715881347656	 503.68646240234375	 81314.2109375
39032324.0	 272.41888427734375	 502.3417663574219	 80038.984375
39032412.0	 272.26947021484375	 497.2912902832031	 78014.78125
39032504.0	 272.4693298339844	 507.8897399902344	 83300.4453125
39032596.0	 271.52667236328125	 504.1452331542969	 83042.25
39032684.0	 272.81109619140625	 499.84130859375	 79056.3125
39032776.0	 272.0737609863281	 494.64447021484375	 76904.4296875
39032864.0	 272.2474670410156	 491.505126953125	 77079.9296875
39032956.0	 272.4477233886719	 505.47344970703125	 81460.59375
39033044.0	 272.87451171875	 505.38446044921875	 79880.421875
39033136.0	 272.45391845703125	 500.6325988769531	 79462.171875
39033224.0	 273.0169677734375	 504.5740051269531	 80821.5234375
39033312.0	 272.5602111816406	 503.2913513183594	 79399.5
39033404.0	 272.7367858886719	 500.5192565917969	 77987.84375
39033492.0	 273.1251525878906	 495.4968566894531	 74875.4765625
39033584.0	 273.4588928222656	 494.9278564453125	 76033.96875
39033672.0	 272.67376708984375	 505.9977111816406	 78420.375
39033852.0	 272.6908874511719	 493.9704284667969	 77941.8359375
39033940.0	 272.870361328125	 501.26336669921875	 80057.4453125
39034032.0	 272.767578125	 506.7207336425781	 80469.4609375
39034124.0	 272.77020263671875	 500.0302734375	 79564.734375
39034212.0	 273.57373046875	 497.59979248046875	 77702.4375
39034300.0	 274.25653076171875	 499.6935119628906	 78309.875
39034388.0	 274.10284423828125	 501.4073486328125	 78494.6640625
39034480.0	 273.37628173828125	 504.7960510253906	 80234.6953125
39034568.0	 273.8946228027344	 504.37249755859375	 81246.875
39034660.0	 273.9453430175781	 513.2586669921875	 84418.734375
39034752.0	 274.12664794921875	 503.6752014160156	 79748.2421875
39034836.0	 273.8119201660156	 509.1723937988281	 84688.0859375
39034928.0	 274.3312072753906	 504.0599365234375	 80654.421875
39035016.0	 274.25445556640625	 507.88983154296875	 81665.2734375
39035108.0	 274.7807922363281	 504.2220458984375	 79953.046875
39035200.0	 274.1031799316406	 511.8172912597656	 83336.125
39035292.0	 274.3783874511719	 495.3072509765625	 76235.3515625
39035380.0	 274.0513610839844	 503.881103515625	 79327.609375
39035468.0	 274.00933837890625	 507.0896301269531	 80602.3359375
39035560.0	 273.93646240234375	 506.2039794921875	 81804.4140625
39035648.0	 273.4602355957031	 505.26483154296875	 82455.484375
39035740.0	 273.6849365234375	 513.5967407226562	 84902.203125
39035828.0	 274.55438232421875	 510.6567687988281	 82528.015625
39035916.0	 274.2611083984375	 512.998779296875	 88940.3828125
39036008.0	 274.33721923828125	 506.1377258300781	 83627.25
39036096.0	 274.4748229980469	 520.7451171875	 87525.8984375
39036188.0	 275.7225341796875	 515.33154296875	 83445.6953125
39036280.0	 274.1134948730469	 502.4688415527344	 79668.6640625
39036368.0	 274.966064453125	 521.4871215820312	 87970.9140625
39036456.0	 273.9691467285156	 514.4735717773438	 86497.5234375
39036544.0	 274.0833435058594	 519.3674926757812	 88826.8359375
39036636.0	 274.504150390625	 521.365478515625	 88378.2421875
39036816.0	 275.0896911621094	 520.0271606445312	 89215.0546875
39036908.0	 275.57525634765625	 516.8577270507812	 86490.359375
39036992.0	 274.5773010253906	 518.1583251953125	 87105.0
39037088.0	 274.9621887207031	 509.24761962890625	 82950.25
39037176.0	 274.1549987792969	 517.7127075195312	 87511.203125
39037264.0	 274.361083984375	 509.2618713378906	 82895.2578125
39037356.0	 274.1601257324219	 514.80810546875	 86622.296875
39037444.0	 274.9709777832031	 513.813720703125	 81709.7578125
39037536.0	 274.7552795410156	 520.2158203125	 87284.4765625
39037624.0	 275.6943359375	 519.6870727539062	 87330.265625
39037716.0	 275.7164306640625	 519.4480590820312	 88769.46875
39037800.0	 275.0749816894531	 522.2199096679688	 91626.5625
39037896.0	 275.9211730957031	 526.4227294921875	 87827.9140625
39037984.0	 276.3520812988281	 522.6430053710938	 90687.1875
39038072.0	 275.7320556640625	 526.037841796875	 91454.953125
39038164.0	 276.1290283203125	 517.8936767578125	 86352.7421875
39038252.0	 275.85357666015625	 521.7963256835938	 87891.703125
39038344.0	 276.1269836425781	 526.7639770507812	 87768.171875
39038436.0	 275.8752136230469	 521.0199584960938	 89844.6171875
39038520.0	 276.6175537109375	 526.5477905273438	 90005.4921875
39038612.0	 276.3727722167969	 524.4029541015625	 89551.3203125
39038700.0	 276.77593994140625	 526.1146240234375	 90107.859375
39038792.0	 275.4806213378906	 521.214111328125	 88642.7421875
39038880.0	 275.41583251953125	 524.1472778320312	 89041.8984375
39038972.0	 275.41156005859375	 517.6561279296875	 86343.7578125
39039064.0	 275.5921630859375	 517.41455078125	 86403.03125
39039152.0	 275.9263916015625	 518.0101318359375	 86798.3828125
39039244.0	 276.74188232421875	 522.9629516601562	 87716.7734375
39039328.0	 276.8086242675781	 528.7914428710938	 90328.5546875
39039424.0	 276.272705078125	 502.9739685058594	 81142.5078125
39039512.0	 276.17974853515625	 514.8436279296875	 84431.140625
39039600.0	 276.6048889160156	 521.9163818359375	 85227.3046875
39039780.0	 275.88104248046875	 518.1995239257812	 88682.6640625
39039872.0	 274.1154479980469	 512.4610595703125	 84298.2109375
39039956.0	 273.7671203613281	 508.8395690917969	 85808.921875
39040052.0	 274.3047790527344	 515.170166015625	 84400.828125
39040140.0	 274.40435791015625	 514.6082763671875	 85076.3984375
39040228.0	 274.1828918457031	 507.5876770019531	 83928.203125
39040320.0	 274.894775390625	 509.00830078125	 83644.1875
39040408.0	 273.4591979980469	 512.3928833007812	 84366.4140625
39040500.0	 273.2057800292969	 505.6109924316406	 83120.46875
39040592.0	 274.1211853027344	 518.0907592773438	 85387.9140625
39040680.0	 275.1893005371094	 514.7437133789062	 83244.96875
39040772.0	 276.06866455078125	 518.2509155273438	 86273.3046875
39040860.0	 276.25579833984375	 513.4716186523438	 83914.78125
39040952.0	 274.91204833984375	 521.5545654296875	 87923.25
39041040.0	 274.84100341796875	 510.85418701171875	 82141.9609375
39041128.0	 274.8298034667969	 516.7888793945312	 88131.6328125
39041220.0	 274.1056213378906	 521.1221923828125	 89302.9921875
39041308.0	 275.2120056152344	 512.98291015625	 84183.125
39041400.0	 275.0550231933594	 509.7227478027344	 84993.984375
39041488.0	 274.3394775390625	 508.24029541015625	 82321.2890625
39041580.0	 273.2463684082031	 503.3541259765625	 83930.6484375
39041664.0	 273.9068603515625	 505.7904052734375	 76930.1484375
39041756.0	 273.72607421875	 516.1589965820312	 85938.8359375
39041848.0	 273.947021484375	 511.04876708984375	 84072.0078125
39041936.0	 274.08477783203125	 508.2694091796875	 82327.953125
39042028.0	 273.7408447265625	 504.45721435546875	 79928.40625
39042116.0	 272.7940979003906	 513.2360229492188	 85087.2109375
39042204.0	 273.4898376464844	 506.2643127441406	 81289.6640625
39042296.0	 273.9917907714844	 512.7407836914062	 82657.1015625
39042384.0	 273.4595031738281	 504.8206787109375	 81992.2421875
39042476.0	 272.44085693359375	 509.0330810546875	 81955.703125
39042564.0	 272.3194885253906	 504.52984619140625	 79973.5078125
39042744.0	 272.58282470703125	 506.6517028808594	 80002.65625
39042836.0	 272.003662109375	 510.8836364746094	 85501.203125
39042924.0	 272.7250061035156	 504.6534729003906	 79698.5546875
39043016.0	 272.1474914550781	 512.3158569335938	 86708.1796875
39043108.0	 274.06329345703125	 514.9692993164062	 83718.0546875
39043196.0	 274.8760986328125	 513.5103759765625	 82605.3125
39043284.0	 275.2955627441406	 500.1715393066406	 77223.4765625
39043376.0	 275.206787109375	 507.2555847167969	 80383.875
39043464.0	 274.544921875	 510.3370056152344	 86317.515625
39043556.0	 273.7342834472656	 508.5543518066406	 81401.9140625
39043644.0	 274.0173645019531	 517.79345703125	 86023.6640625
39043732.0	 275.1669006347656	 509.2161865234375	 82106.5859375
39043820.0	 275.2762451171875	 510.8952941894531	 82482.515625
39043912.0	 273.8906555175781	 506.31353759765625	 81526.125
39044004.0	 271.47161865234375	 499.36895751953125	 78397.0234375
39044092.0	 272.16046142578125	 499.1067199707031	 78289.5859375
39044184.0	 272.54522705078125	 496.70654296875	 75596.0078125
39044272.0	 272.399169921875	 506.5775146484375	 82139.1328125
39044364.0	 272.9968566894531	 500.4678039550781	 78163.5390625
39044452.0	 272.3758239746094	 494.6857604980469	 77508.3671875
39044540.0	 272.5707702636719	 501.46746826171875	 81037.2734375
39044632.0	 273.5034484863281	 519.2742309570312	 88211.515625
39044720.0	 272.591064453125	 515.5864868164062	 86169.984375
39044812.0	 272.5794982910156	 504.3973388671875	 80605.8515625
39044900.0	 273.4316101074219	 513.6348266601562	 82216.1171875
39044992.0	 273.4729919433594	 509.4793701171875	 81561.4609375
39045084.0	 274.31585693359375	 512.3753662109375	 84346.8984375
39045168.0	 274.2666015625	 512.7334594726562	 84671.2734375
39045260.0	 273.74334716796875	 512.244140625	 84997.7578125
39045348.0	 273.0096435546875	 501.6908874511719	 77897.890625
39045440.0	 271.5325012207031	 510.6362609863281	 83444.1171875
39045528.0	 273.2626953125	 510.7405090332031	 82657.2578125
39045712.0	 272.9772644042969	 500.14788818359375	 76817.5859375
39045800.0	 272.589111328125	 509.1214294433594	 83753.4453125
39045892.0	 273.55084228515625	 505.11676025390625	 82495.8046875
39045980.0	 274.1051330566406	 513.1672973632812	 83431.765625
39046072.0	 273.91204833984375	 505.99224853515625	 82196.4609375
39046156.0	 273.8751220703125	 507.2384948730469	 81207.578125
39046252.0	 273.6271667480469	 506.8457336425781	 79992.3828125
39046340.0	 273.1543273925781	 511.220458984375	 84953.5859375
39046428.0	 273.5506286621094	 502.5049743652344	 79579.0390625
39046520.0	 273.6824645996094	 502.8128662109375	 78741.78125
39046608.0	 273.37542724609375	 509.0685119628906	 81808.6796875
39046700.0	 272.7723693847656	 505.8981018066406	 84869.5
39046788.0	 273.1136474609375	 502.66534423828125	 78423.3046875
39046876.0	 273.2489318847656	 510.0323486328125	 80560.2578125
39046968.0	 274.0709533691406	 507.54132080078125	 80008.4140625
39047056.0	 274.1893310546875	 503.3995056152344	 81338.65625
39047148.0	 274.9414978027344	 510.9318542480469	 78835.21875
39047236.0	 274.4942321777344	 506.9093933105469	 78497.6640625
39047324.0	 274.878662109375	 501.61907958984375	 78499.859375
39047420.0	 275.3103942871094	 506.90594482421875	 76606.3203125
39047508.0	 275.22265625	 503.2305603027344	 80159.6875
39047596.0	 276.250732421875	 506.61297607421875	 81095.5625
39047684.0	 276.392578125	 523.04931640625	 81355.5546875
39047776.0	 276.668212890625	 503.60626220703125	 76780.046875
39047864.0	 275.7927551269531	 504.2459411621094	 78931.4296875
39047956.0	 276.22119140625	 510.0643310546875	 78790.7109375
39048048.0	 275.9646911621094	 513.3906860351562	 79643.9921875
39048132.0	 275.9878845214844	 510.18414306640625	 80460.6640625
39048228.0	 276.83538818359375	 522.9039306640625	 83733.3515625
39048316.0	 278.7308044433594	 503.09063720703125	 75368.5
39048404.0	 279.5452575683594	 521.7484741210938	 82549.09375
39048492.0	 279.60198974609375	 508.3896484375	 77411.4609375
39048676.0	 278.5906677246094	 522.3670654296875	 84150.671875
39048764.0	 278.28448486328125	 533.3024291992188	 87950.6875
39048856.0	 279.8577575683594	 529.4166259765625	 82510.109375
39048944.0	 280.03472900390625	 531.2825317382812	 86765.2109375
39049036.0	 280.1214599609375	 534.5216674804688	 87141.96875
39049120.0	 280.0508117675781	 529.6585083007812	 86035.328125
39049212.0	 279.87628173828125	 534.244140625	 86738.8125
39049304.0	 277.5950622558594	 525.66357421875	 89086.9375
39049392.0	 276.7005615234375	 514.6102294921875	 83231.40625
39049484.0	 274.82525634765625	 515.4908447265625	 85005.9609375
39049572.0	 273.65728759765625	 506.3962097167969	 80393.1484375
39049660.0	 272.6335144042969	 507.78253173828125	 81976.390625
39049748.0	 272.0654296875	 505.67449951171875	 80801.3046875
39049840.0	 272.536376953125	 503.7571105957031	 81377.4453125
39049932.0	 272.5140686035156	 506.6663818359375	 80380.171875
39050020.0	 272.8394775390625	 500.4554748535156	 77737.671875
39050112.0	 272.9992980957031	 509.7237243652344	 81045.1640625
39050196.0	 273.2373352050781	 501.7908630371094	 78527.765625
39050292.0	 273.9814453125	 507.823486328125	 80848.53125
39050380.0	 274.1687927246094	 504.2361755371094	 77918.8515625
39050468.0	 273.98583984375	 505.33612060546875	 78996.1328125
39050560.0	 273.5684509277344	 507.63848876953125	 80368.640625
39050648.0	 273.563720703125	 498.9423522949219	 78718.34375
39050744.0	 272.85467529296875	 501.82611083984375	 80281.4453125
39050828.0	 272.5430908203125	 503.6021423339844	 79045.78125
39050920.0	 273.0970764160156	 501.017578125	 80538.8125
39051012.0	 272.75115966796875	 506.69091796875	 81051.8515625
39051100.0	 273.5756530761719	 503.0068664550781	 79317.765625
39051192.0	 273.5820007324219	 494.5871276855469	 73522.765625
39051280.0	 272.7725524902344	 500.3583984375	 78315.4375
39051368.0	 272.57421875	 495.2377014160156	 75935.1171875
39051456.0	 273.0784606933594	 498.4759216308594	 78253.5390625
39051640.0	 272.4656982421875	 502.8382873535156	 80078.6875
39051728.0	 272.1387023925781	 500.3308410644531	 79394.734375
39051820.0	 272.98663330078125	 499.9765625	 77017.578125
39051908.0	 273.2168273925781	 497.98956298828125	 77683.6796875
39052000.0	 272.76458740234375	 498.5873107910156	 79101.5234375
39052088.0	 273.5262145996094	 502.94403076171875	 75071.296875
39052176.0	 272.6175537109375	 500.8118896484375	 80640.90625
39052268.0	 272.77410888671875	 500.0073547363281	 76519.1875
39052356.0	 272.8897705078125	 498.5955810546875	 78168.7890625
39052448.0	 273.0711975097656	 501.7994079589844	 79153.8828125
39052536.0	 272.68743896484375	 502.33135986328125	 79071.7421875
39052624.0	 272.8160705566406	 502.2633972167969	 78049.1328125
39052712.0	 276.2951965332031	 542.2614135742188	 94375.5390625
39052804.0	 275.8080749511719	 487.47027587890625	 74682.75
39052896.0	 278.7352600097656	 542.6829833984375	 92621.859375
39052984.0	 280.502197265625	 538.8722534179688	 88021.4296875
39053076.0	 279.63543701171875	 551.730712890625	 95033.1953125
39053164.0	 280.1204528808594	 537.3948364257812	 92534.4140625
39053256.0	 279.77459716796875	 545.8993530273438	 94527.1640625
39053344.0	 280.0748596191406	 546.100341796875	 96761.453125
39053436.0	 279.7167053222656	 542.1716918945312	 90715.5078125
39053528.0	 279.91064453125	 539.4862670898438	 89135.359375
39053612.0	 279.9279479980469	 539.7695922851562	 88679.2734375
39053704.0	 279.9457702636719	 539.5841674804688	 87766.75
39053792.0	 280.1936340332031	 547.673583984375	 92003.90625
39053884.0	 280.0210876464844	 543.53564453125	 88571.609375
39053972.0	 280.05474853515625	 539.9979858398438	 89839.609375
39054064.0	 280.5191955566406	 540.6092529296875	 89033.40625
39054152.0	 280.1010437011719	 539.9913330078125	 88258.6484375
39054240.0	 280.8368225097656	 530.60205078125	 82702.2734375
39054332.0	 279.942138671875	 542.2762451171875	 90654.7734375
39054420.0	 280.0124206542969	 535.3839111328125	 86490.7421875
39054600.0	 280.06207275390625	 541.48779296875	 90409.296875
39054692.0	 280.30419921875	 547.8726806640625	 90926.65625
39054784.0	 280.579833984375	 539.3846435546875	 87956.9296875
39054872.0	 279.9041442871094	 542.37109375	 88409.09375
39054964.0	 279.73724365234375	 548.638916015625	 96499.3515625
39055048.0	 280.0052185058594	 538.56396484375	 88568.3515625
39055140.0	 279.972412109375	 540.3212280273438	 90279.953125
39055228.0	 281.1353454589844	 543.9758911132812	 88167.21875
39055320.0	 280.6472473144531	 536.8331909179688	 87522.9453125
39055412.0	 280.7237854003906	 542.5692749023438	 90599.3984375
39055500.0	 280.04998779296875	 540.0925903320312	 90557.4609375
39055592.0	 279.8442687988281	 542.8128051757812	 92559.0859375
39055680.0	 280.7568054199219	 539.5725708007812	 89643.9609375
39055772.0	 280.87554931640625	 537.0287475585938	 88564.6484375
39055860.0	 280.6048583984375	 534.8279418945312	 90002.2421875
39055952.0	 280.0696716308594	 538.7848510742188	 88724.140625
39056040.0	 280.1009216308594	 540.9689331054688	 89001.0
39056128.0	 280.3182067871094	 535.8455200195312	 88373.25
39056220.0	 280.64111328125	 535.1785278320312	 90580.4921875
39056308.0	 280.984130859375	 540.8339233398438	 90868.8046875
39056400.0	 282.0690612792969	 535.3233642578125	 86670.34375
39056488.0	 281.40411376953125	 536.5206909179688	 89831.640625
39056580.0	 280.9219055175781	 538.4434204101562	 89579.9453125
39056668.0	 281.16741943359375	 532.057861328125	 86830.296875
39056756.0	 280.3118591308594	 541.5196533203125	 94925.6015625
39056848.0	 279.890625	 544.5556030273438	 95200.84375
39056936.0	 279.8356018066406	 550.6270751953125	 94954.546875
39057028.0	 280.6072998046875	 538.5249633789062	 90517.796875
39057116.0	 280.308349609375	 539.521484375	 86499.9140625
39057208.0	 280.63983154296875	 536.893310546875	 89347.96875
39057296.0	 280.1687927246094	 543.1630859375	 91470.46875
39057384.0	 279.60931396484375	 552.6952514648438	 98840.7265625
39057564.0	 279.46600341796875	 539.992919921875	 96276.4453125
39057656.0	 280.6717224121094	 541.8702392578125	 92495.171875
39057744.0	 280.2249450683594	 548.7334594726562	 95318.390625
39057836.0	 280.3348083496094	 544.72119140625	 93018.0390625
39057920.0	 280.3237609863281	 545.0960083007812	 92454.78125
39058016.0	 280.0403137207031	 538.815673828125	 88713.515625
39058108.0	 279.89642333984375	 545.3846435546875	 95561.2890625
39058192.0	 279.9522705078125	 542.6763916015625	 92291.453125
39058284.0	 279.787841796875	 542.3534545898438	 95721.234375
39058372.0	 280.0862731933594	 538.4005737304688	 91500.6640625
39058464.0	 280.54901123046875	 542.6427001953125	 88408.53125
39058552.0	 280.41400146484375	 540.5770874023438	 90518.3046875
39058644.0	 280.9116516113281	 542.5297241210938	 89193.234375
39058736.0	 280.7549743652344	 537.7869262695312	 90646.8984375
39058824.0	 280.2108459472656	 546.0328369140625	 92994.4296875
39058916.0	 280.7723083496094	 535.96435546875	 89288.453125
39059004.0	 281.54583740234375	 537.2186889648438	 86809.9921875
39059092.0	 281.6323547363281	 535.7279052734375	 89836.6015625
39059180.0	 280.4739685058594	 545.00634765625	 95245.40625
39059272.0	 280.44903564453125	 544.4586791992188	 89840.9453125
39059364.0	 280.1810607910156	 543.8856201171875	 90239.2265625
39059452.0	 280.936279296875	 541.93896484375	 88025.4921875
39059544.0	 280.74688720703125	 539.0911254882812	 89645.2578125
39059632.0	 280.69586181640625	 546.6318359375	 90950.5546875
39059724.0	 281.7940979003906	 532.6036376953125	 88977.453125
39059808.0	 281.74871826171875	 538.7597045898438	 86978.1953125
39059900.0	 281.1402587890625	 544.0801391601562	 90280.59375
39059992.0	 280.9134826660156	 545.720458984375	 90757.84375
39060080.0	 281.062255859375	 551.7444458007812	 92204.3125
39060172.0	 282.20513916015625	 542.6699829101562	 86445.5
39060260.0	 281.7620849609375	 541.828369140625	 90529.484375
39060348.0	 280.9178466796875	 549.2078857421875	 93732.140625
39060528.0	 280.5820007324219	 553.55224609375	 98673.9921875
39060620.0	 282.06964111328125	 540.3367919921875	 91800.9609375
39060708.0	 281.5477600097656	 540.0554809570312	 88304.953125
39060800.0	 281.63818359375	 539.4153442382812	 90418.1953125
39060888.0	 281.7189636230469	 540.9736328125	 90280.5
39060980.0	 281.5245666503906	 539.2160034179688	 90531.5859375
39061068.0	 281.8099365234375	 538.27001953125	 86843.984375
39061160.0	 280.8364562988281	 541.2670288085938	 92280.140625
39061248.0	 281.0375061035156	 538.9402465820312	 89064.8828125
39061336.0	 281.8319396972656	 540.2642211914062	 89495.03125
39061432.0	 282.04638671875	 538.57275390625	 87705.2109375
39061516.0	 281.8173522949219	 537.1290283203125	 88580.484375
39061612.0	 282.5489807128906	 529.5392456054688	 83642.125
39061696.0	 281.405029296875	 535.6159057617188	 89409.5234375
39061788.0	 280.0702209472656	 529.3986206054688	 85722.7890625
39061876.0	 280.0677795410156	 526.8783569335938	 90867.609375
39061968.0	 279.2086486816406	 534.83642578125	 95868.71875
39062060.0	 279.8258972167969	 535.3507080078125	 93055.8046875
39062148.0	 279.93701171875	 530.9492797851562	 90930.2109375
39062236.0	 280.25146484375	 527.2435913085938	 90740.765625
39062324.0	 280.1331481933594	 535.1201171875	 91161.3203125
39062416.0	 280.7717590332031	 530.3483276367188	 88913.5234375
39062504.0	 280.75390625	 532.5818481445312	 92501.03125
39062596.0	 281.01922607421875	 529.5935668945312	 89741.09375
39062688.0	 280.8434753417969	 540.756103515625	 94965.0078125
39062776.0	 281.07427978515625	 536.7007446289062	 94692.140625
39062868.0	 280.7662353515625	 539.1961669921875	 95655.0625
39062952.0	 280.86767578125	 537.4869995117188	 93729.1875
39063044.0	 281.70501708984375	 528.7665405273438	 89535.6875
39063132.0	 281.09490966796875	 540.4060668945312	 95163.5546875
39063224.0	 281.4257507324219	 533.2686157226562	 89706.2421875
39063312.0	 281.2445373535156	 534.5333862304688	 93713.0625
39063492.0	 282.246337890625	 532.2957763671875	 88147.609375
39063580.0	 281.3843078613281	 537.4746704101562	 93708.015625
39063672.0	 281.7053527832031	 535.061767578125	 93383.296875
39063764.0	 282.08831787109375	 535.085205078125	 93205.7109375
39063856.0	 281.5429382324219	 544.5012817382812	 94672.5078125
39063940.0	 281.1475524902344	 536.35302734375	 91197.2578125
39064032.0	 281.5765380859375	 537.80322265625	 93333.5
39064124.0	 280.7669372558594	 540.6244506835938	 96633.3125
39064212.0	 281.5479736328125	 530.1952514648438	 90835.4453125
39064304.0	 280.8979797363281	 531.9932861328125	 92602.8515625
39064392.0	 280.5517883300781	 538.072021484375	 94744.3671875
39064480.0	 281.608154296875	 532.8948974609375	 90691.171875
39064568.0	 281.10443115234375	 534.3939819335938	 91907.9921875
39064660.0	 280.828857421875	 535.1898193359375	 93155.296875
39064748.0	 281.1055603027344	 536.3958129882812	 90329.0625
39064840.0	 281.6108703613281	 526.9127197265625	 89409.1484375
39064932.0	 281.1853332519531	 529.3208618164062	 90617.359375
39065020.0	 280.7452087402344	 539.080810546875	 91669.5078125
39065112.0	 280.50469970703125	 538.0699462890625	 92181.265625
39065200.0	 280.6664123535156	 530.8333740234375	 89619.171875
39065292.0	 278.9013366699219	 530.1002197265625	 93491.984375
39065376.0	 279.6203308105469	 537.174072265625	 91418.0546875
39065468.0	 279.0428161621094	 528.4675903320312	 90388.453125
39065560.0	 278.77032470703125	 531.9302368164062	 91993.03125
39065648.0	 278.44525146484375	 532.8247680664062	 93963.8671875
39065740.0	 279.2710266113281	 524.8280639648438	 89586.171875
39065828.0	 280.2093811035156	 539.1674194335938	 92707.9375
39065920.0	 281.0494689941406	 530.9287109375	 90094.109375
39066008.0	 280.8680114746094	 534.156005859375	 92161.7578125
39066096.0	 280.48431396484375	 528.25830078125	 91327.4609375
39066184.0	 280.13916015625	 528.5791015625	 92453.984375
39066280.0	 279.64434814453125	 530.9109497070312	 92471.8828125
39066456.0	 279.4789123535156	 525.8843383789062	 87454.3671875
39066548.0	 279.30340576171875	 526.775634765625	 88751.71875
39066636.0	 278.9101867675781	 525.2344360351562	 88578.2265625
39066728.0	 278.6097412109375	 525.4561767578125	 88526.1015625
39066816.0	 280.130615234375	 529.0595703125	 90236.8359375
39066908.0	 280.781982421875	 537.7250366210938	 92128.8828125
39066996.0	 280.6695861816406	 544.7951049804688	 94800.3515625
39067084.0	 280.1393127441406	 541.37841796875	 95307.5625
39067176.0	 280.10321044921875	 542.1837158203125	 94514.5625
39067264.0	 280.45672607421875	 541.0061645507812	 92771.5703125
39067356.0	 280.359130859375	 540.1837768554688	 94562.6484375
39067444.0	 280.53509521484375	 546.2816772460938	 94399.3359375
39067536.0	 280.41436767578125	 534.0779418945312	 91447.1328125
39067620.0	 280.1458740234375	 539.9689331054688	 96032.0859375
39067716.0	 279.8549499511719	 547.1804809570312	 97974.21875
39067804.0	 279.61175537109375	 538.9973754882812	 97217.625
39067892.0	 280.0727233886719	 541.4431762695312	 98049.125
39067984.0	 280.9115905761719	 533.3966064453125	 91322.9453125
39068072.0	 280.59515380859375	 541.6331176757812	 96448.4140625
39068164.0	 280.3067321777344	 537.3753051757812	 94228.4921875
39068252.0	 280.0992736816406	 542.2166137695312	 93942.96875
39068344.0	 280.802978515625	 534.8875122070312	 91388.03125
39068432.0	 281.154052734375	 527.5115966796875	 88500.234375
39068520.0	 280.3392028808594	 534.5067749023438	 90679.6953125
39068612.0	 280.93780517578125	 535.7229614257812	 91940.265625
39068700.0	 280.45001220703125	 535.8494262695312	 93313.2734375
39068792.0	 278.5954284667969	 529.5106811523438	 90753.8203125
39068880.0	 277.2832946777344	 533.4912719726562	 90613.53125
39068972.0	 277.6817321777344	 521.8204956054688	 91187.109375
39069060.0	 277.7678527832031	 530.6494140625	 88754.328125
39069152.0	 277.86767578125	 515.087646484375	 85072.5390625
39069244.0	 278.0486755371094	 524.3783569335938	 88361.4453125
39069420.0	 278.0231018066406	 524.3793334960938	 90189.671875
39069508.0	 278.1797790527344	 533.2955932617188	 94782.4921875
39069600.0	 278.609130859375	 529.1304321289062	 92104.4296875
39069688.0	 279.1297302246094	 526.5908203125	 90072.0
39069780.0	 278.78399658203125	 535.4849853515625	 92753.734375
39069872.0	 279.648681640625	 538.80224609375	 94968.671875
39069960.0	 279.6423034667969	 541.8658447265625	 94231.890625
39070052.0	 280.61102294921875	 540.2326049804688	 91334.390625
39070136.0	 280.15460205078125	 539.37109375	 94077.8828125
39070232.0	 279.4189758300781	 539.0592651367188	 95631.2734375
39070320.0	 280.2117919921875	 531.7713012695312	 91178.7734375
39070408.0	 280.444091796875	 537.1365966796875	 93699.5546875
39070496.0	 279.9619445800781	 535.9232177734375	 95579.3671875
39070588.0	 280.3478698730469	 538.879638671875	 93705.265625
39070680.0	 280.9034118652344	 539.2515869140625	 93556.359375
39070768.0	 280.1692199707031	 537.7413330078125	 92879.28125
39070856.0	 279.9276123046875	 532.7722778320312	 93913.5078125
39070948.0	 279.3873596191406	 552.5828247070312	 98663.46875
39071036.0	 280.06109619140625	 537.5757446289062	 99198.3046875
39071124.0	 281.1424865722656	 544.3087768554688	 96212.4609375
39071216.0	 280.4835510253906	 539.5084838867188	 95197.1796875
39071304.0	 279.95623779296875	 540.5864868164062	 98338.6796875
39071396.0	 280.2210693359375	 539.4395141601562	 96805.3359375
39071488.0	 279.3973693847656	 537.8423461914062	 94917.8671875
39071576.0	 280.4966125488281	 537.69970703125	 91453.9296875
39071668.0	 280.1234436035156	 541.4782104492188	 94139.703125
39071756.0	 278.96466064453125	 544.4899291992188	 97506.109375
39071844.0	 279.69293212890625	 540.772705078125	 91668.8203125
39071936.0	 279.98480224609375	 532.1510009765625	 91524.4921875
39072024.0	 279.807861328125	 540.7326049804688	 95833.40625
39072112.0	 279.67474365234375	 532.6444702148438	 91075.9140625
39072204.0	 279.38348388671875	 536.0926513671875	 92031.7734375
39072384.0	 279.307861328125	 539.3529052734375	 96399.21875
39072476.0	 279.7005310058594	 544.3583374023438	 95257.4765625
39072560.0	 279.3136291503906	 537.4661865234375	 95728.5703125
39072656.0	 279.3380126953125	 541.2655029296875	 94150.1953125
39072740.0	 278.6421813964844	 549.02587890625	 100475.9765625
39072836.0	 279.0932922363281	 526.4006958007812	 90367.703125
39072924.0	 278.8071594238281	 542.7642211914062	 97280.7109375
39073012.0	 279.8076171875	 542.4293212890625	 96136.6953125
39073104.0	 280.1630859375	 534.98291015625	 92794.671875
39073192.0	 279.2186584472656	 542.6238403320312	 98152.9375
39073284.0	 279.2867431640625	 546.6039428710938	 97587.21875
39073372.0	 279.8790283203125	 539.2593994140625	 93667.0546875
39073460.0	 279.6749572753906	 537.8132934570312	 92470.1640625
39073548.0	 280.1136474609375	 539.8864135742188	 90760.1640625
39073640.0	 279.3197021484375	 547.454345703125	 100689.4375
39073732.0	 279.9085693359375	 541.4730224609375	 95377.5625
39073820.0	 280.2315979003906	 543.63037109375	 94241.359375
39073912.0	 279.8876953125	 544.8409423828125	 95736.28125
39074000.0	 278.9310607910156	 548.0279541015625	 99159.5
39074092.0	 278.8527526855469	 547.2289428710938	 100274.8671875
39074180.0	 280.3238220214844	 537.6898803710938	 93886.25
39074272.0	 281.8069763183594	 541.0186767578125	 90281.390625
39074356.0	 280.96795654296875	 540.4572143554688	 91445.1875
39074448.0	 281.1332092285156	 542.80859375	 93291.359375
39074540.0	 280.7505187988281	 541.286865234375	 95117.078125
39074628.0	 280.2104797363281	 550.7942504882812	 99521.578125
39074720.0	 281.1634216308594	 538.50634765625	 93585.7109375
39074808.0	 280.3158264160156	 545.6402587890625	 95793.3515625
39074900.0	 280.3033142089844	 550.4579467773438	 100268.5078125
39074988.0	 280.3342590332031	 543.6802978515625	 95040.6640625
39075080.0	 280.0514221191406	 544.6603393554688	 97016.5703125
39075168.0	 280.36297607421875	 533.6575317382812	 94029.4453125
39075348.0	 280.5035095214844	 537.3014526367188	 93479.34375
39075436.0	 281.6614990234375	 540.7606811523438	 93958.9453125
39075528.0	 280.4010009765625	 546.8113403320312	 95500.1484375
39075616.0	 280.1406555175781	 553.8185424804688	 97543.6015625
39075708.0	 279.6811218261719	 548.9852905273438	 98962.9609375
39075796.0	 279.5328369140625	 546.3082885742188	 100916.484375
39075888.0	 278.6083984375	 546.8818359375	 102220.65625
39075972.0	 278.6727600097656	 550.1583251953125	 98623.15625
39076064.0	 278.3952941894531	 542.6873168945312	 96229.75
39076156.0	 278.0029602050781	 538.8018798828125	 97693.921875
39076244.0	 276.899658203125	 544.5443115234375	 97734.5390625
39076336.0	 278.0772399902344	 533.0026245117188	 90892.2265625
39076424.0	 276.12451171875	 527.87109375	 87189.65625
39076516.0	 276.2605285644531	 534.1981811523438	 90568.1953125
39076604.0	 276.7522277832031	 534.4909057617188	 92236.34375
39076696.0	 278.68438720703125	 553.37109375	 98697.34375
39076784.0	 280.4181823730469	 539.3373413085938	 95899.546875
39076872.0	 281.6959228515625	 532.395751953125	 91924.8671875
39076968.0	 279.1214599609375	 526.1299438476562	 88140.0625
39077052.0	 279.0148010253906	 537.1233520507812	 93287.4765625
39077144.0	 278.8005065917969	 546.4680786132812	 95873.796875
39077232.0	 282.2827453613281	 527.9630126953125	 88500.078125
39077324.0	 281.7140808105469	 546.2328491210938	 91247.8984375
39077412.0	 282.2367248535156	 537.64794921875	 86801.1640625
39077504.0	 281.644775390625	 538.4403076171875	 90245.7734375
39077592.0	 281.2400207519531	 548.7931518554688	 96664.375
39077684.0	 278.6134948730469	 542.1167602539062	 97831.2734375
39077772.0	 279.48150634765625	 538.3121948242188	 92095.71875
39077860.0	 278.966552734375	 540.91015625	 89925.2890625
39077952.0	 279.2095031738281	 539.14794921875	 92503.8984375
39078040.0	 279.15704345703125	 532.9947509765625	 91688.5546875
39078132.0	 279.65643310546875	 531.306884765625	 90715.1953125
39078312.0	 279.1155700683594	 539.5479125976562	 92336.4921875
39078400.0	 278.9222717285156	 526.6685791015625	 87145.515625
39078488.0	 279.1463317871094	 532.212158203125	 91020.578125
39078576.0	 279.4175720214844	 533.7930908203125	 91612.609375
39078668.0	 279.02801513671875	 533.8310546875	 89023.265625
39078760.0	 278.8291015625	 532.5590209960938	 90499.25
39078848.0	 278.0097961425781	 536.7891235351562	 93460.8203125
39078940.0	 277.15106201171875	 530.1640625	 90466.0625
39079024.0	 277.2754211425781	 531.6836547851562	 89639.5546875
39079120.0	 279.110107421875	 536.5587158203125	 90823.1171875
39079208.0	 278.3410949707031	 539.2379760742188	 92912.3515625
39079300.0	 279.08673095703125	 537.6320190429688	 93123.4921875
39079388.0	 278.4236755371094	 537.454833984375	 91690.015625
39079480.0	 278.66644287109375	 533.9759521484375	 93778.8203125
39079572.0	 276.9107666015625	 531.1187744140625	 89837.78125
39079656.0	 276.72119140625	 527.891845703125	 91821.359375
39079748.0	 277.47930908203125	 529.58837890625	 86055.40625
39079836.0	 278.5550537109375	 540.4215087890625	 89519.5546875
39079928.0	 278.474365234375	 550.25048828125	 96878.09375
39080016.0	 278.8646240234375	 535.7706909179688	 94047.375
39080108.0	 278.3958740234375	 534.1039428710938	 93400.296875
39080196.0	 278.6385192871094	 532.888671875	 93617.3515625
39080288.0	 278.3253173828125	 549.254150390625	 100707.7265625
39080376.0	 278.26239013671875	 537.3661499023438	 91905.46875
39080464.0	 278.33648681640625	 554.75390625	 98060.4140625
39080556.0	 279.98193359375	 538.1502075195312	 94338.828125
39080644.0	 278.1485290527344	 519.959228515625	 85256.1796875
39080736.0	 278.96087646484375	 539.4495849609375	 96209.5
39080824.0	 278.49603271484375	 539.5504150390625	 99154.921875
39080916.0	 279.25262451171875	 540.1448974609375	 98348.25
39081004.0	 277.044189453125	 527.2413940429688	 95593.671875
39081092.0	 276.65350341796875	 540.4744873046875	 91852.4609375
39081272.0	 276.40985107421875	 548.6102905273438	 97208.8984375
39081364.0	 277.8053894042969	 563.5391235351562	 101371.0234375
39081452.0	 279.1952209472656	 540.8336181640625	 97004.8515625
39081544.0	 278.3464660644531	 541.5396728515625	 95848.96875
39081632.0	 278.1177062988281	 536.6790771484375	 93273.640625
39081724.0	 278.08154296875	 540.29443359375	 94184.1484375
39081812.0	 277.7393493652344	 524.48828125	 90480.9765625
39081904.0	 276.8180236816406	 557.07763671875	 104055.1171875
39081992.0	 277.4924011230469	 539.69775390625	 96569.515625
39082084.0	 277.0545959472656	 541.4674072265625	 91608.9140625
39082172.0	 277.24114990234375	 530.2822265625	 91632.5234375
39082260.0	 277.8515625	 537.2501831054688	 91894.4765625
39082352.0	 278.31988525390625	 533.6126098632812	 87905.7578125
39082440.0	 277.0966796875	 545.165771484375	 98693.9921875
39082532.0	 277.0606994628906	 528.8583984375	 88235.2265625
39082620.0	 275.2174987792969	 530.5518798828125	 90087.7421875
39082712.0	 275.8853454589844	 523.7488403320312	 87782.359375
39082800.0	 275.0818786621094	 521.6665649414062	 87987.96875
39082888.0	 275.13836669921875	 518.99755859375	 86275.2734375
39082980.0	 275.836181640625	 521.388427734375	 87003.1875
39083068.0	 274.8511047363281	 525.5260620117188	 89787.8359375
39083160.0	 275.9451599121094	 523.49267578125	 87310.3671875
39083248.0	 276.01361083984375	 532.470947265625	 88893.1328125
39083340.0	 277.39910888671875	 534.41650390625	 91475.4375
39083428.0	 277.8424072265625	 526.0545043945312	 90319.6953125
39083520.0	 276.998046875	 536.8248291015625	 97087.3203125
39083608.0	 277.83837890625	 537.81103515625	 94620.109375
39083700.0	 277.7163391113281	 540.898681640625	 94060.9375
39083784.0	 278.35382080078125	 535.9834594726562	 92786.6015625
39083876.0	 278.0560302734375	 529.2271118164062	 92016.546875
39083968.0	 278.5008544921875	 531.99609375	 91630.1640625
39084056.0	 278.4050598144531	 537.0708618164062	 92140.421875
39084236.0	 276.05609130859375	 531.0432739257812	 92949.6171875
39084328.0	 277.2987365722656	 533.2402954101562	 88696.5
39084416.0	 277.6033020019531	 533.8163452148438	 91838.15625
39084508.0	 277.3705749511719	 535.8151245117188	 92746.28125
39084596.0	 276.4019470214844	 532.3682861328125	 91296.8515625
39084684.0	 276.64593505859375	 529.649169921875	 91583.421875
39084776.0	 277.3448181152344	 532.7281494140625	 92243.2890625
39084864.0	 276.9578857421875	 545.7781372070312	 93992.625
39084956.0	 278.1217346191406	 529.6752319335938	 88168.953125
39085044.0	 276.65380859375	 538.5626831054688	 93380.78125
39085136.0	 276.5860290527344	 544.83447265625	 97158.1015625
39085224.0	 277.60150146484375	 534.5733642578125	 92823.828125
39085316.0	 277.3309631347656	 540.928466796875	 95853.1875
39085400.0	 278.10235595703125	 539.3798217773438	 95054.21875
39085496.0	 278.463623046875	 543.537353515625	 95327.921875
39085580.0	 278.5848083496094	 545.022705078125	 93048.5078125
39085672.0	 279.41497802734375	 545.0528564453125	 92419.8046875
39085764.0	 277.86248779296875	 538.9285888671875	 99108.9296875
39085852.0	 278.3904724121094	 533.1859741210938	 94019.9375
39085944.0	 277.6545104980469	 538.7763671875	 98221.0859375
39086032.0	 278.39056396484375	 534.7735595703125	 89509.0
39086124.0	 276.523681640625	 546.6434326171875	 99221.03125
39086212.0	 277.2615966796875	 534.7291870117188	 92687.71875
39086300.0	 277.1742858886719	 537.4146118164062	 90729.6875
39086388.0	 276.7910461425781	 528.9763793945312	 91893.3984375
39086480.0	 275.8915100097656	 532.6838989257812	 94021.296875
39086568.0	 277.6701354980469	 544.3831176757812	 99510.71875
39086660.0	 278.7406311035156	 528.3655395507812	 90007.8828125
39086752.0	 278.47882080078125	 553.76806640625	 102736.21875
39086840.0	 277.49554443359375	 561.1070556640625	 98844.75
39086932.0	 277.5210266113281	 525.0325317382812	 88538.7578125
39087020.0	 278.81756591796875	 504.5576171875	 83125.65625
39087196.0	 276.691650390625	 516.375244140625	 87995.875
39087292.0	 276.08563232421875	 508.6914367675781	 84873.84375
39087380.0	 275.9629821777344	 527.7703247070312	 88352.890625
39087472.0	 274.92193603515625	 525.6439819335938	 87901.9921875
39087556.0	 276.0445861816406	 524.7489013671875	 88551.9296875
39087648.0	 277.3368225097656	 524.5675048828125	 88118.9921875
39087740.0	 278.45147705078125	 537.0576171875	 92903.0
39087828.0	 278.13848876953125	 545.1177978515625	 97327.6015625
39087920.0	 278.5137023925781	 532.7080078125	 88962.625
39088004.0	 277.28668212890625	 542.4114990234375	 99390.609375
39088100.0	 278.0000915527344	 552.895751953125	 97544.2578125
39088188.0	 278.0321044921875	 545.1637573242188	 100709.6015625
39088276.0	 277.97076416015625	 531.43994140625	 94407.421875
39088364.0	 279.0015869140625	 541.8038330078125	 96134.4140625
39088456.0	 278.71380615234375	 553.9497680664062	 95782.0234375
39088548.0	 278.8816833496094	 540.6399536132812	 92988.8515625
39088636.0	 279.1596374511719	 544.1005249023438	 94408.4921875
39088728.0	 278.6252136230469	 551.0039672851562	 97171.609375
39088812.0	 278.6141052246094	 549.7640380859375	 98905.1875
39088908.0	 278.5346984863281	 545.5413208007812	 99366.09375
39088992.0	 278.3615417480469	 538.0911254882812	 97454.640625
39089084.0	 278.869873046875	 536.273681640625	 92711.09375
39089172.0	 277.93408203125	 537.3346557617188	 95564.203125
39089264.0	 278.13067626953125	 541.752685546875	 95512.90625
39089352.0	 278.20013427734375	 547.8353881835938	 97388.2578125
39089444.0	 277.50030517578125	 550.0463256835938	 96449.796875
39089536.0	 277.90277099609375	 555.3017578125	 102590.359375
39089624.0	 278.12744140625	 562.6105346679688	 100491.7109375
39089716.0	 278.2889709472656	 553.99560546875	 101018.7890625
39089804.0	 278.4735412597656	 546.9791259765625	 100347.609375
39089896.0	 279.3465576171875	 531.8751220703125	 94418.0546875
39089980.0	 279.3674621582031	 538.9158325195312	 92267.6484375
39090160.0	 279.4442443847656	 537.197509765625	 99186.3125
39090252.0	 280.30670166015625	 562.481689453125	 100398.8515625
39090340.0	 281.8840026855469	 549.3584594726562	 97933.4765625
39090432.0	 282.2830505371094	 538.1271362304688	 91877.8828125
39090524.0	 283.6387939453125	 537.7918701171875	 90740.4921875
39090612.0	 284.3706359863281	 554.2046508789062	 92121.3671875
39090704.0	 284.34075927734375	 544.4249267578125	 92252.0234375
39090792.0	 284.58563232421875	 560.7420043945312	 93667.5625
39090880.0	 285.1847839355469	 548.4503173828125	 92853.6875
39090968.0	 284.69598388671875	 544.200439453125	 90840.421875
39091060.0	 285.6330261230469	 544.8507690429688	 87366.3359375
39091148.0	 285.2601623535156	 553.9329833984375	 91676.2421875
39091240.0	 284.8315734863281	 548.78173828125	 91294.9765625
39091328.0	 284.6885070800781	 543.607177734375	 89007.3125
39091420.0	 284.9923095703125	 549.2221069335938	 93624.875
39091508.0	 284.8968811035156	 542.7836303710938	 92297.296875
39091596.0	 284.95263671875	 538.63720703125	 92475.7265625
39091688.0	 285.69122314453125	 533.1952514648438	 89225.859375
39091776.0	 284.7297668457031	 546.6290283203125	 90357.9296875
39091868.0	 285.2656555175781	 546.439697265625	 93183.96875
39091956.0	 284.9164123535156	 544.5052490234375	 91232.2421875
39092048.0	 283.3643493652344	 543.3477172851562	 91736.765625
39092136.0	 282.8481750488281	 547.3900146484375	 93357.5234375
39092228.0	 280.8349609375	 546.6734619140625	 93945.6640625
39092316.0	 280.69720458984375	 544.10546875	 93025.96875
39092408.0	 279.8573913574219	 542.6796264648438	 96901.46875
39092492.0	 279.97314453125	 539.3790893554688	 93471.1484375
39092588.0	 279.5567321777344	 546.655517578125	 98704.7265625
39092680.0	 280.08746337890625	 541.43701171875	 95665.9140625
39092768.0	 280.2625732421875	 534.91357421875	 92391.140625
39092856.0	 280.6540222167969	 542.9602661132812	 98882.1796875
39092944.0	 280.60675048828125	 551.4318237304688	 99098.0859375
39093124.0	 282.4822998046875	 536.97900390625	 88313.8984375
39093216.0	 284.91497802734375	 551.6018676757812	 90195.8828125
39093304.0	 285.23480224609375	 534.72216796875	 89745.8125
39093396.0	 285.0665283203125	 550.7119750976562	 94581.25
39093484.0	 285.9305114746094	 544.7313232421875	 89637.3203125
39093572.0	 285.57659912109375	 556.4786376953125	 90606.703125
39093664.0	 285.2138977050781	 557.32275390625	 93765.4140625
39093752.0	 285.1102294921875	 552.6390991210938	 92355.8671875
39093844.0	 284.4566345214844	 548.5838012695312	 91481.296875
39093932.0	 284.563720703125	 547.9078979492188	 88515.15625
39094024.0	 284.1322021484375	 545.5023803710938	 89453.0546875
39094112.0	 284.18243408203125	 548.2141723632812	 89312.5
39094204.0	 284.7548522949219	 547.0977172851562	 89340.3359375
39094292.0	 284.3549499511719	 545.5442504882812	 88779.984375
39094380.0	 283.92230224609375	 547.028076171875	 89352.078125
39094472.0	 284.2727355957031	 541.845458984375	 90047.75
39094564.0	 284.0958251953125	 551.5888061523438	 90318.5390625
39094648.0	 284.7193908691406	 541.3546752929688	 87735.609375
39094744.0	 284.94512939453125	 541.55908203125	 86715.9609375
39094832.0	 284.42449951171875	 544.8386840820312	 91092.3984375
39094920.0	 284.4821472167969	 545.6983642578125	 88440.1953125
39095012.0	 284.4406433105469	 550.417236328125	 91008.171875
39095100.0	 284.1217956542969	 542.3416748046875	 90544.1796875
39095192.0	 283.94732666015625	 548.0964965820312	 91004.0078125
39095276.0	 283.9181213378906	 549.15576171875	 88379.9140625
39095368.0	 284.0628356933594	 540.0166625976562	 89738.34375
39095460.0	 283.9978942871094	 550.5204467773438	 90295.421875
39095548.0	 284.96002197265625	 540.6693115234375	 90253.046875
39095636.0	 284.3086853027344	 540.3590698242188	 89592.5390625
39095728.0	 284.12322998046875	 536.90234375	 87415.6953125
39095820.0	 283.168701171875	 541.8421630859375	 91909.171875
39095908.0	 282.6564025878906	 546.6046752929688	 92162.0
39096088.0	 283.5966491699219	 541.7079467773438	 91355.671875
39096180.0	 282.13433837890625	 547.1265258789062	 93162.921875
39096268.0	 282.83111572265625	 539.022705078125	 93529.8828125
39096356.0	 283.17938232421875	 550.9500732421875	 98940.28125
39096444.0	 283.2700500488281	 548.4327392578125	 93523.0703125
39096536.0	 283.0932922363281	 544.2354125976562	 94225.015625
39096624.0	 283.259521484375	 541.2191162109375	 91298.296875
39096716.0	 282.7652587890625	 551.1908569335938	 94028.671875
39096804.0	 282.60894775390625	 556.111328125	 95194.75
39096896.0	 282.799560546875	 552.743896484375	 94771.859375
39096984.0	 284.51385498046875	 541.4658813476562	 88228.5859375
39097076.0	 283.60992431640625	 555.4957885742188	 91581.96875
39097168.0	 284.0370178222656	 536.6376953125	 91156.171875
39097252.0	 283.3013916015625	 545.0657958984375	 94867.21875
39097348.0	 282.2220458984375	 548.5616455078125	 93493.6171875
39097432.0	 282.9645080566406	 549.020751953125	 94869.6640625
39097528.0	 282.49462890625	 543.1742553710938	 92561.4375
39097616.0	 282.0180358886719	 554.3172607421875	 99280.8515625
39097704.0	 281.994873046875	 546.8563232421875	 94443.84375
39097792.0	 282.3482666015625	 547.4322509765625	 90640.2890625
39097884.0	 282.29412841796875	 546.5279541015625	 90708.3671875
39097972.0	 282.4060974121094	 547.2786254882812	 94402.28125
39098060.0	 283.04058837890625	 545.6019897460938	 93806.7890625
39098152.0	 283.279541015625	 551.4325561523438	 94114.6015625
39098244.0	 283.1979064941406	 550.2470092773438	 91895.5625
39098332.0	 282.5191650390625	 548.1790771484375	 96979.5546875
39028860.0	 275.1895751953125	 435.1034240722656	 125176.5078125
39028956.0	 275.467041015625	 440.92083740234375	 115651.1875
39029048.0	 277.5863037109375	 487.47247314453125	 125320.171875
39029336.0	 278.27874755859375	 413.5724182128906	 116975.6796875
39029428.0	 273.46807861328125	 391.3370666503906	 112987.296875
39029528.0	 274.42864990234375	 450.6706237792969	 133229.203125
39029620.0	 273.2737731933594	 510.14788818359375	 117681.625
39029716.0	 278.549560546875	 488.4497985839844	 106059.09375
39029808.0	 277.2748107910156	 491.21942138671875	 109964.03125
39029908.0	 281.44659423828125	 381.377197265625	 86977.9921875
39030000.0	 279.55352783203125	 443.1899108886719	 120354.2265625
39030096.0	 276.143798828125	 472.9742126464844	 104059.09375
39030188.0	 276.3526306152344	 459.1571350097656	 120108.5
39030288.0	 277.6911315917969	 394.15887451171875	 98608.0390625
39030380.0	 259.7925109863281	 373.1736755371094	 110480.9921875
39030476.0	 266.3958740234375	 345.3330078125	 117018.4765625
39030576.0	 262.3232116699219	 465.4096374511719	 104800.890625
39030668.0	 261.968017578125	 376.2402648925781	 113222.5
39030856.0	 262.4565734863281	 371.3126525878906	 118484.0546875
39031140.0	 258.399658203125	 373.1124572753906	 114941.4140625
39031236.0	 259.858642578125	 356.48870849609375	 108437.4921875
39031332.0	 258.0915222167969	 333.1011047363281	 105776.0703125
39031520.0	 261.06072998046875	 357.2515869140625	 122879.359375
39031712.0	 261.9101867675781	 303.7639465332031	 110252.8359375
39031808.0	 260.3601989746094	 319.8130187988281	 104992.5625
39031900.0	 258.6395263671875	 265.54498291015625	 89936.140625
39031996.0	 258.1809997558594	 293.18310546875	 90406.421875
39032096.0	 262.598876953125	 352.7725524902344	 111262.0234375
39032188.0	 263.2764587402344	 380.7386779785156	 115004.3125
39032476.0	 266.356689453125	 386.0766296386719	 114327.8046875
39032568.0	 259.7257995605469	 278.2909240722656	 86226.1640625
39032664.0	 261.86907958984375	 532.5977172851562	 110103.984375
39032948.0	 259.6781311035156	 334.9913024902344	 97345.5859375
39033424.0	 265.678955078125	 468.6947326660156	 104780.4765625
39033520.0	 266.5623779296875	 451.5922546386719	 113031.5546875
39033708.0	 262.668701171875	 314.71514892578125	 97920.875
39033804.0	 261.8384704589844	 335.4513854980469	 112475.40625
39033900.0	 263.308349609375	 380.7518615722656	 121615.71875
39033996.0	 270.65936279296875	 467.4831237792969	 118479.296875
39034376.0	 266.9798278808594	 459.1071472167969	 111439.359375
39034468.0	 262.7029113769531	 352.203857421875	 109292.859375
39034568.0	 263.1409606933594	 524.6848754882812	 111133.3203125
39034756.0	 265.34423828125	 488.7165222167969	 112428.7890625
39034848.0	 265.01092529296875	 570.5048217773438	 113894.65625
39034948.0	 262.1954040527344	 472.60211181640625	 105370.0625
39035136.0	 267.4991760253906	 517.0801391601562	 98723.3046875
39035228.0	 265.1802978515625	 322.5988464355469	 102364.5703125
39035328.0	 287.3857421875	 382.13836669921875	 82486.0
39035516.0	 316.1475830078125	 281.2908020019531	 126020.390625
39035608.0	 322.9629211425781	 259.144775390625	 71292.3046875
39035708.0	 322.9835205078125	 262.2614440917969	 66226.921875
39035804.0	 321.1976318359375	 287.03717041015625	 76274.859375
39035896.0	 322.08392333984375	 276.5830993652344	 83592.328125
39035988.0	 310.29083251953125	 297.38385009765625	 60809.98828125
39036088.0	 314.3142395019531	 287.4941711425781	 58208.14453125
39036184.0	 314.87420654296875	 270.0017395019531	 51471.51171875
39036276.0	 313.9377746582031	 319.3748779296875	 52221.40625
39036368.0	 310.6849365234375	 291.9864807128906	 49557.55859375
39036468.0	 314.4128112792969	 327.63824462890625	 72815.640625
39036564.0	 309.1673889160156	 297.2321472167969	 51789.0390625
39036656.0	 314.46484375	 281.7874450683594	 52642.44140625
39036752.0	 319.068603515625	 286.6911315917969	 58673.38671875
39036848.0	 316.3231506347656	 312.9900817871094	 60731.8203125
39036944.0	 318.5813903808594	 292.2207336425781	 60709.08984375
39037132.0	 328.6781005859375	 227.80665588378906	 77221.96875
39037232.0	 331.61822509765625	 217.32940673828125	 71367.984375
39037324.0	 328.8933410644531	 225.88339233398438	 82340.546875
39037420.0	 327.8055114746094	 248.9361572265625	 85631.578125
39037516.0	 327.3371887207031	 249.9544677734375	 87889.734375
39037612.0	 332.8521728515625	 233.9959259033203	 82497.2734375
39037704.0	 327.5682373046875	 254.83177185058594	 101732.15625
39037800.0	 337.021728515625	 238.18910217285156	 84009.8984375
39037896.0	 349.86956787109375	 197.44110107421875	 122228.21875
39037992.0	 369.2166748046875	 143.29373168945312	 55726.85546875
39038084.0	 344.90289306640625	 207.34373474121094	 114768.6484375
39038180.0	 339.3388671875	 217.11178588867188	 114002.046875
39038276.0	 343.5551452636719	 232.5620880126953	 149211.234375
39038372.0	 341.4617004394531	 212.88619995117188	 91302.1015625
39038656.0	 324.70172119140625	 260.4766540527344	 137560.609375
39038748.0	 331.4571838378906	 231.64369201660156	 81397.8984375
39038844.0	 328.2369689941406	 240.34820556640625	 116436.359375
39038940.0	 327.5615234375	 245.3140411376953	 80461.8359375
39039036.0	 323.7315979003906	 262.947021484375	 87142.0234375
39039132.0	 326.4036865234375	 256.0564270019531	 66065.4140625
39039224.0	 323.4382629394531	 252.62840270996094	 50528.20703125
39039320.0	 319.10528564453125	 276.92437744140625	 54856.87109375
39039416.0	 320.51092529296875	 291.0312805175781	 62185.52734375
39039512.0	 335.13232421875	 245.1222686767578	 148681.875
39039604.0	 334.7477111816406	 210.6189727783203	 49632.91015625
39039704.0	 326.1406555175781	 269.20465087890625	 94485.0390625
39039796.0	 328.1640625	 267.427490234375	 94106.6796875
39039892.0	 332.8948059082031	 224.61839294433594	 109959.265625
39039984.0	 332.8813781738281	 235.97740173339844	 105317.1328125
39040084.0	 328.2181396484375	 257.35516357421875	 104556.1484375
39040176.0	 331.6817321777344	 242.24118041992188	 106559.21875
39040272.0	 332.83489990234375	 233.51536560058594	 102278.125
39040364.0	 329.0948791503906	 259.9228210449219	 96772.75
39040464.0	 329.99737548828125	 248.75225830078125	 91870.7265625
39040556.0	 327.6686706542969	 259.5936279296875	 83674.6171875
39040652.0	 330.4051208496094	 262.025634765625	 92582.046875
39040744.0	 327.1587219238281	 257.4640197753906	 80254.9609375
39040844.0	 333.6018371582031	 240.2213897705078	 99635.1484375
39040936.0	 326.9732360839844	 255.09999084472656	 95952.875
39041032.0	 325.97418212890625	 271.5426025390625	 78848.3203125
39041124.0	 321.24041748046875	 276.21795654296875	 70894.9609375
39041224.0	 321.1392822265625	 273.44097900390625	 69041.78125
39041316.0	 321.3135986328125	 274.98260498046875	 68700.3359375
39041412.0	 318.8376159667969	 303.75445556640625	 58395.453125
39041504.0	 313.720458984375	 288.3443298339844	 57552.953125
39041604.0	 311.4649963378906	 318.50048828125	 48063.46875
39041792.0	 313.79498291015625	 312.00408935546875	 61967.51953125
39041884.0	 314.0910339355469	 309.11492919921875	 53532.08984375
39041984.0	 305.2597351074219	 307.89642333984375	 43499.98046875
39042076.0	 299.54278564453125	 334.87347412109375	 45793.5625
39042172.0	 298.9412841796875	 344.5453796386719	 48854.26171875
39042264.0	 305.8831481933594	 335.1751403808594	 54609.96484375
39042364.0	 310.1678771972656	 352.28839111328125	 58925.25390625
39042460.0	 308.8424377441406	 306.3041076660156	 57161.9296875
39042552.0	 311.0607604980469	 310.415283203125	 44178.21484375
39042644.0	 310.1893005371094	 317.6502685546875	 46438.66015625
39042744.0	 303.6617736816406	 324.6150207519531	 46615.05078125
39042840.0	 308.02301025390625	 326.4020080566406	 46615.0390625
39042932.0	 310.2107238769531	 304.35052490234375	 47170.1484375
39043024.0	 304.41778564453125	 329.5964660644531	 44261.6796875
39043220.0	 302.0090026855469	 323.99786376953125	 43199.37109375
39043312.0	 305.2611999511719	 308.13232421875	 43499.9140625
39043412.0	 303.6688232421875	 335.1485900878906	 44704.46484375
39043504.0	 303.9119873046875	 317.9413146972656	 44041.3203125
39043596.0	 293.6643371582031	 365.5797424316406	 68413.03125
39043692.0	 299.3934020996094	 338.5558776855469	 48621.30859375
39043792.0	 308.5368957519531	 320.2262268066406	 50094.6171875
39043884.0	 310.82537841796875	 305.1883850097656	 52028.3515625
39043980.0	 305.8950500488281	 297.80682373046875	 48410.1875
39044076.0	 304.8975524902344	 321.7764892578125	 56366.39453125
39044172.0	 304.4912414550781	 315.0582275390625	 50261.57421875
39044268.0	 300.93414306640625	 318.3321533203125	 50257.16015625
39044360.0	 301.4498291015625	 338.36572265625	 52504.30078125
39044452.0	 302.995361328125	 329.72772216796875	 45743.109375
39044552.0	 301.17156982421875	 330.81524658203125	 45510.15234375
39044648.0	 299.6809387207031	 349.84393310546875	 50575.6796875
39044740.0	 298.57843017578125	 353.18548583984375	 47320.26953125
39044932.0	 292.12646484375	 334.2227478027344	 48772.875
39045028.0	 297.24066162109375	 332.5545654296875	 53554.0234375
39045120.0	 286.833984375	 350.7499694824219	 69530.578125
39045212.0	 288.6899719238281	 345.282958984375	 58481.1953125
39045312.0	 283.9841003417969	 346.0540771484375	 65913.375
39045408.0	 284.42291259765625	 345.9495544433594	 65230.37890625
39045500.0	 283.44268798828125	 349.8180236816406	 65664.453125
39045592.0	 285.6297607421875	 361.3135070800781	 65636.953125
39045696.0	 283.22064208984375	 387.7854309082031	 74503.59375
39045788.0	 293.25372314453125	 336.638671875	 50105.40625
39045884.0	 293.05841064453125	 346.8704528808594	 53220.02734375
39045976.0	 296.0628356933594	 338.3513488769531	 48338.73828125
39046076.0	 292.8902587890625	 354.1692810058594	 55552.34375
39046168.0	 292.5290832519531	 337.84088134765625	 51495.8203125
39046264.0	 293.1268005371094	 343.0217590332031	 51909.73046875
39046356.0	 293.72125244140625	 339.4783020019531	 51259.14453125
39046456.0	 297.4403991699219	 319.967529296875	 52469.94140625
39046548.0	 294.2475891113281	 336.5458068847656	 50633.6796875
39046640.0	 296.6692810058594	 350.64532470703125	 51701.3984375
39046736.0	 291.01348876953125	 334.0779724121094	 50671.1015625
39046832.0	 291.219970703125	 345.0683898925781	 57230.9296875
39046928.0	 287.5348205566406	 334.9784240722656	 60680.796875
39047020.0	 288.1587829589844	 335.738525390625	 55440.2421875
39047116.0	 288.0052490234375	 354.50616455078125	 62511.2109375
39047212.0	 285.93792724609375	 338.293701171875	 59610.59375
39047308.0	 287.7722473144531	 339.03985595703125	 59223.2109375
39047404.0	 286.51373291015625	 329.5909118652344	 64161.12109375
39047496.0	 290.6063537597656	 323.9302673339844	 60800.48828125
39047596.0	 286.9594421386719	 337.0962219238281	 64346.8125
39047688.0	 286.2235107421875	 329.6354675292969	 67491.34375
39047784.0	 283.6133728027344	 324.34393310546875	 72239.9765625
39047876.0	 286.1246337890625	 339.0858154296875	 70185.4375
39048068.0	 283.8832092285156	 345.63299560546875	 85635.2265625
39048164.0	 285.8276672363281	 358.3188171386719	 73739.46875
39048256.0	 291.5443115234375	 323.9435119628906	 58814.5
39048352.0	 291.7493896484375	 331.6259765625	 58620.125
39048448.0	 290.0909729003906	 300.64459228515625	 47224.703125
39048544.0	 283.5788879394531	 357.5024108886719	 62132.8046875
39048636.0	 282.223876953125	 360.6737976074219	 67221.046875
39048732.0	 283.03973388671875	 370.8724365234375	 73791.0625
39048828.0	 283.38568115234375	 344.2386169433594	 59736.39453125
39048924.0	 281.2438659667969	 327.66455078125	 67553.1328125
39049020.0	 278.68707275390625	 326.6815490722656	 74062.03125
39049116.0	 280.5537414550781	 296.0393371582031	 67020.9375
39049304.0	 275.0416259765625	 319.00390625	 80736.40625
39049400.0	 282.369140625	 370.01202392578125	 72755.6796875
39049496.0	 289.3851318359375	 330.6769714355469	 55819.234375
39049592.0	 297.5599060058594	 334.9296569824219	 53559.5703125
39049684.0	 300.53924560546875	 325.38128662109375	 51234.546875
39049780.0	 300.26861572265625	 339.4554443359375	 54268.12109375
39049876.0	 307.9403381347656	 317.921142578125	 50928.640625
39049972.0	 310.8621520996094	 289.44512939453125	 48633.40234375
39050064.0	 310.25750732421875	 326.8662414550781	 60191.375
39050160.0	 318.1143493652344	 311.5757141113281	 77614.2109375
39050256.0	 301.6045227050781	 304.4976501464844	 46764.796875
39050352.0	 293.40142822265625	 259.8207092285156	 43972.4765625
39050444.0	 297.7121887207031	 326.8626708984375	 50340.87890625
39050536.0	 279.72607421875	 315.489013671875	 63556.671875
39050636.0	 287.61798095703125	 341.4734802246094	 58123.59375
39050732.0	 286.695068359375	 345.0752868652344	 62260.32421875
39050824.0	 290.01483154296875	 336.650390625	 59493.34375
39050920.0	 295.521728515625	 345.3768310546875	 57855.5546875
39051016.0	 293.24420166015625	 321.1456298828125	 49633.8046875
39051204.0	 286.13507080078125	 328.4144287109375	 82383.8984375
39051300.0	 285.9676818847656	 329.0981750488281	 55577.55859375
39051396.0	 293.0758361816406	 340.7841796875	 52736.08203125
39051492.0	 294.0533752441406	 322.2792053222656	 52574.96875
39051584.0	 293.9155578613281	 314.7165222167969	 47436.08203125
39051680.0	 290.8592529296875	 348.61517333984375	 57554.48828125
39051780.0	 285.69000244140625	 343.5816955566406	 60721.81640625
39051872.0	 293.81402587890625	 297.05560302734375	 44040.04296875
39051964.0	 291.5141906738281	 325.3922424316406	 51236.39453125
39052060.0	 293.53253173828125	 329.69183349609375	 47431.62109375
39052160.0	 293.2587585449219	 329.3976135253906	 46334.640625
39052252.0	 294.8501892089844	 321.113525390625	 48602.2734375
39052344.0	 288.1275634765625	 316.1686096191406	 51725.75
39052440.0	 294.4493408203125	 334.6260986328125	 51983.2890625
39052540.0	 295.2315979003906	 317.3297119140625	 48727.703125
39052632.0	 292.72845458984375	 308.7860412597656	 50893.70703125
39052728.0	 287.65631103515625	 288.6639099121094	 48992.140625
39052820.0	 282.138427734375	 298.5489501953125	 61397.5234375
39052920.0	 278.29278564453125	 310.2281494140625	 66789.5859375
39053012.0	 280.7947082519531	 306.3167419433594	 59341.20703125
39053108.0	 280.2503662109375	 313.70220947265625	 64821.75390625
39053200.0	 281.9384765625	 323.2191467285156	 67492.6640625
39053300.0	 280.4463195800781	 321.955810546875	 70882.4453125
39053392.0	 273.9903259277344	 309.9295959472656	 82723.796875
39053488.0	 280.8912048339844	 320.90533447265625	 74170.0390625
39053580.0	 272.8048400878906	 310.14794921875	 77634.2265625
39053680.0	 273.4883728027344	 294.95233154296875	 75040.03125
39053772.0	 276.1103820800781	 305.5248107910156	 72537.6015625
39053868.0	 271.4864501953125	 309.5849304199219	 82775.0859375
39053960.0	 274.2276611328125	 326.3211669921875	 77296.2421875
39054060.0	 270.7181701660156	 308.4815673828125	 92995.375
39054156.0	 270.8616638183594	 313.8797912597656	 80732.7265625
39054440.0	 276.1366271972656	 300.7261657714844	 67330.1796875
39054536.0	 273.37109375	 315.7564392089844	 85702.765625
39054628.0	 273.5349426269531	 307.6591491699219	 75244.375
39054724.0	 274.58001708984375	 309.3415222167969	 70399.6328125
39054820.0	 274.5201721191406	 318.553955078125	 71233.984375
39054916.0	 273.74298095703125	 313.72283935546875	 77006.390625
39055008.0	 273.0283203125	 308.6024475097656	 77580.609375
39055104.0	 277.7340087890625	 312.55621337890625	 70394.3671875
39055200.0	 277.0616760253906	 314.2517395019531	 68149.6328125
39055388.0	 272.05059814453125	 311.8956298828125	 80684.828125
39055480.0	 277.7785339355469	 325.3210754394531	 73150.375
39055580.0	 279.1248474121094	 325.43585205078125	 78882.3203125
39055676.0	 278.5323181152344	 317.32659912109375	 74531.3125
39055768.0	 273.3114013671875	 316.6590576171875	 82319.359375
39055864.0	 274.2372741699219	 316.0028381347656	 80682.4453125
39055960.0	 273.3515625	 322.3338928222656	 89332.359375
39056056.0	 275.4412841796875	 309.47369384765625	 82163.5703125
39056152.0	 274.0960693359375	 302.18878173828125	 85560.2734375
39056244.0	 275.19403076171875	 305.9964599609375	 73174.34375
39056344.0	 272.5901184082031	 310.3266296386719	 83312.8671875
39056436.0	 273.3238220214844	 309.6064758300781	 86042.8359375
39056528.0	 272.9742431640625	 328.5699462890625	 89915.859375
39056624.0	 275.0307312011719	 308.3565673828125	 95586.8671875
39056724.0	 276.81219482421875	 315.0169677734375	 107924.640625
39056816.0	 277.68719482421875	 308.88787841796875	 91407.390625
39056908.0	 277.8580322265625	 316.3697814941406	 92394.8046875
39057004.0	 280.0613098144531	 320.65362548828125	 82692.796875
39057100.0	 279.62603759765625	 317.578857421875	 82416.0625
39057196.0	 279.05828857421875	 297.52825927734375	 74754.3671875
39057288.0	 277.6645202636719	 317.2997131347656	 80024.0
39057576.0	 281.9372863769531	 322.9323425292969	 74016.5859375
39057672.0	 281.95452880859375	 320.87908935546875	 90806.1875
39057764.0	 282.571533203125	 312.93017578125	 90847.2109375
39057860.0	 282.4064636230469	 301.55712890625	 79111.796875
39057956.0	 282.87225341796875	 323.1305847167969	 98256.453125
39058052.0	 286.0014953613281	 306.2037658691406	 87525.265625
39058144.0	 280.6473693847656	 304.3147888183594	 100728.1796875
39058240.0	 282.027587890625	 314.01312255859375	 86613.078125
39058336.0	 280.7449645996094	 299.07537841796875	 94381.8671875
39058432.0	 274.2297668457031	 326.2046813964844	 103771.1640625
39058528.0	 277.085205078125	 301.89605712890625	 101779.84375
39058620.0	 276.9489440917969	 310.9137268066406	 97021.1875
39058716.0	 277.42236328125	 308.2754821777344	 102662.78125
39058808.0	 278.5264587402344	 309.43585205078125	 95952.078125
39058908.0	 282.6685485839844	 309.6528015136719	 98422.3203125
39059000.0	 282.8875732421875	 326.5523376464844	 106611.328125
39059096.0	 306.1762390136719	 286.4765625	 74773.84375
39059192.0	 308.604736328125	 291.6126403808594	 79032.5234375
39059288.0	 308.0675354003906	 265.6065368652344	 69262.7421875
39059380.0	 298.3099060058594	 295.8671875	 69086.078125
39059480.0	 299.1423645019531	 320.69189453125	 80621.78125
39059572.0	 308.1218566894531	 276.9478454589844	 68282.2109375
39059668.0	 298.8524169921875	 285.6986999511719	 71494.3671875
39059760.0	 296.95159912109375	 311.3751220703125	 91876.546875
39059860.0	 304.5525207519531	 296.9540100097656	 75334.0078125
39059956.0	 306.2621765136719	 284.3230895996094	 74764.25
39060048.0	 307.6803894042969	 273.391357421875	 70469.8203125
39060140.0	 305.0171813964844	 290.1954345703125	 73319.09375
39060236.0	 301.83734130859375	 277.4685363769531	 68319.40625
39060332.0	 302.041259765625	 292.07421875	 78893.96875
39060428.0	 302.80462646484375	 288.8677062988281	 73851.09375
39060616.0	 296.6817626953125	 310.1705017089844	 130910.1171875
39060712.0	 303.39141845703125	 288.14166259765625	 74227.3828125
39060808.0	 300.413818359375	 300.0039367675781	 96119.8671875
39060904.0	 302.73370361328125	 289.3785095214844	 79143.0
39060996.0	 301.63372802734375	 292.8056945800781	 80134.96875
39061096.0	 301.21734619140625	 297.82684326171875	 82683.4765625
39061188.0	 302.5577697753906	 283.9563293457031	 77459.0
39061284.0	 304.25909423828125	 284.99774169921875	 71916.1484375
39061476.0	 302.0714111328125	 289.55902099609375	 66808.4765625
39061568.0	 304.18060302734375	 290.59185791015625	 71029.5625
39061664.0	 302.9965515136719	 282.90765380859375	 66911.4921875
39061756.0	 303.27935791015625	 288.56072998046875	 74871.59375
39061856.0	 304.0747375488281	 289.2768859863281	 70363.4453125
39061948.0	 304.8674621582031	 294.36444091796875	 68526.4140625
39062040.0	 306.7135314941406	 285.7926330566406	 54539.82421875
39062136.0	 305.2748107910156	 292.0072021484375	 60688.9453125
39062236.0	 305.54327392578125	 288.3205261230469	 63289.04296875
39062328.0	 303.5228271484375	 297.150634765625	 71535.296875
39062420.0	 303.4612731933594	 304.9588623046875	 56344.87109375
39062516.0	 305.60760498046875	 293.1624450683594	 60711.89453125
39062616.0	 301.2364501953125	 304.4259338378906	 96525.4140625
39062708.0	 304.44189453125	 294.0005187988281	 61537.74609375
39062804.0	 303.3099365234375	 289.0322570800781	 66008.2734375
39062896.0	 303.01251220703125	 299.7218017578125	 74370.1640625
39062996.0	 303.6044006347656	 290.17022705078125	 67849.9609375
39063088.0	 302.88201904296875	 290.03668212890625	 71608.890625
39063184.0	 303.7311706542969	 292.7298278808594	 73723.578125
39063280.0	 304.48675537109375	 294.1658630371094	 64100.59375
39063376.0	 304.09661865234375	 295.62841796875	 71710.75
39063468.0	 305.4161682128906	 294.8634948730469	 57588.6796875
39063564.0	 304.7872314453125	 294.3487243652344	 63872.44140625
39063756.0	 294.7753601074219	 329.57177734375	 110462.5859375
39063848.0	 303.2993469238281	 298.49224853515625	 64584.875
39063944.0	 303.8472595214844	 292.4646911621094	 58490.4453125
39064036.0	 303.2775573730469	 294.65936279296875	 56676.66796875
39064132.0	 307.3275451660156	 294.95452880859375	 60359.59765625
39064232.0	 304.9300231933594	 296.8665466308594	 59547.16015625
39064324.0	 308.6362609863281	 291.1424865722656	 55762.44140625
39064420.0	 307.456298828125	 293.1434631347656	 60225.7734375
39064512.0	 306.23028564453125	 289.63482666015625	 58189.6796875
39064612.0	 307.1378173828125	 289.60662841796875	 60026.3671875
39064708.0	 306.4587707519531	 292.0636901855469	 56905.60546875
39064800.0	 307.61199951171875	 298.13714599609375	 60056.11328125
39064892.0	 307.8451232910156	 293.0285949707031	 58853.390625
39064992.0	 309.04034423828125	 291.48846435546875	 59535.05078125
39065084.0	 308.8594665527344	 284.40252685546875	 66211.0546875
39065180.0	 307.8957214355469	 288.08026123046875	 63183.84375
39065272.0	 309.2254943847656	 287.27874755859375	 68643.359375
39065372.0	 304.9571838378906	 298.19305419921875	 60173.2578125
39065464.0	 302.9667663574219	 299.82183837890625	 71408.7109375
39065560.0	 305.7865295410156	 292.88604736328125	 62783.94921875
39065652.0	 305.7372131347656	 291.89996337890625	 67089.09375
39065752.0	 304.1916198730469	 307.0616149902344	 65567.2109375
39065844.0	 308.4833068847656	 285.8359375	 67189.96875
39065940.0	 305.4765319824219	 288.289306640625	 61628.015625
39066036.0	 307.3251037597656	 286.745849609375	 62687.796875
39066132.0	 306.8883361816406	 309.8210754394531	 72612.53125
39066228.0	 307.9854736328125	 287.18798828125	 62179.08203125
39066320.0	 307.86865234375	 290.08978271484375	 73262.7734375
39066416.0	 312.7440490722656	 280.0799865722656	 66025.25
39066508.0	 312.5440673828125	 272.3598937988281	 65355.01953125
39066608.0	 308.5672302246094	 290.6288757324219	 63882.56640625
39066700.0	 308.30133056640625	 281.8216247558594	 62729.63671875
39066888.0	 309.1880798339844	 302.56402587890625	 80241.71875
39066988.0	 298.66888427734375	 292.859619140625	 57450.8828125
39067080.0	 301.38134765625	 305.0054931640625	 60786.98828125
39067176.0	 305.0233459472656	 296.1598815917969	 58213.609375
39067268.0	 302.88861083984375	 306.9139709472656	 63880.9921875
39067368.0	 307.58013916015625	 306.0935974121094	 65574.703125
39067556.0	 309.8359375	 287.5143127441406	 68213.984375
39067652.0	 312.4779357910156	 282.945556640625	 63660.734375
39067748.0	 311.4134216308594	 280.29010009765625	 55911.453125
39067844.0	 311.8221435546875	 264.18701171875	 56968.05078125
39067936.0	 308.779296875	 292.94110107421875	 60940.5234375
39068032.0	 306.79638671875	 301.40142822265625	 59556.99609375
39068128.0	 307.38623046875	 288.90753173828125	 58808.93359375
39068224.0	 306.2098083496094	 298.0556335449219	 57942.15625
39068316.0	 305.1806335449219	 306.16815185546875	 57298.98046875
39068412.0	 301.5762939453125	 307.9921569824219	 69869.5546875
39068504.0	 305.07745361328125	 304.6278381347656	 58308.60546875
39068604.0	 301.6756591796875	 302.2806091308594	 59024.23046875
39068700.0	 304.63104248046875	 297.4600830078125	 56926.90625
39068792.0	 307.5413818359375	 292.8138427734375	 50829.515625
39068884.0	 303.8577880859375	 322.0119934082031	 61339.01171875
39068980.0	 305.3659362792969	 316.12481689453125	 61897.37109375
39069080.0	 303.0458679199219	 314.8620300292969	 66033.1953125
39069172.0	 305.265869140625	 308.41058349609375	 55912.41796875
39069264.0	 307.545166015625	 308.568359375	 60211.53125
39069364.0	 309.0870056152344	 309.78704833984375	 61730.19140625
39069460.0	 306.08648681640625	 320.7501525878906	 57470.390625
39069552.0	 307.9222106933594	 289.8876647949219	 50778.78515625
39069648.0	 306.1479187011719	 314.6854553222656	 56176.63671875
39069744.0	 308.04669189453125	 318.9324951171875	 67467.53125
39069840.0	 312.8961181640625	 291.2415771484375	 64120.26953125
39070028.0	 305.9725036621094	 332.31195068359375	 97567.8984375
39070120.0	 301.23077392578125	 313.7143249511719	 71457.0546875
39070220.0	 302.1866760253906	 300.91204833984375	 71922.546875
39070312.0	 299.19830322265625	 298.08551025390625	 64161.0
39070404.0	 300.3655090332031	 311.0360412597656	 58968.890625
39070500.0	 298.5865783691406	 306.331787109375	 60604.578125
39070600.0	 295.9485778808594	 323.5572204589844	 81105.3828125
39070692.0	 297.9919128417969	 309.65740966796875	 62697.37890625
39070784.0	 297.151123046875	 315.9364929199219	 72176.3125
39070880.0	 295.4566955566406	 319.7400207519531	 66248.0234375
39070980.0	 298.12567138671875	 306.6661682128906	 63597.015625
39071072.0	 300.4950866699219	 314.61883544921875	 66946.4296875
39071172.0	 298.669677734375	 311.6004333496094	 66463.7734375
39071264.0	 300.18115234375	 310.3302001953125	 64386.55078125
39071360.0	 303.4868469238281	 302.94940185546875	 59993.59765625
39071452.0	 299.42333984375	 308.68096923828125	 58010.76953125
39071548.0	 301.62982177734375	 308.4991149902344	 59686.1328125
39071644.0	 299.797607421875	 302.1526184082031	 61179.9140625
39071736.0	 300.7292785644531	 325.2094421386719	 64626.828125
39071832.0	 301.8548278808594	 295.1816101074219	 56117.296875
39071928.0	 301.7050476074219	 305.85382080078125	 59909.93359375
39072024.0	 299.07843017578125	 300.1318359375	 62470.65625
39072116.0	 295.9992370605469	 296.95758056640625	 55391.73828125
39072216.0	 291.88787841796875	 322.1532897949219	 69447.0859375
39072308.0	 292.53033447265625	 297.4961242675781	 61350.53515625
39072404.0	 287.680908203125	 316.20849609375	 73203.40625
39072496.0	 291.4927978515625	 307.63702392578125	 64914.828125
39072596.0	 291.4383544921875	 307.83837890625	 67881.7109375
39072692.0	 290.5342712402344	 314.8847351074219	 63618.45703125
39072784.0	 293.196044921875	 300.9151611328125	 58362.515625
39072876.0	 292.7918395996094	 309.0145568847656	 60928.4140625
39072976.0	 292.8760681152344	 314.7492980957031	 66721.6484375
39073164.0	 286.69769287109375	 333.0295104980469	 109878.890625
39073256.0	 291.32421875	 326.2212829589844	 67745.6328125
39073352.0	 292.00445556640625	 330.7079162597656	 78750.0234375
39073452.0	 296.7562255859375	 305.8362121582031	 62387.82421875
39073640.0	 296.26263427734375	 316.68084716796875	 69807.9921875
39073732.0	 296.8685607910156	 307.15679931640625	 59689.37890625
39073832.0	 295.39752197265625	 316.9254150390625	 66453.4765625
39073924.0	 295.0591735839844	 304.56976318359375	 58219.78515625
39074020.0	 291.3022155761719	 322.8202819824219	 76149.0625
39074112.0	 295.8526916503906	 308.5713195800781	 64382.16796875
39074212.0	 296.9583740234375	 299.0054931640625	 58240.1953125
39074304.0	 297.2814025878906	 307.4300842285156	 60816.26171875
39074400.0	 298.1383972167969	 309.2417907714844	 62728.578125
39074496.0	 301.2735595703125	 296.2070617675781	 56572.61328125
39074592.0	 300.9995422363281	 303.09967041015625	 63237.5546875
39074688.0	 297.1504211425781	 304.64556884765625	 64334.95703125
39074780.0	 298.11968994140625	 309.4283142089844	 64992.1015625
39074876.0	 294.84197998046875	 316.2283935546875	 65267.15625
39074968.0	 305.7303466796875	 312.9335021972656	 65860.96875
39075068.0	 307.3000183105469	 297.3678894042969	 59234.4453125
39075160.0	 306.9701843261719	 315.4440612792969	 60304.19140625
39075256.0	 305.1298828125	 315.1969909667969	 61412.0625
39075348.0	 304.5347595214844	 305.7872314453125	 55065.17578125
39090412.0	 309.15380859375	 271.17791748046875	 57839.296875
39090508.0	 309.0650634765625	 275.8877258300781	 64443.48828125
39090600.0	 308.2905578613281	 265.78192138671875	 54155.3359375
