START:	 25.0
END:	 25.5

r [km]	 vr [km/s]	 np [cm-3]	 T [K]
17696146.0	 230.97901916503906	 3018.789794921875	 77561.8203125
17696126.0	 228.76992797851562	 3064.096923828125	 80645.7109375
17692798.0	 233.23492431640625	 2716.434814453125	 82481.9375
17692776.0	 233.1702880859375	 2769.068115234375	 89395.1796875
17692756.0	 235.34593200683594	 2666.292724609375	 82854.328125
17692734.0	 232.4847412109375	 2685.611572265625	 86797.6171875
17692712.0	 233.3566436767578	 2989.87451171875	 88678.21875
17692650.0	 234.20079040527344	 2624.822509765625	 88779.4609375
17439414.0	 253.1097412109375	 2042.033935546875	 93285.734375
17439394.0	 250.7552032470703	 2157.854248046875	 91863.6875
17439374.0	 247.62979125976562	 2171.324462890625	 89856.9375
17740236.0	 335.4711608886719	 233.37838745117188	 224363.3125
17740208.0	 331.5910339355469	 233.54051208496094	 218714.0625
17740178.0	 336.739013671875	 244.817626953125	 193019.46875
17740150.0	 330.94464111328125	 239.59011840820312	 258542.875
17740122.0	 329.8016052246094	 223.4017791748047	 245259.65625
17740094.0	 327.1792297363281	 255.19927978515625	 265294.53125
17740064.0	 332.2221984863281	 221.65277099609375	 214806.3125
17740036.0	 332.53582763671875	 245.90499877929688	 270033.65625
17739978.0	 330.8536682128906	 232.36439514160156	 258313.59375
17739948.0	 332.17755126953125	 218.95521545410156	 258229.625
17739922.0	 332.68048095703125	 232.320068359375	 249272.71875
17739892.0	 336.5130920410156	 211.9954833984375	 190456.5
17739862.0	 333.89813232421875	 260.9385070800781	 252404.84375
17739834.0	 339.12689208984375	 217.3275909423828	 191627.640625
17739804.0	 331.2312927246094	 223.73165893554688	 257474.359375
17739776.0	 335.7535400390625	 245.9693145751953	 240424.921875
17739748.0	 334.3952941894531	 233.41925048828125	 233259.796875
17739720.0	 339.02484130859375	 221.21331787109375	 207588.578125
17739690.0	 335.06884765625	 219.5735626220703	 255909.453125
17739662.0	 333.3408508300781	 240.55828857421875	 257899.140625
17739632.0	 337.2493591308594	 244.00271606445312	 219542.875
17739604.0	 338.0971984863281	 211.10227966308594	 198970.390625
17739576.0	 333.9923095703125	 223.7485809326172	 233241.15625
17739546.0	 335.5125427246094	 211.02354431152344	 203216.40625
17739520.0	 333.010498046875	 231.1332244873047	 235139.203125
17739488.0	 329.6543884277344	 246.09967041015625	 249642.1875
17739316.0	 328.6634826660156	 217.51223754882812	 204932.9375
17739288.0	 331.3441467285156	 230.98497009277344	 190218.921875
17739258.0	 325.2216491699219	 240.91212463378906	 238174.890625
17739230.0	 331.60736083984375	 224.09107971191406	 191849.109375
17739202.0	 333.79644775390625	 238.73245239257812	 192228.75
17739172.0	 330.89068603515625	 249.0923309326172	 203154.8125
17739144.0	 332.0715637207031	 223.15875244140625	 204194.015625
17739116.0	 332.538330078125	 205.73387145996094	 208482.21875
17739088.0	 327.0941162109375	 237.81358337402344	 243694.015625
17739056.0	 324.7123107910156	 230.79360961914062	 264053.59375
17739030.0	 332.143798828125	 211.57376098632812	 200438.90625
17739000.0	 328.8988037109375	 234.2017822265625	 221832.15625
17738972.0	 330.077880859375	 231.93560791015625	 223668.625
17738942.0	 339.3528747558594	 231.99610900878906	 179617.265625
17738914.0	 330.7417907714844	 256.8017883300781	 252033.5
17738884.0	 325.9046325683594	 232.25315856933594	 263480.78125
17738856.0	 328.8653869628906	 242.70497131347656	 242988.875
17738828.0	 330.41168212890625	 230.9207000732422	 232713.8125
17738798.0	 328.4034729003906	 238.36680603027344	 261245.5
17738772.0	 328.4046936035156	 226.37765502929688	 250071.75
17738740.0	 329.49334716796875	 236.03517150878906	 245805.796875
17738714.0	 334.8335876464844	 237.21353149414062	 196870.140625
17738684.0	 331.37005615234375	 229.93515014648438	 216065.21875
17738656.0	 326.71246337890625	 234.40762329101562	 256722.9375
17738626.0	 332.0477294921875	 230.5741424560547	 213165.03125
17738598.0	 333.26373291015625	 220.62234497070312	 196153.84375
17738568.0	 330.31341552734375	 222.53598022460938	 235065.1875
17738540.0	 327.7758483886719	 247.44090270996094	 256440.390625
17738424.0	 332.90472412109375	 223.27496337890625	 195260.421875
17738396.0	 329.1587219238281	 269.5624694824219	 240255.28125
17738368.0	 329.94842529296875	 224.3889923095703	 225115.234375
17738338.0	 336.085205078125	 211.86241149902344	 180249.796875
17738310.0	 334.5083923339844	 227.4541473388672	 198239.84375
17738282.0	 328.07965087890625	 250.43515014648438	 265726.46875
17738252.0	 332.7604064941406	 228.13987731933594	 228087.703125
17738224.0	 335.2254333496094	 227.67645263671875	 208859.96875
17738194.0	 333.5894470214844	 232.14471435546875	 218490.921875
17738166.0	 330.15533447265625	 242.07318115234375	 251739.484375
17738138.0	 327.775146484375	 250.27972412109375	 281158.90625
17738110.0	 336.6125793457031	 245.22979736328125	 196016.140625
17738082.0	 335.8619384765625	 236.80303955078125	 212997.921875
17738052.0	 327.7292785644531	 237.02792358398438	 275902.4375
17738024.0	 336.4903259277344	 229.32545471191406	 198594.859375
17737992.0	 334.6915588378906	 220.9975128173828	 208904.3125
17737966.0	 328.9106140136719	 253.3684539794922	 245988.0625
17737936.0	 335.6714782714844	 223.2661590576172	 188642.359375
17737908.0	 333.8481140136719	 229.94219970703125	 206555.34375
17737878.0	 333.3463134765625	 226.9135284423828	 202821.796875
17737850.0	 333.71728515625	 217.41278076171875	 197245.25
17737792.0	 333.3337707519531	 231.06857299804688	 210715.78125
17737764.0	 336.5965576171875	 227.50839233398438	 177880.0
17737734.0	 332.1331787109375	 233.21690368652344	 222488.53125
17737678.0	 333.3380126953125	 219.53150939941406	 212672.6875
17737650.0	 336.216064453125	 213.9887237548828	 187494.03125
17737620.0	 331.0926513671875	 234.3931427001953	 227354.828125
17737592.0	 334.5809326171875	 219.2561798095703	 201906.234375
17737562.0	 331.79888916015625	 217.48716735839844	 226754.0625
17737504.0	 324.635986328125	 252.45948791503906	 297941.6875
17737478.0	 332.5546875	 226.94285583496094	 214685.09375
17737446.0	 328.8047790527344	 237.78819274902344	 261432.984375
17737420.0	 327.2795715332031	 256.3712158203125	 261801.65625
17737392.0	 332.4302062988281	 223.90684509277344	 226424.0625
17737360.0	 328.0641174316406	 236.95187377929688	 254962.6875
17737332.0	 332.024169921875	 219.71273803710938	 206237.421875
17737304.0	 330.5810852050781	 230.6296844482422	 238082.765625
17737276.0	 327.64300537109375	 236.7967987060547	 253630.40625
17737246.0	 332.4541320800781	 229.044677734375	 201193.40625
17737218.0	 328.6745910644531	 246.44212341308594	 247820.734375
17737188.0	 329.44134521484375	 227.7982635498047	 235107.625
17737160.0	 330.486083984375	 238.19754028320312	 248093.359375
17737130.0	 328.7872314453125	 232.90939331054688	 236296.859375
17737104.0	 327.14056396484375	 233.2038116455078	 248331.21875
17737074.0	 332.4219665527344	 215.95867919921875	 196082.609375
17737044.0	 333.3943176269531	 220.46742248535156	 195062.078125
17737016.0	 328.1401062011719	 225.7052764892578	 228294.828125
17736988.0	 330.6409606933594	 213.9141845703125	 209044.953125
17736960.0	 335.4242248535156	 218.05575561523438	 183868.828125
17736930.0	 334.048095703125	 225.87393188476562	 197232.984375
17736904.0	 329.2801208496094	 265.2754821777344	 251278.625
17736872.0	 333.5886535644531	 206.22259521484375	 182892.46875
17736844.0	 331.047607421875	 220.69764709472656	 207861.734375
17736816.0	 331.55657958984375	 224.0992889404297	 221767.671875
17736786.0	 335.0716552734375	 226.73550415039062	 189824.28125
17736756.0	 331.6146240234375	 227.59756469726562	 189515.515625
17736728.0	 328.1541748046875	 232.1367645263672	 240473.75
17736700.0	 330.292724609375	 220.3809051513672	 195681.078125
17736672.0	 329.02392578125	 226.35235595703125	 218545.3125
17736642.0	 324.9278564453125	 231.3548126220703	 249375.25
17736556.0	 329.6186828613281	 217.63589477539062	 201623.84375
17736528.0	 330.4002990722656	 240.11048889160156	 210621.828125
17736500.0	 326.1893310546875	 225.89305114746094	 223247.546875
17736470.0	 330.8465576171875	 217.3715057373047	 191389.328125
17736440.0	 327.73590087890625	 223.59498596191406	 231328.703125
17736414.0	 330.1259460449219	 224.92486572265625	 214772.484375
17736326.0	 328.7347412109375	 228.06031799316406	 229974.09375
17736298.0	 334.3167419433594	 213.72300720214844	 198586.640625
17736268.0	 337.70318603515625	 218.872314453125	 188019.84375
17736240.0	 327.8218688964844	 226.7088623046875	 246419.78125
17736212.0	 330.91021728515625	 236.17279052734375	 221487.15625
17736182.0	 329.03192138671875	 232.73553466796875	 246137.84375
17736154.0	 334.1928405761719	 225.4546356201172	 190232.015625
17736124.0	 330.73974609375	 232.62461853027344	 208298.578125
17736038.0	 332.5741882324219	 220.2985382080078	 197851.59375
17736010.0	 331.165771484375	 213.79287719726562	 194152.90625
17735894.0	 328.4331970214844	 218.73916625976562	 229765.5625
17735866.0	 329.67742919921875	 215.3790283203125	 211160.953125
17735836.0	 326.85797119140625	 238.60385131835938	 241713.453125
17735808.0	 330.5341796875	 230.18394470214844	 211227.953125
17735780.0	 336.4164733886719	 230.00502014160156	 190124.796875
17735752.0	 330.5657043457031	 235.53297424316406	 208073.03125
17735724.0	 330.3555908203125	 211.71719360351562	 219129.515625
17735694.0	 331.99920654296875	 214.74197387695312	 189804.515625
17735578.0	 328.7353515625	 255.8002471923828	 256405.171875
17735552.0	 334.2993469238281	 213.06092834472656	 195916.734375
17735522.0	 334.6559143066406	 213.8087158203125	 188511.109375
17735492.0	 334.2547302246094	 236.6636962890625	 199663.65625
17735462.0	 338.2563171386719	 226.27603149414062	 175428.734375
17735434.0	 328.7112121582031	 239.63571166992188	 243188.140625
17735406.0	 330.8563537597656	 244.56109619140625	 229084.140625
17735378.0	 334.4538879394531	 221.0355224609375	 190472.328125
17735350.0	 325.0576171875	 235.91287231445312	 263895.21875
17735320.0	 328.3085021972656	 239.1778106689453	 250183.171875
17735292.0	 335.2770080566406	 215.82777404785156	 183166.71875
17735262.0	 333.39825439453125	 218.5928955078125	 203220.84375
17735234.0	 331.4938049316406	 220.8150177001953	 215816.984375
17735204.0	 329.0380554199219	 240.998046875	 248438.28125
17735176.0	 331.72296142578125	 248.32293701171875	 239539.140625
17735148.0	 335.9145812988281	 226.72805786132812	 201377.0625
17735120.0	 331.21954345703125	 232.12673950195312	 226616.265625
17735090.0	 333.5098571777344	 212.53173828125	 189646.453125
17735062.0	 331.43011474609375	 238.2457733154297	 215973.0
17735032.0	 329.61065673828125	 222.98268127441406	 219319.4375
17735004.0	 333.1783142089844	 208.4921112060547	 183608.25
17734976.0	 328.9833068847656	 218.7340087890625	 233016.515625
17734946.0	 328.533203125	 228.6269073486328	 234036.71875
17734918.0	 330.37786865234375	 247.3211212158203	 211595.453125
17734888.0	 333.7589111328125	 222.3394317626953	 191808.875
17734860.0	 334.7774353027344	 226.42892456054688	 190580.453125
17734830.0	 327.7446594238281	 229.60704040527344	 248368.09375
17734746.0	 329.99578857421875	 228.22515869140625	 250277.71875
17734630.0	 332.6849060058594	 232.4182891845703	 213123.578125
17734600.0	 330.15087890625	 243.62155151367188	 254910.171875
17734572.0	 336.317626953125	 224.9081573486328	 181621.40625
17734544.0	 337.5617980957031	 235.07342529296875	 185419.171875
17734514.0	 331.0789489746094	 232.6696014404297	 223365.125
17734488.0	 329.9447326660156	 247.1234588623047	 237605.015625
17734456.0	 326.7767333984375	 264.5753479003906	 257420.140625
17734430.0	 331.27154541015625	 236.50006103515625	 221533.734375
17734400.0	 330.0987854003906	 251.61270141601562	 259512.921875
17734372.0	 329.6231994628906	 243.31097412109375	 246401.9375
17734342.0	 329.6009521484375	 235.5066680908203	 243183.484375
17734314.0	 327.81036376953125	 250.95266723632812	 280213.90625
17734284.0	 329.6641845703125	 231.26353454589844	 256428.046875
17734256.0	 334.1832275390625	 228.84840393066406	 210441.515625
17734226.0	 331.2865905761719	 228.48104858398438	 234958.046875
17734198.0	 332.5090026855469	 240.59349060058594	 228294.0
17734168.0	 330.24249267578125	 236.14151000976562	 258203.46875
17734140.0	 334.62933349609375	 242.04730224609375	 235026.546875
17734112.0	 339.9007263183594	 211.13014221191406	 176760.46875
17734084.0	 327.9384460449219	 229.0705108642578	 266734.78125
17734056.0	 330.7541809082031	 256.8974304199219	 255893.0
17733968.0	 335.134765625	 231.2366485595703	 218983.875
17733940.0	 331.6905517578125	 237.90147399902344	 235314.15625
17733910.0	 329.9736022949219	 245.53904724121094	 249607.90625
17733884.0	 328.2679443359375	 252.68026733398438	 265306.0
17733854.0	 333.9548034667969	 215.76255798339844	 214993.9375
17733826.0	 329.112060546875	 234.01007080078125	 260054.578125
17733796.0	 333.631103515625	 213.52728271484375	 213781.484375
17733624.0	 336.0298767089844	 219.65325927734375	 206722.15625
17733594.0	 329.4806823730469	 232.61581420898438	 265792.375
17733566.0	 329.2183837890625	 234.744384765625	 255826.078125
17733538.0	 330.6645202636719	 240.69796752929688	 224583.546875
17733480.0	 325.7832336425781	 231.9011993408203	 271967.84375
17733422.0	 326.7336730957031	 231.86526489257812	 272412.40625
17733394.0	 329.953369140625	 223.33303833007812	 248919.265625
17733336.0	 334.6332702636719	 209.55813598632812	 203598.5
17733306.0	 333.70013427734375	 231.3198699951172	 210778.40625
17733278.0	 332.2454833984375	 221.913330078125	 238200.640625
17733222.0	 339.8294372558594	 212.90711975097656	 178070.21875
17733194.0	 334.4770812988281	 206.6775665283203	 191444.765625
17733164.0	 334.4312438964844	 210.53184509277344	 194610.859375
17733136.0	 327.4119567871094	 240.62115478515625	 270852.0625
17733106.0	 331.5858154296875	 237.202880859375	 237854.484375
17733078.0	 333.11480712890625	 227.14169311523438	 231674.515625
17733048.0	 335.5498352050781	 219.75967407226562	 208177.0625
17733020.0	 331.46856689453125	 234.91171264648438	 245498.6875
17732990.0	 328.4957275390625	 245.3044891357422	 277444.875
17732962.0	 333.1522521972656	 217.95001220703125	 224175.5
17732932.0	 334.14825439453125	 213.1611328125	 212384.671875
17732904.0	 329.00421142578125	 226.05564880371094	 270483.90625
17732876.0	 333.796142578125	 242.67587280273438	 200242.03125
17732732.0	 331.2786865234375	 231.20782470703125	 242094.5
17732704.0	 332.27178955078125	 211.31808471679688	 220408.3125
17732676.0	 331.7789001464844	 222.85069274902344	 239794.734375
17732646.0	 332.4716796875	 242.59951782226562	 225099.828125
17732618.0	 334.4499206542969	 211.98635864257812	 230889.765625
17732590.0	 330.8494567871094	 234.5687255859375	 226764.796875
17732560.0	 327.8811340332031	 252.29319763183594	 262784.40625
17732504.0	 332.8995666503906	 232.10244750976562	 227647.125
17732474.0	 328.51348876953125	 222.29803466796875	 260206.640625
17732444.0	 336.6807556152344	 218.59690856933594	 196433.921875
17732418.0	 332.5672302246094	 230.63536071777344	 232196.34375
17732386.0	 331.0373840332031	 228.48074340820312	 264454.375
17732358.0	 326.4736633300781	 231.84786987304688	 283725.625
17732330.0	 331.0913391113281	 224.45172119140625	 279797.46875
17732302.0	 336.90338134765625	 232.95587158203125	 226623.96875
17732274.0	 337.53387451171875	 229.2079315185547	 205530.421875
17732242.0	 330.5265197753906	 246.15020751953125	 277154.21875
17732216.0	 333.9501647949219	 221.0308837890625	 246407.125
17732186.0	 330.0379333496094	 233.1621856689453	 272561.15625
17732158.0	 328.76104736328125	 230.20716857910156	 285131.0625
17732128.0	 328.6871643066406	 229.07994079589844	 287014.5
17732102.0	 338.45721435546875	 209.59396362304688	 186921.015625
17732070.0	 333.2139587402344	 221.9861297607422	 247108.421875
17732042.0	 334.4483642578125	 212.03848266601562	 222849.671875
17732014.0	 331.93939208984375	 219.74566650390625	 253022.875
17731986.0	 336.08154296875	 206.52960205078125	 210027.921875
17731928.0	 335.142578125	 218.4181365966797	 217834.890625
17731898.0	 331.9809265136719	 220.462158203125	 263741.28125
17731784.0	 332.90087890625	 225.53712463378906	 230097.9375
17731754.0	 331.95428466796875	 224.97303771972656	 227398.4375
17731726.0	 327.17108154296875	 240.90321350097656	 283180.09375
17731698.0	 337.5831298828125	 206.40957641601562	 188834.546875
17731668.0	 327.1380615234375	 239.89833068847656	 271732.0
17731640.0	 330.4087829589844	 232.93638610839844	 261775.515625
17731612.0	 332.79779052734375	 214.61114501953125	 238279.984375
17731582.0	 335.901123046875	 208.6667022705078	 212195.03125
17731554.0	 331.11993408203125	 235.27259826660156	 251116.578125
17731524.0	 335.8702697753906	 208.14158630371094	 204233.390625
17731496.0	 336.8765869140625	 222.9307861328125	 202370.984375
17731466.0	 336.0876770019531	 208.86016845703125	 191162.796875
17731410.0	 333.42535400390625	 211.49127197265625	 210927.3125
17731382.0	 331.4226989746094	 224.1518096923828	 210759.3125
17731324.0	 333.3471374511719	 203.3158721923828	 177843.59375
17731296.0	 326.7029113769531	 230.48272705078125	 267832.78125
17731266.0	 332.7900695800781	 220.73822021484375	 219880.1875
17731240.0	 327.06524658203125	 235.86990356445312	 261618.84375
17731180.0	 329.4902648925781	 211.48580932617188	 229577.0
17731150.0	 333.8780212402344	 227.5244598388672	 223556.015625
17731008.0	 328.8633728027344	 226.07037353515625	 261889.046875
17730978.0	 332.2638244628906	 227.53697204589844	 222823.625
17730950.0	 333.5602722167969	 219.97837829589844	 222069.203125
17730864.0	 326.604736328125	 239.5762176513672	 274422.9375
17730836.0	 328.70782470703125	 250.58204650878906	 266007.0
17730750.0	 337.8879699707031	 207.80250549316406	 186215.4375
17730720.0	 334.8717956542969	 223.83609008789062	 227689.765625
17730692.0	 335.6056823730469	 221.5535888671875	 206605.5
17730662.0	 332.72003173828125	 216.7139434814453	 242338.015625
17730634.0	 330.7472839355469	 222.45237731933594	 245459.078125
17730606.0	 332.12518310546875	 225.19296264648438	 213200.90625
17730548.0	 329.9588928222656	 205.9510955810547	 215734.5625
17730488.0	 324.6976013183594	 212.4625244140625	 255219.234375
17730462.0	 329.2948913574219	 213.10098266601562	 208572.328125
17730432.0	 325.6121826171875	 211.60997009277344	 215732.625
17730318.0	 325.6360778808594	 223.7039031982422	 243222.6875
17730290.0	 330.0147399902344	 223.2717742919922	 221484.953125
17730260.0	 328.4593505859375	 232.22885131835938	 229050.640625
17730232.0	 331.8671875	 207.94154357910156	 193909.015625
17730204.0	 327.6657409667969	 212.48272705078125	 197951.125
17730174.0	 329.89312744140625	 201.00228881835938	 194277.953125
17730146.0	 330.1431579589844	 210.55630493164062	 189027.609375
17730116.0	 331.0152893066406	 209.8844757080078	 191961.375
17730088.0	 328.4748840332031	 209.65969848632812	 202740.6875
17730058.0	 325.9774475097656	 210.54725646972656	 213059.09375
17729886.0	 326.3289489746094	 222.65931701660156	 206072.53125
17729856.0	 324.5702819824219	 218.0021514892578	 225468.5
17729830.0	 324.6185302734375	 208.91592407226562	 216765.28125
17729800.0	 323.6539306640625	 235.50575256347656	 232734.484375
17729772.0	 324.7994689941406	 215.53970336914062	 226462.359375
17729742.0	 325.1214294433594	 222.589111328125	 209081.1875
17729714.0	 326.376220703125	 216.67694091796875	 212803.640625
17729684.0	 331.5014343261719	 213.7259521484375	 182630.515625
17729656.0	 322.19720458984375	 227.17430114746094	 236234.078125
17729628.0	 320.1053771972656	 227.81423950195312	 258775.75
17729600.0	 323.24176025390625	 226.63845825195312	 233510.0625
17729570.0	 330.37579345703125	 201.7829132080078	 180750.78125
17729542.0	 326.52655029296875	 216.33303833007812	 209590.40625
17729512.0	 322.6933898925781	 218.6256561279297	 233269.390625
17729484.0	 325.0929870605469	 213.503173828125	 230431.6875
17729454.0	 326.3006286621094	 226.74147033691406	 217946.484375
17729428.0	 324.7770690917969	 225.08798217773438	 241022.875
17729396.0	 330.5122985839844	 212.99952697753906	 188437.921875
17729370.0	 323.0115966796875	 235.19065856933594	 245848.125
17729340.0	 330.6589050292969	 208.63194274902344	 198056.40625
17729312.0	 320.4182434082031	 229.2612762451172	 250649.4375
17729284.0	 329.911376953125	 211.6232147216797	 183423.265625
17729254.0	 326.3125	 230.4448699951172	 227279.9375
17729226.0	 324.1072082519531	 212.5611572265625	 223994.546875
17729196.0	 329.918701171875	 205.0084228515625	 181795.65625
17729168.0	 327.7935791015625	 210.7154083251953	 177350.375
17729138.0	 323.76849365234375	 209.67047119140625	 198335.296875
17729110.0	 324.1576843261719	 220.77813720703125	 218908.015625
17729080.0	 327.14593505859375	 208.63929748535156	 189073.125
17729054.0	 324.6037902832031	 217.0154571533203	 204192.09375
17728852.0	 321.9634704589844	 219.30528259277344	 253720.515625
17728824.0	 328.4061584472656	 212.5377655029297	 192920.109375
17728794.0	 330.7662048339844	 211.71640014648438	 184140.59375
17728766.0	 320.81878662109375	 229.11236572265625	 232639.1875
17728738.0	 322.5235290527344	 223.06027221679688	 225229.703125
17728708.0	 323.3484191894531	 218.50375366210938	 234363.9375
17728650.0	 328.3135681152344	 214.1652069091797	 188182.375
17728622.0	 327.8969421386719	 215.74876403808594	 214203.578125
17728592.0	 329.8714599609375	 207.6103973388672	 183300.09375
17728508.0	 330.05303955078125	 212.6972198486328	 195818.5
17728476.0	 329.0102844238281	 202.67735290527344	 197984.296875
17728420.0	 323.6279602050781	 229.50677490234375	 241668.859375
17728362.0	 326.45111083984375	 223.30715942382812	 224145.921875
17728334.0	 328.10382080078125	 222.35777282714844	 210151.3125
17728304.0	 325.8555908203125	 225.49017333984375	 229163.40625
17728276.0	 327.7512512207031	 215.13571166992188	 209218.0625
17728248.0	 332.29315185546875	 213.91189575195312	 179741.046875
17728220.0	 331.4710693359375	 215.71881103515625	 176013.796875
17728192.0	 323.9405212402344	 224.1599884033203	 261144.6875
17728162.0	 332.00885009765625	 206.89195251464844	 188513.203125
17728134.0	 326.4444580078125	 208.88055419921875	 216874.6875
17728104.0	 330.1700134277344	 213.47525024414062	 189517.234375
17728076.0	 326.47003173828125	 219.297607421875	 241642.109375
17727960.0	 323.42218017578125	 233.66001892089844	 258323.046875
17727904.0	 324.6568298339844	 222.1989288330078	 246388.203125
17727874.0	 330.7010803222656	 213.2996368408203	 207776.40625
17727846.0	 333.1805419921875	 231.09996032714844	 200680.359375
17727816.0	 333.55419921875	 234.1966552734375	 201483.4375
17727788.0	 327.18914794921875	 241.0575408935547	 271440.0
17727758.0	 326.3013916015625	 238.24044799804688	 264769.03125
17727732.0	 329.2466735839844	 217.51170349121094	 232786.4375
17727700.0	 329.1884765625	 232.34706115722656	 259275.03125
17727672.0	 330.4926452636719	 224.7968292236328	 253177.65625
17727646.0	 327.4741516113281	 237.95558166503906	 266477.96875
17727614.0	 322.4969482421875	 237.5462646484375	 249221.84375
17727588.0	 331.0871276855469	 213.82899475097656	 202187.671875
17727558.0	 324.9057312011719	 217.8534393310547	 263546.375
17727500.0	 327.4863586425781	 217.56504821777344	 215368.59375
17727472.0	 326.1017150878906	 224.9015350341797	 227652.328125
17727444.0	 330.1395263671875	 211.8738555908203	 200183.9375
17727414.0	 327.7769470214844	 215.3866424560547	 224060.734375
17727384.0	 328.1074523925781	 208.2464141845703	 205108.59375
17727356.0	 329.7476501464844	 205.1619415283203	 205795.5625
17727328.0	 329.3769226074219	 221.41307067871094	 199796.625
17727300.0	 325.8614196777344	 221.9136505126953	 222983.859375
17727270.0	 326.48773193359375	 217.0361328125	 213236.4375
17727242.0	 325.271728515625	 218.0963592529297	 223709.140625
17727212.0	 327.6746826171875	 203.408447265625	 203990.25
17727184.0	 325.69818115234375	 217.0070343017578	 244354.40625
17727154.0	 330.7300720214844	 202.243896484375	 170727.46875
17727070.0	 330.4453430175781	 234.3975067138672	 249654.0
17727042.0	 329.2091369628906	 243.613525390625	 298047.21875
17727012.0	 333.0158996582031	 232.41275024414062	 267022.8125
17726984.0	 337.0107116699219	 229.07864379882812	 215371.046875
17726954.0	 330.635498046875	 240.84071350097656	 248825.203125
17726926.0	 327.1812438964844	 240.40585327148438	 274770.15625
17726896.0	 329.2266845703125	 235.55569458007812	 267056.46875
17726870.0	 332.44134521484375	 233.1327362060547	 227043.53125
17726840.0	 336.1611633300781	 219.43336486816406	 193881.90625
17726782.0	 329.6023254394531	 243.28512573242188	 258410.734375
17726752.0	 327.9820861816406	 223.8601531982422	 256312.984375
17726724.0	 335.4865417480469	 220.21282958984375	 203017.21875
17726694.0	 332.3604431152344	 238.56321716308594	 220253.375
17726666.0	 332.5089416503906	 218.15806579589844	 212470.296875
17726638.0	 330.810302734375	 219.18301391601562	 231254.328125
17726608.0	 331.75091552734375	 211.7777099609375	 211007.3125
17726580.0	 334.59027099609375	 207.03529357910156	 184948.140625
17726550.0	 327.7138977050781	 239.36683654785156	 281880.71875
17726494.0	 331.3778381347656	 223.31277465820312	 236628.15625
17726438.0	 335.6378173828125	 209.6971893310547	 186031.59375
17726408.0	 328.2106628417969	 230.5235595703125	 258843.28125
17726380.0	 329.1487731933594	 239.67916870117188	 240224.5625
17726350.0	 326.0567932128906	 255.26524353027344	 268168.75
17726292.0	 329.52716064453125	 241.89987182617188	 256314.25
17726234.0	 328.63958740234375	 233.8164520263672	 266639.84375
17726208.0	 328.49945068359375	 236.5293731689453	 253434.140625
17726004.0	 328.30596923828125	 235.03921508789062	 256882.671875
17725976.0	 334.7877197265625	 229.53512573242188	 202569.9375
17725948.0	 333.78704833984375	 216.53123474121094	 195799.296875
17725920.0	 331.3901672363281	 226.36370849609375	 220163.703125
17725890.0	 332.731201171875	 213.00482177734375	 199308.84375
17725862.0	 336.3585205078125	 213.06507873535156	 184312.046875
17725832.0	 330.2243957519531	 226.03997802734375	 244845.0625
17725804.0	 334.349609375	 212.00234985351562	 192641.3125
17725776.0	 334.4776916503906	 216.1029815673828	 190044.40625
17725748.0	 332.89324951171875	 219.3365020751953	 215980.421875
17725632.0	 334.6897888183594	 220.83055114746094	 213010.796875
17725604.0	 333.6539611816406	 214.87257385253906	 191736.46875
17725574.0	 327.8441467285156	 225.50634765625	 247047.84375
17725546.0	 329.7602233886719	 224.6337890625	 240095.75
17725516.0	 334.7138671875	 221.77496337890625	 191122.234375
17725490.0	 328.3607482910156	 217.25144958496094	 248593.75
17725458.0	 333.579833984375	 202.75299072265625	 189219.984375
17725430.0	 326.8819274902344	 218.98361206054688	 253553.125
17725402.0	 331.84869384765625	 220.963134765625	 216924.59375
17725372.0	 327.75872802734375	 229.27999877929688	 244547.65625
17725344.0	 332.35797119140625	 215.5344696044922	 195670.265625
17725316.0	 325.3895568847656	 231.74302673339844	 251394.5625
17725286.0	 331.2390441894531	 211.19554138183594	 191631.5
17725144.0	 328.67523193359375	 213.24766540527344	 205426.21875
17725086.0	 323.5300598144531	 226.3567657470703	 265236.40625
17725058.0	 332.4682922363281	 210.40789794921875	 211858.03125
17725030.0	 329.75390625	 215.3475341796875	 210488.109375
17725000.0	 331.691650390625	 218.8651123046875	 192394.625
17724970.0	 329.6804504394531	 214.6962890625	 204783.921875
17724942.0	 325.70233154296875	 229.1709747314453	 248527.375
17724912.0	 326.3641052246094	 239.3452606201172	 249038.6875
17724886.0	 326.8224182128906	 211.45126342773438	 235533.03125
17724854.0	 328.4355773925781	 237.00521850585938	 230935.59375
17724828.0	 331.9534912109375	 204.11851501464844	 202106.34375
17724798.0	 329.09539794921875	 234.6791534423828	 253416.1875
17724770.0	 329.2041320800781	 227.3153533935547	 263940.375
17724740.0	 330.2657775878906	 253.86279296875	 254999.953125
17724712.0	 330.9588623046875	 228.08326721191406	 237481.671875
17724682.0	 334.6412048339844	 210.36961364746094	 194839.3125
17724654.0	 330.2330322265625	 225.0376434326172	 218792.359375
17724624.0	 336.8841552734375	 219.44598388671875	 201214.078125
17724482.0	 334.5386962890625	 208.03294372558594	 207414.84375
17724452.0	 328.3658142089844	 230.81202697753906	 271370.78125
17724426.0	 337.0867004394531	 211.31375122070312	 193745.421875
17724396.0	 333.4322509765625	 211.21568298339844	 217857.328125
17724368.0	 335.6683349609375	 209.81666564941406	 201872.6875
17724340.0	 326.82501220703125	 223.08863830566406	 274442.9375
17724310.0	 331.6624755859375	 217.1313934326172	 217818.90625
17724194.0	 324.5277404785156	 233.0631103515625	 284905.90625
17724166.0	 326.47760009765625	 224.1319580078125	 278497.125
17724136.0	 336.781005859375	 205.81671142578125	 189706.828125
17724110.0	 330.9807434082031	 229.1144256591797	 246170.296875
17723994.0	 326.4706115722656	 225.4580078125	 274949.28125
17723964.0	 336.1014404296875	 200.29090881347656	 191646.703125
17723936.0	 332.3559265136719	 206.60528564453125	 230313.65625
17723906.0	 335.1883239746094	 227.79132080078125	 208910.328125
17723880.0	 334.05767822265625	 225.74940490722656	 226477.4375
17723822.0	 332.9034729003906	 203.3826446533203	 210085.53125
17723790.0	 326.4263000488281	 220.97633361816406	 274186.9375
17723764.0	 333.44256591796875	 206.2515106201172	 218971.5
17723734.0	 332.0776062011719	 223.48460388183594	 238905.859375
17723706.0	 332.3464660644531	 222.87744140625	 249447.0625
17723678.0	 334.71893310546875	 230.5822296142578	 222841.046875
17723648.0	 328.5836181640625	 237.20298767089844	 294978.875
17723590.0	 330.5438537597656	 235.15435791015625	 271961.8125
17723474.0	 328.6304626464844	 228.09222412109375	 269613.53125
17723448.0	 337.51251220703125	 199.0888671875	 192388.03125
17723418.0	 334.8058166503906	 205.13461303710938	 212638.59375
17723390.0	 327.564697265625	 219.06988525390625	 295288.75
17723360.0	 332.5151672363281	 216.49679565429688	 233760.25
17723276.0	 331.770263671875	 226.51795959472656	 261011.65625
17723218.0	 328.4923095703125	 221.1851806640625	 268898.03125
17723188.0	 330.79180908203125	 216.38137817382812	 242913.609375
17723160.0	 330.7733459472656	 220.5906219482422	 240464.4375
17723130.0	 332.1033935546875	 221.32093811035156	 236999.0
17723014.0	 330.6046447753906	 217.9510955810547	 255048.09375
17722988.0	 332.7983703613281	 218.75607299804688	 224665.578125
17722902.0	 328.5150146484375	 221.2924346923828	 266205.0625
17722872.0	 327.69293212890625	 239.56468200683594	 283377.375
17722844.0	 329.5373229980469	 228.00396728515625	 261854.71875
17722814.0	 335.7711181640625	 210.2974090576172	 203392.65625
17722786.0	 329.5466613769531	 229.33682250976562	 261258.109375
17722758.0	 330.2579040527344	 225.15341186523438	 268688.40625
17722700.0	 329.84295654296875	 211.2822265625	 264514.59375
17722672.0	 334.6907958984375	 204.2379150390625	 217775.265625
17722642.0	 331.5631103515625	 208.35752868652344	 249290.453125
17722614.0	 335.4891052246094	 199.38919067382812	 207385.859375
17722584.0	 336.56866455078125	 195.96078491210938	 193352.421875
17722556.0	 327.1358642578125	 215.91378784179688	 282778.34375
17722442.0	 336.7051696777344	 194.69544982910156	 192376.015625
17722410.0	 334.76507568359375	 194.8839874267578	 181668.859375
17722268.0	 329.1968688964844	 218.35980224609375	 285892.28125
17722238.0	 331.55816650390625	 218.0723419189453	 255253.890625
17722212.0	 336.3634948730469	 200.7057647705078	 216065.15625
17722124.0	 334.3314208984375	 201.7385711669922	 175990.265625
17722096.0	 329.86798095703125	 211.6980438232422	 248015.5
17722070.0	 329.6970520019531	 221.3702850341797	 272709.09375
17722038.0	 331.85113525390625	 210.49783325195312	 255273.484375
17722012.0	 326.4563903808594	 214.2887420654297	 276228.375
17721982.0	 337.3926086425781	 197.4434356689453	 183062.875
17721954.0	 329.416015625	 195.26260375976562	 223388.0625
17721924.0	 328.61138916015625	 210.32037353515625	 238172.75
17721896.0	 331.5806579589844	 234.42872619628906	 224818.453125
17721866.0	 330.6794128417969	 212.82676696777344	 213212.875
17721838.0	 330.2131652832031	 211.54757690429688	 220543.1875
17721810.0	 331.2641906738281	 205.14028930664062	 216576.796875
17721780.0	 328.4452819824219	 210.30519104003906	 210858.28125
17721750.0	 331.17724609375	 198.77365112304688	 195991.609375
17721692.0	 326.499755859375	 214.64865112304688	 237950.203125
17721666.0	 334.4280090332031	 274.4374084472656	 212517.015625
17721636.0	 332.3399658203125	 211.1270294189453	 228444.71875
17721608.0	 330.2193908691406	 205.41004943847656	 219050.1875
17721578.0	 322.5835266113281	 225.6440887451172	 275134.71875
17721550.0	 327.3955993652344	 226.84837341308594	 254282.5625
17721520.0	 329.4358825683594	 228.5507354736328	 253829.171875
17721494.0	 327.8589172363281	 215.71127319335938	 259308.1875
17721348.0	 330.2899475097656	 208.84469604492188	 247701.078125
17721206.0	 334.05108642578125	 216.97254943847656	 240460.015625
17721176.0	 337.1484680175781	 212.61984252929688	 186924.328125
17721146.0	 324.77056884765625	 216.59446716308594	 256700.953125
17721120.0	 330.2949523925781	 212.18536376953125	 190017.453125
17721090.0	 326.654541015625	 214.05484008789062	 249429.40625
17721062.0	 334.8868408203125	 205.0453338623047	 187663.8125
17721032.0	 329.0788269042969	 229.0095977783203	 251951.25
17721004.0	 336.58587646484375	 207.61376953125	 187146.796875
17720974.0	 330.0158386230469	 220.56936645507812	 256576.9375
17720948.0	 329.3005676269531	 221.94143676757812	 267157.59375
17720916.0	 331.6858825683594	 211.85308837890625	 226820.671875
17720890.0	 336.2132263183594	 219.2667694091797	 188739.984375
17720860.0	 329.1050720214844	 232.00462341308594	 253656.046875
17720832.0	 336.13836669921875	 219.57778930664062	 191380.203125
17720802.0	 338.9427795410156	 223.94261169433594	 206294.796875
17720774.0	 338.4410400390625	 239.0792999267578	 238483.34375
17720744.0	 343.9000244140625	 212.14739990234375	 190799.03125
17720718.0	 345.22857666015625	 204.06155395507812	 181906.921875
17720688.0	 339.0850524902344	 212.8017120361328	 217901.828125
17720660.0	 340.8876953125	 226.4405975341797	 194814.6875
17720630.0	 339.0566101074219	 223.99729919433594	 200436.34375
17720602.0	 332.8230895996094	 230.2483673095703	 255910.015625
17720574.0	 332.8174133300781	 220.18939208984375	 246419.296875
17720544.0	 339.5287170410156	 214.52549743652344	 189711.21875
17720514.0	 342.6549072265625	 219.0919189453125	 192835.421875
17720486.0	 336.10809326171875	 238.76123046875	 247686.890625
17720342.0	 342.777099609375	 204.64932250976562	 186608.3125
17720314.0	 340.1119689941406	 210.98960876464844	 193643.34375
17720284.0	 344.35809326171875	 205.82640075683594	 175570.515625
17720256.0	 335.59747314453125	 242.2921600341797	 246922.6875
17720228.0	 336.86480712890625	 222.45851135253906	 218801.59375
17720200.0	 340.98699951171875	 216.86160278320312	 214459.0
17720172.0	 341.340087890625	 216.1779327392578	 190892.875
17720142.0	 344.0663757324219	 215.95062255859375	 182528.5625
17720114.0	 343.1181945800781	 218.53053283691406	 197253.859375
17720084.0	 335.4512634277344	 278.2556457519531	 273752.4375
17720058.0	 342.5202941894531	 224.5357666015625	 195216.046875
17719970.0	 338.1197204589844	 224.9980010986328	 235363.390625
17719940.0	 335.38653564453125	 232.70333862304688	 276890.0
17719912.0	 337.9016418457031	 228.5283660888672	 239597.359375
17719854.0	 343.7054443359375	 225.47494506835938	 187733.828125
17719826.0	 341.2061767578125	 208.9463653564453	 204468.921875
17719796.0	 338.17974853515625	 211.35166931152344	 230834.640625
17719768.0	 338.7552795410156	 239.7044219970703	 217117.234375
17719710.0	 341.5992736816406	 223.01100158691406	 201474.4375
17719680.0	 342.6805114746094	 205.19703674316406	 200430.703125
17719654.0	 343.3594055175781	 209.26953125	 184539.40625
17719624.0	 341.0411682128906	 218.31472778320312	 211229.140625
17719596.0	 343.4238586425781	 209.24484252929688	 183371.59375
17719566.0	 339.0507507324219	 211.20208740234375	 216507.671875
17719480.0	 341.9022216796875	 202.48257446289062	 191501.203125
17719452.0	 339.62518310546875	 216.69393920898438	 217910.390625
17719422.0	 337.0421447753906	 229.5017852783203	 270607.6875
17719394.0	 343.78985595703125	 206.93502807617188	 206380.71875
17719366.0	 340.4543151855469	 238.58743286132812	 213784.0
17719336.0	 339.7196350097656	 223.95343017578125	 213473.859375
17719308.0	 337.0813293457031	 249.8621826171875	 258279.4375
17719278.0	 343.5450134277344	 221.6756591796875	 191522.53125
17719250.0	 344.3940124511719	 211.52743530273438	 181798.0625
17719220.0	 344.5003356933594	 208.40208435058594	 177136.484375
17719192.0	 338.269775390625	 220.54051208496094	 243210.078125
17719164.0	 344.4818115234375	 213.68182373046875	 186549.71875
17719136.0	 342.265380859375	 213.91444396972656	 197724.140625
17719108.0	 338.2663879394531	 229.78024291992188	 251611.625
17719078.0	 337.0249328613281	 238.97280883789062	 259223.8125
17719050.0	 340.3912353515625	 224.69583129882812	 212328.546875
17719020.0	 340.1103820800781	 223.70095825195312	 247120.078125
17718994.0	 341.9626159667969	 242.66519165039062	 201444.4375
17718962.0	 343.46380615234375	 221.49432373046875	 196432.796875
17718936.0	 343.12872314453125	 210.62353515625	 191704.359375
17718904.0	 345.20343017578125	 200.45413208007812	 195459.75
17718878.0	 339.1967468261719	 211.56153869628906	 232242.28125
17718848.0	 342.9182434082031	 222.32594299316406	 207342.4375
17718820.0	 344.4366760253906	 218.49990844726562	 176095.65625
17718790.0	 346.1175842285156	 197.2919921875	 176557.53125
17718762.0	 341.1204528808594	 234.7766876220703	 230467.59375
17718734.0	 343.4657287597656	 203.6351776123047	 196776.734375
17718706.0	 344.07708740234375	 219.76255798339844	 204679.140625
17718674.0	 343.2244567871094	 213.732666015625	 206245.203125
17718646.0	 340.75604248046875	 221.5778350830078	 240099.375
17718618.0	 343.9822692871094	 208.818115234375	 196209.3125
17718590.0	 344.4897766113281	 212.40548706054688	 192609.015625
17718532.0	 341.45733642578125	 211.52003479003906	 219430.796875
17718502.0	 344.1954345703125	 218.14385986328125	 194573.40625
17718476.0	 340.199951171875	 215.36111450195312	 243627.15625
17718444.0	 345.6451721191406	 210.79933166503906	 179326.46875
17718418.0	 347.1697082519531	 215.164794921875	 190462.03125
17718388.0	 344.99188232421875	 220.83529663085938	 188421.921875
17718360.0	 333.5088195800781	 229.05088806152344	 305652.53125
17718330.0	 337.4223937988281	 231.30413818359375	 237071.40625
17718302.0	 335.92254638671875	 236.61024475097656	 262493.21875
17718272.0	 341.9395446777344	 211.039306640625	 196050.0625
17718244.0	 340.1744689941406	 208.81427001953125	 227579.03125
17718216.0	 343.4062194824219	 225.75225830078125	 190501.640625
17718188.0	 338.4540710449219	 210.5760040283203	 226865.03125
17718158.0	 335.86834716796875	 237.84617614746094	 261817.234375
17718130.0	 337.7908935546875	 230.9993438720703	 239990.796875
17718102.0	 343.2127380371094	 215.54234313964844	 184785.1875
17718072.0	 341.178466796875	 208.05665588378906	 210271.90625
17718042.0	 339.6942138671875	 240.2755126953125	 220760.296875
17718014.0	 342.5892028808594	 208.59959411621094	 199056.15625
17717984.0	 342.29705810546875	 219.96804809570312	 198668.71875
17717958.0	 334.6295166015625	 220.5335693359375	 281701.625
17717900.0	 340.621826171875	 212.08201599121094	 183841.1875
17717872.0	 330.3628234863281	 219.60202026367188	 271126.03125
17717784.0	 335.55828857421875	 230.21450805664062	 236818.375
17717756.0	 335.3098449707031	 214.2003631591797	 228303.671875
17717728.0	 340.1209716796875	 210.0581817626953	 206792.15625
17717700.0	 332.2156066894531	 224.97286987304688	 264781.28125
17717554.0	 331.6438903808594	 236.6390838623047	 281063.0625
17717526.0	 338.0072937011719	 229.2372589111328	 197661.34375
17717496.0	 334.29754638671875	 239.26913452148438	 238942.390625
17717470.0	 331.2281799316406	 215.38890075683594	 258285.453125
17717440.0	 342.0776672363281	 216.0808868408203	 190587.65625
17717410.0	 341.51898193359375	 219.25416564941406	 186818.890625
17717382.0	 335.21978759765625	 224.4882354736328	 250051.234375
17717354.0	 340.1886291503906	 206.65431213378906	 189150.5625
17717324.0	 337.5987854003906	 215.18365478515625	 200683.890625
17717296.0	 337.6004638671875	 249.19586181640625	 207759.578125
17717266.0	 332.75054931640625	 214.79811096191406	 197449.8125
17717124.0	 332.74969482421875	 223.70831298828125	 237097.5
17717094.0	 327.9432373046875	 215.84622192382812	 251517.203125
17717066.0	 324.5941467285156	 230.08349609375	 248931.890625
17717036.0	 326.33892822265625	 208.4341278076172	 251524.578125
17717008.0	 329.3047790527344	 203.61166381835938	 214718.578125
17716980.0	 328.6536560058594	 215.81997680664062	 231747.0625
17716952.0	 329.5394592285156	 212.8385467529297	 240152.484375
17716922.0	 330.57330322265625	 208.93283081054688	 209313.671875
17716894.0	 331.7184143066406	 207.92327880859375	 203378.75
17716866.0	 334.70819091796875	 218.33169555664062	 193934.875
17716836.0	 335.1294860839844	 221.99819946289062	 244925.5
17716806.0	 334.15203857421875	 221.62509155273438	 238887.265625
17716778.0	 333.3057861328125	 206.78672790527344	 190424.78125
17716748.0	 327.5895080566406	 208.7004852294922	 214814.46875
17716722.0	 325.6626281738281	 213.08059692382812	 233160.59375
17716606.0	 331.1790771484375	 202.55284118652344	 231098.984375
17716464.0	 325.3333435058594	 229.9521942138672	 268241.78125
17716434.0	 338.0511474609375	 206.49493408203125	 190028.703125
17716406.0	 333.2444152832031	 217.3530731201172	 225768.390625
17716376.0	 334.448974609375	 210.46511840820312	 195846.40625
17716350.0	 332.8487854003906	 214.50474548339844	 208183.078125
17716318.0	 332.5533752441406	 231.19131469726562	 240108.203125
17716290.0	 331.7359619140625	 245.39151000976562	 268771.5
17716262.0	 339.08233642578125	 212.3119659423828	 192500.359375
17716234.0	 336.63177490234375	 211.5620574951172	 220114.578125
17716146.0	 332.28839111328125	 211.8912353515625	 220844.125
17716118.0	 334.8758544921875	 190.86024475097656	 176342.453125
17716088.0	 335.7359313964844	 212.61395263671875	 200483.78125
17716060.0	 337.8799743652344	 209.75489807128906	 176481.796875
17716030.0	 332.0085754394531	 197.82496643066406	 175174.5625
17716004.0	 327.87371826171875	 208.09735107421875	 213455.515625
17715974.0	 328.18841552734375	 219.971435546875	 239683.1875
17715946.0	 332.04229736328125	 217.2258758544922	 201987.1875
17715916.0	 330.0824890136719	 225.40255737304688	 232027.09375
17715888.0	 330.33770751953125	 224.6651153564453	 222570.765625
17715858.0	 333.5005187988281	 210.98910522460938	 196996.515625
17715832.0	 334.133056640625	 217.06898498535156	 205789.90625
17715800.0	 332.2532043457031	 209.70899963378906	 211981.109375
17715772.0	 328.91021728515625	 206.13507080078125	 203170.28125
17715744.0	 325.9862976074219	 222.1837158203125	 234675.953125
17715686.0	 328.1226806640625	 205.24879455566406	 215382.78125
17715658.0	 337.96771240234375	 210.73077392578125	 240570.15625
17715630.0	 338.47625732421875	 220.65858459472656	 290191.6875
17715602.0	 346.2090759277344	 195.92095947265625	 183836.640625
17715572.0	 342.7497253417969	 208.11422729492188	 201307.328125
17715542.0	 340.7007751464844	 227.38328552246094	 233399.109375
17715512.0	 352.4114685058594	 237.0312042236328	 215643.6875
17715486.0	 345.0186462402344	 216.440673828125	 226879.078125
17715456.0	 339.5219421386719	 201.10003662109375	 184753.1875
17715428.0	 336.2509765625	 203.03761291503906	 217258.8125
17715398.0	 333.9626770019531	 210.57566833496094	 220820.1875
17715370.0	 328.102294921875	 220.00054931640625	 264017.03125
17715340.0	 344.9345703125	 243.21340942382812	 260225.453125
17715314.0	 351.8577575683594	 214.8797149658203	 203036.390625
17715282.0	 352.50537109375	 222.77760314941406	 216050.546875
17715256.0	 353.1444091796875	 213.67050170898438	 246923.640625
17715226.0	 352.6325988769531	 217.1199951171875	 222945.140625
17715198.0	 341.4975280761719	 219.98435974121094	 224957.765625
17715168.0	 340.0357666015625	 205.23194885253906	 182791.234375
17715140.0	 325.89312744140625	 199.43948364257812	 187318.796875
17715112.0	 337.7020263671875	 219.92323303222656	 177062.78125
17715084.0	 328.34844970703125	 209.5621795654297	 256978.734375
17714880.0	 329.7626647949219	 213.1829071044922	 250567.21875
17714852.0	 332.2117919921875	 218.2518768310547	 214095.609375
17714822.0	 330.8675537109375	 212.93592834472656	 215983.890625
17714738.0	 339.9619445800781	 207.0182342529297	 175974.09375
17714710.0	 343.6506652832031	 211.20367431640625	 192674.96875
17714680.0	 343.3634338378906	 200.95314025878906	 192226.484375
17714622.0	 344.61822509765625	 203.3980255126953	 214327.4375
17714596.0	 343.7454528808594	 229.39920043945312	 242536.0
17714564.0	 349.37060546875	 224.1609344482422	 222660.203125
17714538.0	 349.4958801269531	 202.4783172607422	 213367.515625
17714508.0	 340.986572265625	 234.61380004882812	 278442.34375
17714480.0	 344.96185302734375	 213.39141845703125	 205619.203125
17714422.0	 346.4831237792969	 217.61428833007812	 259844.65625
17714394.0	 350.8705139160156	 215.74742126464844	 221266.421875
17714366.0	 349.1686706542969	 208.7511444091797	 213421.640625
17714336.0	 350.326904296875	 200.86277770996094	 216447.921875
17714308.0	 343.5432434082031	 204.1615753173828	 193628.625
17714278.0	 347.0564270019531	 205.97854614257812	 204213.171875
17714250.0	 344.7706604003906	 212.05918884277344	 194868.921875
17714220.0	 350.4761962890625	 201.01731872558594	 190545.0625
17714192.0	 350.46881103515625	 218.60708618164062	 202527.6875
17714162.0	 348.0855407714844	 232.15255737304688	 211285.828125
17714136.0	 348.33172607421875	 201.9701385498047	 193409.890625
17714104.0	 337.698486328125	 199.6890869140625	 242302.9375
17714078.0	 354.0294494628906	 215.52828979492188	 241092.0625
17713990.0	 340.2686462402344	 211.7013397216797	 227626.609375
17713962.0	 338.0184631347656	 218.3785400390625	 216293.6875
17713934.0	 344.16436767578125	 212.000732421875	 214762.859375
17713904.0	 338.7838439941406	 213.76455688476562	 214017.5625
17713760.0	 348.0054626464844	 197.89907836914062	 211961.5
17713734.0	 356.8017578125	 205.90097045898438	 214001.640625
17713704.0	 344.7652282714844	 215.1440887451172	 205951.1875
17713676.0	 344.26605224609375	 211.75035095214844	 240465.3125
17713644.0	 344.7358703613281	 207.3648223876953	 271094.8125
17713616.0	 351.3841247558594	 206.7531280517578	 240811.453125
17713588.0	 351.8601989746094	 221.97210693359375	 234130.078125
17713560.0	 349.2907409667969	 203.2884979248047	 196815.953125
17713530.0	 342.98004150390625	 212.32858276367188	 223190.140625
17713502.0	 337.8571472167969	 227.5425567626953	 290519.25
17713472.0	 344.6725769042969	 215.66392517089844	 223203.71875
17713444.0	 342.032958984375	 192.75172424316406	 200750.609375
17713416.0	 345.1610412597656	 188.78565979003906	 184541.640625
17713386.0	 344.68804931640625	 200.5078125	 195057.15625
17713358.0	 343.29718017578125	 194.36427307128906	 197368.546875
17713300.0	 333.6675109863281	 208.51649475097656	 262928.4375
17713272.0	 336.9070129394531	 195.84869384765625	 206077.84375
17713244.0	 330.52886962890625	 208.9230499267578	 304565.46875
17713186.0	 346.3051452636719	 186.47280883789062	 208249.0625
17713128.0	 337.48284912109375	 218.8599090576172	 261367.53125
17713100.0	 342.29180908203125	 201.775146484375	 204212.171875
17713070.0	 342.8019104003906	 199.06092834472656	 208276.71875
17713042.0	 345.77630615234375	 194.88446044921875	 216948.140625
17713012.0	 354.76495361328125	 207.63926696777344	 221900.75
17712986.0	 348.0467529296875	 207.85708618164062	 298380.21875
17712954.0	 346.546630859375	 219.5471649169922	 246233.640625
17712926.0	 346.2843017578125	 207.4109649658203	 201602.171875
17712812.0	 346.88250732421875	 215.7576141357422	 194877.234375
17712784.0	 348.82159423828125	 220.97279357910156	 233109.515625
17712756.0	 347.9782409667969	 208.24864196777344	 247958.671875
17712726.0	 345.48486328125	 214.92929077148438	 269137.59375
17712668.0	 361.8730163574219	 226.15869140625	 278879.8125
17712640.0	 356.8870544433594	 239.16038513183594	 203131.859375
17712610.0	 358.66668701171875	 197.9480438232422	 201590.765625
17712582.0	 354.95428466796875	 207.28143310546875	 225087.796875
17712554.0	 349.4230041503906	 207.76268005371094	 227443.703125
17712526.0	 345.6095275878906	 215.30255126953125	 281202.875
17712496.0	 350.3450012207031	 202.23764038085938	 216483.40625
17712468.0	 352.8798828125	 196.33718872070312	 203172.015625
17712438.0	 347.7010803222656	 217.9044952392578	 248244.0625
17712410.0	 342.6467590332031	 212.17295837402344	 277202.5625
17712380.0	 347.6410217285156	 199.318603515625	 184807.84375
17712352.0	 347.8917236328125	 225.07249450683594	 204702.953125
17712324.0	 347.0296325683594	 198.6951446533203	 192906.921875
17712266.0	 346.9190673828125	 204.8144073486328	 188223.4375
17712236.0	 340.7596130371094	 208.57957458496094	 233144.421875
17712208.0	 348.9845886230469	 207.57632446289062	 211400.15625
17712122.0	 336.0810546875	 200.87013244628906	 268071.8125
17712092.0	 339.1768493652344	 200.46478271484375	 216793.921875
17712066.0	 337.3094177246094	 209.9508514404297	 295629.46875
17712036.0	 345.02105712890625	 220.322509765625	 236690.78125
17712008.0	 344.1737060546875	 191.94964599609375	 202337.953125
17711978.0	 350.1094055175781	 200.57289123535156	 225071.71875
17711950.0	 346.9354553222656	 190.7261505126953	 214019.0625
17711892.0	 346.6715087890625	 200.4486541748047	 229018.609375
17711864.0	 351.9072265625	 203.15359497070312	 207775.171875
17711836.0	 353.88568115234375	 231.1442413330078	 199641.109375
17711806.0	 355.8255310058594	 222.0555877685547	 314564.46875
17711776.0	 368.7005615234375	 227.8463897705078	 289884.0625
17711748.0	 364.7132873535156	 233.8364715576172	 200752.140625
17711720.0	 349.81915283203125	 191.25643920898438	 190382.515625
17711690.0	 347.2049255371094	 200.1479034423828	 191892.109375
17711636.0	 339.92303466796875	 209.2683868408203	 228050.140625
17711606.0	 336.9942932128906	 206.6798858642578	 283734.3125
17711576.0	 337.4376220703125	 193.44970703125	 224404.4375
17711548.0	 335.6918640136719	 206.19741821289062	 236685.84375
17711520.0	 335.9792175292969	 228.4784393310547	 249120.046875
17711490.0	 336.6549987792969	 210.77169799804688	 231594.25
17711462.0	 338.1541442871094	 212.02574157714844	 256592.625
17711432.0	 337.1988220214844	 213.49813842773438	 269100.53125
17711406.0	 345.4381408691406	 189.6903839111328	 184838.25
17711376.0	 340.7092590332031	 203.7635040283203	 260161.25
17711348.0	 339.9651794433594	 218.45816040039062	 236682.640625
17711318.0	 344.04815673828125	 216.5723876953125	 202860.125
17711290.0	 346.3258361816406	 205.76158142089844	 264148.90625
17711232.0	 339.0411071777344	 211.87513732910156	 263401.1875
17711202.0	 343.2646789550781	 190.53346252441406	 196129.0
17711176.0	 338.7583312988281	 238.7612762451172	 274057.28125
17711144.0	 349.2767639160156	 217.6781768798828	 195679.3125
17711118.0	 342.3697204589844	 199.1876220703125	 203675.78125
17711088.0	 343.5479736328125	 211.8509979248047	 205301.875
17711060.0	 337.6560974121094	 215.82391357421875	 199245.109375
17711030.0	 338.8892517089844	 192.96180725097656	 200731.5625
17710944.0	 342.16107177734375	 205.5906524658203	 291756.0625
17710916.0	 351.3543701171875	 206.22711181640625	 207738.625
17710888.0	 346.9875183105469	 210.461181640625	 230727.578125
17710858.0	 341.8970031738281	 215.56422424316406	 263258.375
17710830.0	 344.55450439453125	 214.1177520751953	 218763.421875
17710800.0	 342.7846374511719	 203.7195281982422	 257276.65625
17710772.0	 346.6875	 196.17791748046875	 192098.53125
17710744.0	 338.4123229980469	 213.28346252441406	 270621.5
17710716.0	 345.46307373046875	 195.1287841796875	 191500.046875
17710686.0	 341.366943359375	 195.8529052734375	 195015.21875
17710658.0	 338.7121276855469	 224.98382568359375	 314680.28125
17710628.0	 344.37982177734375	 194.20086669921875	 206083.90625
17710600.0	 348.2266845703125	 193.9785919189453	 204775.421875
17710570.0	 345.493408203125	 203.0421600341797	 209978.609375
17710542.0	 342.8255310058594	 196.81268310546875	 228203.421875
17710512.0	 340.004150390625	 207.88294982910156	 245582.453125
17710484.0	 346.2657165527344	 201.89932250976562	 192051.875
17710426.0	 342.2164306640625	 193.81112670898438	 206914.359375
17710398.0	 343.61517333984375	 208.76658630371094	 194307.78125
17710370.0	 338.373291015625	 209.04290771484375	 221657.21875
17710340.0	 337.31573486328125	 209.79583740234375	 241959.34375
17710312.0	 338.41741943359375	 215.40931701660156	 258611.40625
17710282.0	 339.17572021484375	 201.4249725341797	 249788.953125
17710256.0	 342.365234375	 201.72598266601562	 221045.96875
17710168.0	 348.17303466796875	 195.4354248046875	 254276.453125
17710140.0	 352.45257568359375	 210.61813354492188	 217459.453125
17710110.0	 343.3951721191406	 204.46139526367188	 256036.921875
17710082.0	 339.2771301269531	 209.33154296875	 231053.46875
17710054.0	 340.23968505859375	 206.408935546875	 241455.484375
17709968.0	 341.6065979003906	 199.41029357910156	 248863.375
17709910.0	 337.3291015625	 222.21456909179688	 259697.5
17709880.0	 341.85906982421875	 225.72276306152344	 281713.84375
17709852.0	 336.58892822265625	 224.47802734375	 259739.140625
17709824.0	 333.0003967285156	 241.46800231933594	 303576.21875
17709794.0	 340.0558166503906	 221.90597534179688	 249885.890625
17709766.0	 344.2059020996094	 221.4962615966797	 214453.578125
17709738.0	 334.3692932128906	 220.33619689941406	 280211.0625
17709708.0	 339.2967529296875	 218.0023956298828	 233336.828125
17709680.0	 334.10272216796875	 240.31910705566406	 297865.90625
17709650.0	 339.4905090332031	 210.8356475830078	 226392.484375
17709624.0	 340.64666748046875	 214.31118774414062	 235691.4375
17709594.0	 343.1352233886719	 210.2111053466797	 200727.375
17709566.0	 334.78350830078125	 234.6379852294922	 266842.5625
17709536.0	 341.40191650390625	 218.869384765625	 252364.015625
17709508.0	 338.95941162109375	 224.42311096191406	 262799.78125
17709478.0	 341.03875732421875	 196.5537109375	 207772.8125
17709450.0	 343.0675048828125	 193.67454528808594	 222454.578125
17709420.0	 343.8981628417969	 199.1864776611328	 200067.984375
17709394.0	 336.09588623046875	 209.54653930664062	 257304.0625
17709364.0	 340.5662841796875	 203.62075805664062	 212358.3125
17709336.0	 342.5193176269531	 202.61160278320312	 194545.484375
17709306.0	 343.813720703125	 200.04727172851562	 195157.921875
17709278.0	 337.5564880371094	 200.2562713623047	 253091.796875
17709248.0	 346.3573303222656	 202.3124542236328	 195458.5
17709220.0	 335.8131408691406	 219.1844024658203	 242871.390625
17709190.0	 336.3260498046875	 215.5676727294922	 257483.171875
17709162.0	 342.3392333984375	 229.18740844726562	 213207.484375
17709132.0	 335.81829833984375	 203.06732177734375	 262608.65625
17709018.0	 345.8606262207031	 201.07211303710938	 225193.390625
17708992.0	 345.3670349121094	 229.946533203125	 198269.71875
17708934.0	 347.7660827636719	 211.1690673828125	 206548.59375
17708904.0	 341.7110290527344	 234.7518768310547	 274411.53125
17708876.0	 348.2740173339844	 200.948974609375	 215340.234375
17708846.0	 347.87042236328125	 222.55174255371094	 235225.53125
17708818.0	 346.085693359375	 201.17616271972656	 247337.96875
17708788.0	 340.10003662109375	 231.06993103027344	 270567.21875
17708762.0	 348.36865234375	 201.88792419433594	 207580.40625
17708732.0	 349.0561828613281	 189.09353637695312	 210744.21875
17708704.0	 352.1349182128906	 198.6844024658203	 181717.78125
17708674.0	 343.36700439453125	 228.68601989746094	 282392.09375
17708646.0	 346.42095947265625	 232.75775146484375	 220316.953125
17708616.0	 344.51171875	 200.4794158935547	 233533.53125
17708588.0	 335.471435546875	 235.78501892089844	 309785.34375
17708558.0	 346.7833557128906	 202.48805236816406	 198221.1875
17708532.0	 343.3483581542969	 209.4922332763672	 252627.53125
17708500.0	 345.6844177246094	 195.65306091308594	 204819.875
17708474.0	 344.3628845214844	 209.53042602539062	 230133.203125
17708444.0	 344.4891357421875	 206.0164031982422	 208993.421875
17708416.0	 347.17095947265625	 193.93826293945312	 197316.0625
17708386.0	 344.8609924316406	 208.20982360839844	 200840.75
17708358.0	 345.62261962890625	 202.602294921875	 188907.640625
17708330.0	 338.0554504394531	 224.3455047607422	 291566.25
17708300.0	 340.5887145996094	 209.4610137939453	 212620.375
17708272.0	 338.9532775878906	 223.8656005859375	 263041.09375
17708244.0	 347.0472717285156	 226.57180786132812	 211213.8125
17708214.0	 347.341552734375	 191.06187438964844	 191314.0
17708186.0	 345.6185607910156	 202.77720642089844	 195554.515625
17708100.0	 344.5355529785156	 202.24996948242188	 197239.0
17708072.0	 341.88720703125	 208.02008056640625	 210116.296875
17708042.0	 342.13873291015625	 213.0028076171875	 236636.109375
17708014.0	 342.1109313964844	 201.79122924804688	 214681.609375
17707954.0	 345.91876220703125	 207.5076141357422	 200341.96875
17707926.0	 344.30706787109375	 209.7439422607422	 206579.9375
17707898.0	 341.2666015625	 237.3908233642578	 219683.65625
17707868.0	 342.8408508300781	 210.23272705078125	 206465.1875
17707840.0	 342.44500732421875	 193.1387939453125	 201816.28125
17707810.0	 333.5374450683594	 218.93228149414062	 301509.09375
17707782.0	 336.82000732421875	 212.31202697753906	 271776.53125
17707754.0	 344.1209716796875	 202.9750518798828	 201088.796875
17707724.0	 340.5872497558594	 224.54901123046875	 276407.53125
17707696.0	 345.61065673828125	 194.65122985839844	 200278.109375
17707610.0	 346.919677734375	 203.89248657226562	 207905.75
17707582.0	 348.1412353515625	 213.9293975830078	 209379.734375
17707552.0	 346.50140380859375	 207.76979064941406	 215554.578125
17707524.0	 347.7530212402344	 200.60206604003906	 198816.484375
17707494.0	 345.2261962890625	 202.43563842773438	 241358.453125
17707468.0	 348.56146240234375	 207.66712951660156	 202290.65625
17707438.0	 347.9799499511719	 213.01077270507812	 210970.296875
17707410.0	 343.1144714355469	 237.30389404296875	 276566.46875
17707378.0	 348.298095703125	 202.3371124267578	 240638.703125
17707352.0	 345.3332214355469	 217.9303741455078	 237527.0
17707322.0	 352.1331481933594	 216.73043823242188	 210397.34375
17707294.0	 345.81396484375	 205.86685180664062	 259806.34375
17707266.0	 350.6263427734375	 217.85345458984375	 204861.03125
17707236.0	 342.5954284667969	 225.37709045410156	 278897.8125
17707206.0	 349.0509948730469	 204.4940948486328	 221470.546875
17707064.0	 347.0298156738281	 203.84413146972656	 217848.0625
17707036.0	 346.3205261230469	 215.12376403808594	 200497.515625
17707008.0	 348.72698974609375	 194.45407104492188	 213700.25
17706978.0	 345.6037292480469	 190.8728790283203	 212453.765625
17706950.0	 344.0857849121094	 205.41197204589844	 206841.140625
17706920.0	 341.41064453125	 216.60838317871094	 272458.6875
17706892.0	 336.11578369140625	 212.9832305908203	 291651.875
17706862.0	 344.84930419921875	 194.4364776611328	 211874.734375
17706836.0	 340.1340026855469	 193.39013671875	 241553.546875
17706806.0	 343.4638366699219	 184.99453735351562	 192321.71875
17706778.0	 338.343994140625	 212.30767822265625	 247432.71875
17706746.0	 339.23309326171875	 210.7570343017578	 248043.15625
17706690.0	 332.38336181640625	 226.5753173828125	 286540.65625
17706662.0	 341.2421569824219	 207.7432861328125	 200370.421875
17706632.0	 337.0534362792969	 208.5092010498047	 244467.90625
17706604.0	 341.27911376953125	 204.61093139648438	 192784.453125
17706574.0	 337.22412109375	 226.36553955078125	 228707.125
17706518.0	 329.9582824707031	 226.27780151367188	 287104.03125
17706490.0	 335.66552734375	 220.51023864746094	 232595.09375
17706460.0	 335.4964904785156	 211.8689422607422	 247979.203125
17706434.0	 331.80853271484375	 243.45379638671875	 294259.59375
17706404.0	 339.7948913574219	 214.31747436523438	 221536.265625
17706376.0	 342.8498229980469	 198.7959442138672	 196873.875
17706346.0	 343.86920166015625	 185.44984436035156	 184313.546875
17706318.0	 340.3179931640625	 197.70071411132812	 196489.234375
17706288.0	 336.5120849609375	 214.41299438476562	 278023.8125
17706204.0	 342.3190612792969	 206.81289672851562	 199146.625
17706174.0	 345.44036865234375	 200.40594482421875	 203916.984375
17706146.0	 341.7665710449219	 198.2903289794922	 203427.921875
17706116.0	 331.8548889160156	 222.33116149902344	 278294.0625
17706088.0	 339.59368896484375	 204.35220336914062	 201043.125
17706058.0	 328.68206787109375	 234.96591186523438	 284608.75
17706030.0	 332.82635498046875	 214.84791564941406	 252506.9375
17706000.0	 342.2919616699219	 194.0025177001953	 185929.0625
17705972.0	 342.017578125	 209.15750122070312	 201612.96875
17705942.0	 337.4146423339844	 196.4910888671875	 216920.375
17705828.0	 335.6989440917969	 215.23741149902344	 256493.328125
17705802.0	 340.9160461425781	 200.54689025878906	 209082.90625
17705772.0	 340.6377868652344	 226.87066650390625	 221173.3125
17705742.0	 336.44329833984375	 218.74790954589844	 265988.78125
17705714.0	 341.3851013183594	 196.762939453125	 199374.78125
17705686.0	 337.0064697265625	 211.36851501464844	 232897.984375
17705656.0	 342.16668701171875	 207.32151794433594	 194340.0
17705628.0	 340.40130615234375	 209.33216857910156	 205666.234375
17705600.0	 335.9778137207031	 197.37322998046875	 255715.78125
17705572.0	 340.4262390136719	 219.4185028076172	 217896.25
17705542.0	 335.2585144042969	 228.45372009277344	 271655.15625
17705514.0	 343.601806640625	 201.39976501464844	 195409.859375
17705482.0	 338.1394348144531	 204.44863891601562	 229959.34375
17705456.0	 341.90576171875	 186.94642639160156	 195192.390625
17705426.0	 341.81622314453125	 213.1413116455078	 205224.375
17705368.0	 341.70074462890625	 207.28639221191406	 219288.40625
17705340.0	 336.55621337890625	 227.90097045898438	 286678.03125
17705254.0	 344.9841613769531	 196.09751892089844	 190985.921875
17705226.0	 344.2196960449219	 196.7203826904297	 206282.4375
17705196.0	 341.6517333984375	 221.7494354248047	 229182.78125
17705168.0	 334.5616760253906	 216.46975708007812	 299179.28125
17705138.0	 345.7599792480469	 196.19992065429688	 184155.0
17705110.0	 346.45819091796875	 207.56138610839844	 192878.1875
17705082.0	 346.5894470214844	 188.69532775878906	 178623.28125
17705054.0	 345.59967041015625	 214.74642944335938	 202965.625
17705024.0	 345.301513671875	 220.4871368408203	 192395.9375
17704996.0	 344.5881042480469	 211.15631103515625	 195393.1875
17704968.0	 341.98797607421875	 209.8635711669922	 195586.171875
17704940.0	 339.0496520996094	 214.7342529296875	 246448.203125
17704908.0	 344.0269775390625	 218.4611053466797	 195566.984375
17704880.0	 343.6884460449219	 218.3032989501953	 202917.9375
17704850.0	 339.32366943359375	 205.99365234375	 232865.71875
17704822.0	 329.8125	 243.05043029785156	 321949.71875
17704764.0	 342.2263488769531	 198.37355041503906	 208745.71875
17704736.0	 339.11065673828125	 202.85531616210938	 261855.046875
17704706.0	 342.7407531738281	 189.8612518310547	 201058.328125
17704678.0	 335.0439147949219	 222.89126586914062	 276331.9375
17704650.0	 337.06298828125	 234.7389373779297	 240191.421875
17704622.0	 341.6611328125	 193.9109649658203	 191937.421875
17704592.0	 337.70855712890625	 215.25306701660156	 231095.09375
17704564.0	 339.7252197265625	 210.6414031982422	 206201.875
17704450.0	 343.74224853515625	 193.23162841796875	 188279.921875
17704420.0	 336.8359680175781	 217.8207550048828	 270691.84375
17704362.0	 343.80609130859375	 189.34609985351562	 202168.421875
17704248.0	 335.57080078125	 232.6355743408203	 245632.75
17704218.0	 334.0888671875	 223.4219207763672	 281190.8125
17704190.0	 338.3572692871094	 210.48744201660156	 253102.4375
17704162.0	 333.17181396484375	 220.1335906982422	 280813.5625
17704132.0	 337.0079650878906	 218.6366424560547	 254415.390625
17704104.0	 343.48809814453125	 205.0421142578125	 185232.109375
17704074.0	 335.9130554199219	 221.8380126953125	 272749.4375
17704048.0	 335.45257568359375	 251.24472045898438	 263188.6875
17704016.0	 340.28973388671875	 202.03639221191406	 208618.703125
17703990.0	 340.0643615722656	 207.87924194335938	 217596.21875
17703960.0	 337.22503662109375	 214.8844757080078	 252092.671875
17703932.0	 337.2825927734375	 208.38880920410156	 249771.6875
17703902.0	 338.52130126953125	 223.21469116210938	 226914.21875
17703874.0	 343.32635498046875	 210.6869659423828	 193310.21875
17703846.0	 335.6260986328125	 221.52944946289062	 290932.625
17703818.0	 340.8701477050781	 204.52676391601562	 216551.390625
17703788.0	 342.0552978515625	 211.80540466308594	 204972.203125
17703762.0	 340.2118835449219	 212.9154815673828	 234169.296875
17703730.0	 344.021240234375	 184.37493896484375	 192631.359375
17703674.0	 338.5828857421875	 205.47537231445312	 241135.515625
17703616.0	 336.726318359375	 212.07229614257812	 250104.28125
17703586.0	 334.9425354003906	 230.2205047607422	 303088.9375
17703558.0	 341.7458801269531	 200.42486572265625	 206956.953125
17703530.0	 344.3883056640625	 218.79409790039062	 184929.140625
17703500.0	 338.5882873535156	 204.32643127441406	 255988.78125
17703472.0	 344.1683349609375	 191.4925079345703	 201702.53125
17703442.0	 344.6961364746094	 208.1789093017578	 208937.21875
17703416.0	 336.6651611328125	 212.475341796875	 275557.75
17703272.0	 341.5627746582031	 212.6760711669922	 213467.828125
17703214.0	 342.81048583984375	 201.77406311035156	 204087.984375
17703186.0	 342.99969482421875	 194.9740447998047	 187894.0
17703156.0	 337.6698303222656	 222.30780029296875	 242138.296875
17703128.0	 342.78228759765625	 200.40147399902344	 202884.578125
17703068.0	 333.0330505371094	 235.5845947265625	 289583.375
17703042.0	 342.97515869140625	 220.75730895996094	 194596.015625
17702984.0	 338.4303283691406	 216.57098388671875	 225656.265625
17702954.0	 339.0506591796875	 208.01580810546875	 222626.328125
17702926.0	 338.57159423828125	 219.67820739746094	 235790.28125
17702896.0	 344.10406494140625	 189.16470336914062	 187117.1875
17702870.0	 337.3743896484375	 211.29507446289062	 259260.859375
17702840.0	 338.40667724609375	 222.66879272460938	 240961.6875
17702810.0	 343.5881042480469	 213.04815673828125	 187954.421875
17702782.0	 332.7549743652344	 236.1650390625	 281934.1875
17702754.0	 341.25079345703125	 210.05311584472656	 205529.71875
17702724.0	 335.4527893066406	 226.3334197998047	 260997.125
17702668.0	 333.9870300292969	 226.81272888183594	 286001.40625
17702640.0	 332.3717041015625	 211.28370666503906	 287839.09375
17702610.0	 331.95135498046875	 233.5730743408203	 299971.4375
17702582.0	 332.3865051269531	 235.10833740234375	 296207.84375
17702552.0	 342.8467712402344	 214.8936004638672	 195748.96875
17702524.0	 336.2843322753906	 213.88119506835938	 255866.375
17702494.0	 337.4623718261719	 209.91358947753906	 256221.359375
17702410.0	 342.8542175292969	 209.58135986328125	 198844.234375
17702380.0	 341.4206848144531	 196.37454223632812	 198985.203125
17702352.0	 340.5506591796875	 205.4521484375	 223178.078125
17702180.0	 341.7533264160156	 198.0724334716797	 204882.421875
17702150.0	 342.2288818359375	 222.6134796142578	 215214.34375
17702122.0	 344.0826416015625	 211.03482055664062	 195962.0625
17702092.0	 337.2274475097656	 211.76475524902344	 267774.40625
17702036.0	 343.75543212890625	 198.30503845214844	 194031.515625
17702006.0	 334.6429748535156	 228.28004455566406	 311702.625
17701978.0	 341.83856201171875	 225.865478515625	 240832.75
17701950.0	 344.8380432128906	 216.5356903076172	 247328.390625
17701920.0	 346.8120422363281	 196.94906616210938	 217798.65625
17701894.0	 344.1384582519531	 198.28025817871094	 219595.96875
17701862.0	 345.4653015136719	 197.77134704589844	 197622.890625
17701836.0	 340.86968994140625	 245.2139434814453	 225321.171875
17701806.0	 342.07293701171875	 193.03826904296875	 214298.421875
17701778.0	 344.5395812988281	 207.1616668701172	 199939.296875
17701748.0	 336.2370910644531	 238.7129669189453	 290239.59375
17701690.0	 336.7172546386719	 221.8438262939453	 283310.65625
17701660.0	 342.3671875	 224.89227294921875	 220879.15625
17701602.0	 344.4391784667969	 200.9268798828125	 194581.03125
17701576.0	 337.3255615234375	 204.25714111328125	 261081.8125
17701546.0	 340.6799621582031	 206.9276580810547	 209209.96875
17701518.0	 340.71148681640625	 206.63943481445312	 218868.46875
17701460.0	 341.6654052734375	 210.22933959960938	 206292.640625
17701430.0	 342.69451904296875	 207.19520568847656	 208385.0625
17701316.0	 338.2746276855469	 254.8330841064453	 229393.984375
17701288.0	 337.5385437011719	 223.46560668945312	 242018.421875
17701260.0	 333.123779296875	 235.5989532470703	 284639.96875
17701202.0	 342.4542236328125	 192.80023193359375	 187954.125
17701174.0	 336.6999816894531	 222.9442596435547	 268529.6875
17701116.0	 338.8539123535156	 231.59661865234375	 233313.109375
17701088.0	 333.3275451660156	 229.0291748046875	 242515.171875
17701058.0	 339.3825988769531	 216.6797332763672	 228966.21875
17701028.0	 339.62152099609375	 221.6642303466797	 226484.71875
17700970.0	 335.97467041015625	 231.8349609375	 299997.1875
17700944.0	 345.6719055175781	 194.9888458251953	 200858.515625
17700914.0	 345.45849609375	 204.30612182617188	 213635.828125
17700886.0	 341.25323486328125	 210.99948120117188	 246115.65625
17700800.0	 341.9629821777344	 210.17666625976562	 213910.6875
17700772.0	 342.32110595703125	 212.224365234375	 226383.328125
17700742.0	 339.29095458984375	 223.8381805419922	 274258.875
17700716.0	 339.90435791015625	 207.468994140625	 265578.75
17700684.0	 338.471435546875	 217.15219116210938	 268824.0625
17700656.0	 334.6502685546875	 208.35098266601562	 250266.390625
17700628.0	 340.54608154296875	 202.41024780273438	 196829.625
17700600.0	 336.54229736328125	 213.99710083007812	 247203.90625
17700426.0	 330.33160400390625	 249.47857666015625	 283250.90625
17700396.0	 338.93011474609375	 225.2750244140625	 229406.5625
17700368.0	 339.67626953125	 239.17630004882812	 246774.65625
17700340.0	 345.30877685546875	 215.71495056152344	 205977.953125
17700310.0	 340.3648376464844	 219.8433380126953	 261222.9375
17700282.0	 340.23052978515625	 236.3358154296875	 257676.890625
17700252.0	 341.21649169921875	 211.1351776123047	 257331.234375
17700226.0	 344.81988525390625	 198.2799072265625	 199484.078125
17700196.0	 346.68603515625	 194.33555603027344	 201793.65625
17700168.0	 344.07476806640625	 230.6088409423828	 239966.546875
17700054.0	 343.4049377441406	 266.08154296875	 297249.5
17700024.0	 337.92498779296875	 237.15142822265625	 267048.625
17699908.0	 330.1302795410156	 246.094970703125	 345781.65625
17699880.0	 333.3863830566406	 254.23316955566406	 321494.1875
17699132.0	 330.47900390625	 265.49603271484375	 303512.34375
17698616.0	 343.1117248535156	 282.59942626953125	 272248.5
17698558.0	 338.90399169921875	 258.9535827636719	 283221.375
17698530.0	 336.642333984375	 343.4743957519531	 293437.53125
17698472.0	 337.1681823730469	 234.72544860839844	 335601.40625
17698442.0	 341.27789306640625	 291.1363830566406	 275345.125
17698386.0	 336.1452331542969	 229.7195587158203	 285965.53125
17697954.0	 326.5708312988281	 252.8608856201172	 293818.09375
17697610.0	 329.6752014160156	 275.2904968261719	 318085.8125
17697582.0	 329.34283447265625	 269.1768798828125	 330127.28125
17697264.0	 338.5555114746094	 248.453857421875	 289952.6875
17697236.0	 338.00152587890625	 236.37745666503906	 295878.78125
17697178.0	 326.1365966796875	 316.57769775390625	 334158.03125
17697036.0	 333.71856689453125	 259.6157531738281	 353081.65625
17696116.0	 328.2785949707031	 308.7873840332031	 374456.78125
17695742.0	 337.45538330078125	 244.77130126953125	 339059.71875
17691718.0	 332.0248107910156	 244.3410186767578	 343247.09375
17691692.0	 344.4841003417969	 239.59808349609375	 276515.96875
17691662.0	 347.8171081542969	 220.83079528808594	 244789.734375
17691634.0	 340.3463439941406	 229.48187255859375	 294215.59375
17691604.0	 346.04815673828125	 218.1613311767578	 278873.5625
17691576.0	 341.77569580078125	 216.2828369140625	 280566.40625
17691546.0	 341.1375732421875	 317.4343566894531	 270824.53125
17691520.0	 337.2213439941406	 240.87713623046875	 331569.03125
17691462.0	 338.32025146484375	 236.5924530029297	 307780.9375
17691432.0	 334.754150390625	 237.5681915283203	 327019.28125
17691402.0	 340.5902404785156	 247.69927978515625	 264446.5
17691346.0	 343.3570251464844	 230.00537109375	 246310.75
17691146.0	 337.737548828125	 280.525146484375	 317723.15625
17691116.0	 333.40252685546875	 289.6299133300781	 354935.0
17690714.0	 345.9901428222656	 205.09278869628906	 244382.125
17690684.0	 342.0533447265625	 218.46469116210938	 278285.5625
17690656.0	 344.46612548828125	 228.4012908935547	 248295.40625
17690570.0	 342.534423828125	 241.13095092773438	 280516.5625
17690542.0	 344.89776611328125	 218.03091430664062	 259301.609375
17690512.0	 338.7993469238281	 231.719970703125	 331978.59375
17690456.0	 342.65704345703125	 232.63954162597656	 276135.625
17690428.0	 341.6891784667969	 245.57235717773438	 314225.78125
17690370.0	 335.3200988769531	 249.54302978515625	 316345.96875
17690310.0	 342.30078125	 234.81341552734375	 266051.5
17690282.0	 341.891845703125	 232.42666625976562	 285329.0625
17690254.0	 345.319091796875	 226.47666931152344	 285398.15625
17690226.0	 342.5621337890625	 235.27719116210938	 306995.25
17690196.0	 347.7418212890625	 215.60147094726562	 294287.375
17690168.0	 350.61944580078125	 223.9403533935547	 257468.671875
17690054.0	 326.879638671875	 284.05517578125	 318216.59375
17689394.0	 340.3978271484375	 250.1132354736328	 339076.90625
17683848.0	 337.06787109375	 222.03135681152344	 253077.0625
17683818.0	 331.36431884765625	 253.93319702148438	 303789.90625
17666010.0	 334.533935546875	 242.2917938232422	 293235.71875
17665778.0	 342.0224914550781	 216.92942810058594	 245162.015625
17665752.0	 338.39215087890625	 277.8363342285156	 315356.40625
17665722.0	 338.0953063964844	 246.4195556640625	 271129.6875
17665664.0	 338.56463623046875	 212.41888427734375	 275042.4375
17665606.0	 330.0873718261719	 258.5487976074219	 321965.0
17665350.0	 335.6131896972656	 284.45208740234375	 330366.9375
17665320.0	 340.4235534667969	 242.81871032714844	 281620.46875
17665292.0	 345.6298828125	 226.35951232910156	 234458.984375
17665262.0	 342.86041259765625	 234.61270141601562	 261461.09375
17665234.0	 343.22613525390625	 238.63450622558594	 263275.8125
17665206.0	 345.7603454589844	 234.0909423828125	 254066.453125
17665118.0	 342.29888916015625	 236.3851776123047	 259563.71875
17664860.0	 335.1081237792969	 342.6850891113281	 306064.96875
17664802.0	 345.0141296386719	 242.18785095214844	 273518.5
17664458.0	 347.63623046875	 262.692138671875	 300515.75
17664430.0	 341.81915283203125	 235.13658142089844	 297740.3125
17664400.0	 341.7591857910156	 243.5752410888672	 288959.53125
17664374.0	 342.0496520996094	 224.30751037597656	 306929.25
17663336.0	 334.1294250488281	 257.5251159667969	 330999.375
17662994.0	 335.1079406738281	 290.91790771484375	 344916.71875
17662964.0	 337.7317199707031	 329.4976806640625	 368531.1875
17662938.0	 343.7510070800781	 361.8659973144531	 345846.1875
17662676.0	 347.4826965332031	 291.88824462890625	 310442.5625
17662476.0	 338.5262756347656	 343.5284118652344	 367051.46875
17662362.0	 341.6471252441406	 293.1551208496094	 363627.15625
17662334.0	 351.4830627441406	 332.11358642578125	 290657.0625
17662304.0	 347.5444641113281	 275.33489990234375	 334906.65625
17662276.0	 351.2334899902344	 237.4954376220703	 293206.40625
17662218.0	 343.5450439453125	 367.2433166503906	 391223.9375
17662190.0	 340.1634216308594	 317.9949645996094	 371283.8125
17662160.0	 346.8282470703125	 263.4775695800781	 326064.90625
17662132.0	 348.73193359375	 348.6240539550781	 355283.65625
17662016.0	 345.1795349121094	 291.5463562011719	 343002.34375
17661990.0	 345.38665771484375	 311.28070068359375	 399943.53125
17661958.0	 354.89990234375	 305.7977294921875	 315362.21875
17661932.0	 349.05035400390625	 253.1318817138672	 259366.640625
17657136.0	 324.833984375	 286.7062683105469	 354662.96875
17642144.0	 351.639404296875	 228.0632781982422	 352101.40625
17642118.0	 357.6595764160156	 216.83018493652344	 285564.21875
17594244.0	 341.0306091308594	 329.4833068847656	 438319.09375
17535054.0	 498.3504638671875	 250.53570556640625	 470260.28125
17493842.0	 224.52035522460938	 2680.3828125	 132064.734375
17493728.0	 231.17691040039062	 2138.5927734375	 117276.125
17493616.0	 229.2890167236328	 2160.670654296875	 117788.6953125
17491494.0	 256.6254577636719	 1661.4268798828125	 108282.7109375
17491438.0	 252.93719482421875	 1743.7593994140625	 114321.328125
17487942.0	 231.21844482421875	 2208.370361328125	 119970.890625
