START:	 30.700000000000166
END:	 30.800000000000168

r [km]	 vr [km/s]	 np [cm-3]	 T [K]
21427436.0	 274.3927917480469	 561.9942626953125	 167061.359375
21424516.0	 272.1446228027344	 529.3814697265625	 138696.828125
21423348.0	 274.1548156738281	 548.0096435546875	 176895.0
21423152.0	 273.4125061035156	 560.8655395507812	 154809.03125
21422860.0	 276.5963134765625	 532.048095703125	 138274.890625
21421278.0	 275.18292236328125	 516.7080688476562	 138898.09375
21421254.0	 278.0437927246094	 524.462158203125	 130541.625
21420962.0	 280.8182678222656	 474.0403137207031	 142223.171875
21420572.0	 273.5409851074219	 561.061767578125	 166349.0625
21420548.0	 276.0645751953125	 559.6653442382812	 145095.625
21420522.0	 274.3144836425781	 577.9866943359375	 166128.234375
21420158.0	 273.74237060546875	 554.0918579101562	 149692.359375
21418600.0	 279.14910888671875	 526.3853759765625	 126818.9765625
21418550.0	 274.4431457519531	 534.0479125976562	 160696.328125
21418186.0	 276.2175598144531	 567.9883422851562	 164916.8125
21418138.0	 277.2313537597656	 542.4135131835938	 146392.21875
21418114.0	 275.45556640625	 532.4378051757812	 156626.59375
21418088.0	 275.03399658203125	 542.78125	 155306.875
21417748.0	 286.9121398925781	 504.1808776855469	 123825.53125
21417724.0	 277.6749572753906	 569.240966796875	 169011.59375
21417700.0	 270.29583740234375	 613.2029418945312	 215831.515625
21417674.0	 276.5790710449219	 554.1564331054688	 193606.140625
21417650.0	 276.6264343261719	 524.62158203125	 168052.890625
21417626.0	 274.53521728515625	 536.508544921875	 167192.328125
21417212.0	 275.43878173828125	 608.70849609375	 180564.796875
21416992.0	 274.8456726074219	 550.5286865234375	 161763.15625
21416946.0	 279.0196228027344	 524.5452270507812	 135405.46875
21416800.0	 278.2065734863281	 528.9248657226562	 146177.828125
21416192.0	 271.5182189941406	 599.97509765625	 160423.0625
21415826.0	 281.58868408203125	 505.3338623046875	 113313.46875
21415168.0	 280.97991943359375	 523.0147705078125	 143816.5625
21414122.0	 276.7401123046875	 550.0584716796875	 157776.765625
21413876.0	 279.4254455566406	 593.71435546875	 180662.59375
21413780.0	 275.2441711425781	 557.6137084960938	 166535.359375
21413172.0	 277.9895935058594	 545.7564086914062	 181907.15625
21412490.0	 197.61395263671875	 90.81343841552734	 3098.42236328125
21412126.0	 274.8518371582031	 533.1240234375	 139822.578125
21411518.0	 274.4820556640625	 542.4623413085938	 160994.140625
21409862.0	 272.0567321777344	 562.1231079101562	 152305.40625
21409838.0	 271.10699462890625	 532.1893310546875	 156616.984375
21409714.0	 273.795166015625	 554.555419921875	 134117.703125
21409350.0	 273.65167236328125	 521.4637451171875	 136754.359375
21409326.0	 268.1377868652344	 601.47998046875	 161713.734375
21408328.0	 272.2910461425781	 576.8116455078125	 150651.421875
21407110.0	 268.40625	 608.4805908203125	 147513.3125
21400126.0	 266.2578125	 585.9512329101562	 149362.75
21396356.0	 274.2411804199219	 489.88446044921875	 183594.453125
21395188.0	 292.5239562988281	 571.0828247070312	 215586.859375
21394872.0	 301.5664978027344	 447.6568908691406	 264852.65625
21394846.0	 303.29541015625	 487.6814880371094	 255395.34375
21394822.0	 292.5315856933594	 495.2804260253906	 239701.0
21394434.0	 226.8029327392578	 80.093505859375	 9724.3017578125
21394408.0	 281.86767578125	 502.0348205566406	 184289.0
21391976.0	 280.9360046386719	 537.6929321289062	 163099.03125
21391952.0	 277.39453125	 463.75567626953125	 144409.546875
21391928.0	 275.47381591796875	 567.6388549804688	 188440.671875
21387768.0	 278.80401611328125	 556.9440307617188	 193461.71875
21387402.0	 283.4493103027344	 455.4075927734375	 181872.9375
21386890.0	 302.1651306152344	 554.4889526367188	 250235.828125
21386868.0	 295.70928955078125	 536.5067749023438	 264535.25
21386648.0	 305.5854187011719	 539.3048095703125	 281354.03125
21386622.0	 304.89984130859375	 502.27728271484375	 261506.5
21385966.0	 298.3918762207031	 628.3395385742188	 363785.1875
21385942.0	 302.4104919433594	 625.3810424804688	 262842.25
21385310.0	 277.4280090332031	 572.0519409179688	 208652.921875
21383144.0	 274.8248291015625	 482.114501953125	 124897.90625
21382074.0	 358.0792541503906	 427.751953125	 388455.875
21382050.0	 352.1183776855469	 438.2256774902344	 370273.625
21382026.0	 344.1504821777344	 529.422607421875	 465336.03125
21381514.0	 355.6949768066406	 420.0386657714844	 367654.375
21381078.0	 356.6735534667969	 440.3849182128906	 372525.9375
21381028.0	 356.2041320800781	 441.8633728027344	 326355.875
21380004.0	 364.94268798828125	 460.57464599609375	 378139.96875
21379982.0	 358.4307861328125	 464.9750671386719	 479581.125
21379958.0	 364.1136474609375	 432.7929382324219	 410005.53125
21379202.0	 358.41143798828125	 455.7125549316406	 426596.0625
21378912.0	 373.62164306640625	 451.2674560546875	 358038.28125
21378886.0	 360.2818908691406	 437.9942932128906	 472620.4375
21378864.0	 376.023681640625	 549.15283203125	 537320.4375
21378620.0	 277.59490966796875	 456.2784118652344	 163503.28125
21378596.0	 280.5232849121094	 657.09814453125	 150059.171875
21377938.0	 275.36541748046875	 521.0255126953125	 163761.96875
21377916.0	 275.5865783691406	 510.8545227050781	 144259.8125
21374898.0	 297.14642333984375	 468.2624206542969	 227840.40625
21374874.0	 301.5244445800781	 483.7080993652344	 230828.34375
21374824.0	 291.142578125	 519.4476318359375	 174196.09375
21373026.0	 298.8482666015625	 500.7499694824219	 194740.859375
21372392.0	 279.83349609375	 527.9143676757812	 179216.796875
21368940.0	 275.2298278808594	 522.8355102539062	 132980.34375
21368550.0	 271.4125061035156	 582.96484375	 142842.046875
21368524.0	 270.1062927246094	 508.6487731933594	 144284.3125
21364512.0	 281.283447265625	 504.2682800292969	 155177.4375
21364076.0	 277.44287109375	 502.3404846191406	 166437.6875
21363540.0	 278.2496643066406	 518.1691284179688	 169598.890625
21363516.0	 284.4954833984375	 449.3929748535156	 146087.921875
21362252.0	 274.46923828125	 507.7271423339844	 178905.28125
21361886.0	 273.4528503417969	 490.463623046875	 135432.234375
21361864.0	 272.70513916015625	 499.4497375488281	 172446.203125
21359990.0	 273.70245361328125	 534.0633544921875	 150138.25
21359310.0	 279.8363952636719	 520.6858520507812	 147451.734375
21410530.0	 455.1185302734375	 122.65145111083984	 411793.4375
21410472.0	 452.95269775390625	 114.32512664794922	 366753.34375
21410356.0	 467.77423095703125	 110.40483856201172	 371466.40625
21410298.0	 466.9134216308594	 122.40104675292969	 477844.65625
21410240.0	 483.4892272949219	 116.56653594970703	 495056.5625
21410182.0	 494.4201965332031	 111.69459533691406	 457284.125
21410122.0	 480.71038818359375	 109.85393524169922	 400957.34375
21410064.0	 472.61859130859375	 125.0689697265625	 440595.90625
21410006.0	 488.1807861328125	 121.13175964355469	 477035.53125
21409366.0	 435.5666809082031	 119.0486831665039	 327825.9375
21407500.0	 498.53570556640625	 128.02520751953125	 625292.125
21405634.0	 474.659912109375	 122.98847198486328	 429220.21875
21403770.0	 428.8332214355469	 117.74929809570312	 311407.5
21401906.0	 512.8876953125	 119.52045440673828	 636863.4375
21400038.0	 556.8034057617188	 102.03068542480469	 590095.5
21394444.0	 511.06793212890625	 140.31809997558594	 658630.1875
21392578.0	 540.193603515625	 113.34501647949219	 542726.25
21390712.0	 521.3877563476562	 122.57955169677734	 479618.25
21389840.0	 522.2904663085938	 133.8811798095703	 567445.875
21389782.0	 529.1986083984375	 125.34786224365234	 598101.0625
21389724.0	 527.2040405273438	 136.34976196289062	 536921.1875
21389664.0	 539.1585693359375	 143.7148895263672	 594784.6875
21389604.0	 536.021728515625	 139.16482543945312	 635951.25
21389546.0	 534.8717041015625	 124.1154556274414	 604863.25
21389488.0	 556.421875	 125.08019256591797	 566387.625
21389430.0	 528.9359130859375	 119.60679626464844	 514810.03125
21389372.0	 534.001953125	 118.35279083251953	 522198.78125
21389314.0	 521.3441772460938	 111.85926818847656	 480317.28125
21389256.0	 502.102294921875	 123.76371765136719	 470768.4375
21389138.0	 464.88519287109375	 119.81726837158203	 404920.40625
21388354.0	 498.29229736328125	 117.87936401367188	 420824.03125
21388322.0	 487.7373352050781	 125.72441101074219	 1038808.25
21388296.0	 522.9570922851562	 118.8260498046875	 521985.96875
21388264.0	 533.4708862304688	 134.08050537109375	 557346.8125
21388236.0	 517.3140869140625	 131.4889373779297	 608076.8125
21388206.0	 551.4595947265625	 148.5706024169922	 1011046.25
21388148.0	 552.0626831054688	 130.4373779296875	 1153444.75
21388120.0	 536.71630859375	 133.42727661132812	 1135808.5
21388090.0	 543.2029418945312	 129.67689514160156	 845949.75
21388060.0	 530.2006225585938	 140.015869140625	 1163923.875
21388032.0	 514.3597412109375	 109.2718276977539	 478470.09375
21388002.0	 516.8978881835938	 127.42218017578125	 535097.75
21387974.0	 526.9463500976562	 129.02220153808594	 600370.5625
21387944.0	 527.2793579101562	 125.92761993408203	 658077.75
21387914.0	 528.4171752929688	 120.86885833740234	 526572.875
21387886.0	 511.5417785644531	 141.93482971191406	 581432.6875
21387856.0	 516.9804077148438	 108.82501220703125	 411315.96875
21387828.0	 502.65838623046875	 122.91582489013672	 471232.15625
21387800.0	 513.9908447265625	 122.63465881347656	 485663.28125
21387770.0	 530.2823486328125	 119.7378921508789	 492799.09375
21387740.0	 520.2389526367188	 116.51201629638672	 537906.6875
21387712.0	 523.4290161132812	 123.56736755371094	 598316.75
21387682.0	 521.751953125	 139.6861114501953	 543485.0
21387652.0	 508.2098083496094	 124.08394622802734	 493635.71875
21387624.0	 507.77386474609375	 123.052490234375	 519441.6875
21387594.0	 514.9430541992188	 130.53672790527344	 551075.5625
21387566.0	 498.12939453125	 135.6699981689453	 859486.375
21387536.0	 494.88134765625	 123.92921447753906	 427455.8125
21387508.0	 505.7008972167969	 114.2949447631836	 452553.96875
21387478.0	 500.5376892089844	 125.22183990478516	 474175.1875
21387448.0	 513.2671508789062	 123.25958251953125	 539380.5625
21387390.0	 517.5328369140625	 122.2451400756836	 557748.25
21387362.0	 512.6612548828125	 120.79496765136719	 497212.21875
21387332.0	 516.8972778320312	 128.8790740966797	 558675.4375
21387304.0	 494.1781005859375	 119.60257720947266	 450890.125
21387274.0	 525.6412353515625	 118.47988891601562	 538454.6875
21387246.0	 518.7156372070312	 118.48612213134766	 510022.71875
21387216.0	 510.9451599121094	 114.21160125732422	 441744.09375
21387188.0	 495.1178283691406	 124.67012786865234	 482738.46875
21387158.0	 496.9346923828125	 119.86775207519531	 446600.375
21387128.0	 504.0763244628906	 127.01380920410156	 542887.75
21387100.0	 526.8876953125	 121.6324691772461	 588133.0
21387042.0	 522.3106689453125	 116.17042541503906	 533880.3125
21387010.0	 522.2811889648438	 106.1625747680664	 480058.3125
21386984.0	 501.5202331542969	 112.81169128417969	 418512.9375
21386954.0	 497.53302001953125	 155.07614135742188	 675262.5
21386924.0	 509.95703125	 118.7936019897461	 518382.78125
21386894.0	 483.5395202636719	 114.73065948486328	 585247.5625
21386866.0	 502.84429931640625	 116.90011596679688	 480427.1875
21386836.0	 493.11444091796875	 121.09761810302734	 496875.625
21386808.0	 507.1841735839844	 111.21825408935547	 462178.375
21386778.0	 529.03466796875	 127.91266632080078	 611563.875
21386750.0	 527.313232421875	 116.95027160644531	 555809.0625
21386720.0	 497.441650390625	 133.20059204101562	 526158.1875
21386692.0	 515.0643310546875	 112.82173156738281	 477993.25
21386662.0	 503.6561584472656	 112.1014175415039	 481775.5
21386634.0	 514.2529907226562	 116.96497344970703	 549225.0
21386604.0	 510.3534240722656	 124.31974792480469	 521300.75
21386574.0	 496.72979736328125	 115.15959167480469	 451879.71875
21386546.0	 495.2104797363281	 117.56695556640625	 479927.15625
21386516.0	 495.0828552246094	 114.66356658935547	 445008.53125
21386488.0	 486.2825927734375	 132.16168212890625	 573443.9375
21386400.0	 498.8943786621094	 122.53826141357422	 471154.28125
21386370.0	 509.0956726074219	 128.94065856933594	 594714.3125
21386340.0	 516.9780883789062	 111.19012451171875	 512421.90625
21386312.0	 503.6824951171875	 108.7208023071289	 449341.125
21386282.0	 504.7967224121094	 124.85648345947266	 526918.3125
21386254.0	 498.9192810058594	 122.53959655761719	 683992.9375
21386224.0	 511.83831787109375	 113.74757385253906	 478284.5625
21386196.0	 507.94671630859375	 114.56371307373047	 507504.25
21386166.0	 504.0103759765625	 120.1889877319336	 532097.875
21386138.0	 522.254150390625	 123.38847351074219	 522521.65625
21386108.0	 498.9729919433594	 127.34220123291016	 532998.25
21386078.0	 528.60595703125	 119.63031005859375	 613718.8125
21386050.0	 528.1695556640625	 119.90635681152344	 690134.625
21386020.0	 520.6878051757812	 138.74693298339844	 1056964.625
21385992.0	 544.3889770507812	 109.39047241210938	 603028.5625
21385962.0	 528.8004150390625	 107.72547149658203	 506848.5625
21385934.0	 524.3731079101562	 116.25133514404297	 600583.0625
21385904.0	 494.80908203125	 127.78292846679688	 925776.9375
21385876.0	 517.7848510742188	 114.49713134765625	 593215.375
21385844.0	 526.5811767578125	 115.14114379882812	 799802.1875
21385816.0	 536.4707641601562	 116.57469940185547	 576183.8125
21385758.0	 552.5671997070312	 111.92524719238281	 854282.875
21385728.0	 528.6624145507812	 99.81434631347656	 448987.15625
21385700.0	 533.5538330078125	 116.74299621582031	 636393.25
21385670.0	 507.0963134765625	 106.82477569580078	 461396.9375
21385644.0	 531.6368408203125	 110.75178527832031	 566808.3125
21385612.0	 520.7752075195312	 116.7950439453125	 584551.75
21385582.0	 525.9381103515625	 100.22765350341797	 477166.09375
21385554.0	 538.3093872070312	 113.46315002441406	 546339.5625
21385524.0	 501.16168212890625	 114.45574188232422	 627198.0625
21385466.0	 482.6694641113281	 108.64767456054688	 406554.71875
21385438.0	 483.5340881347656	 112.53915405273438	 430065.46875
21385408.0	 478.767822265625	 110.3740463256836	 449833.53125
21385380.0	 481.1416015625	 108.69874572753906	 453155.0625
21385350.0	 469.9761047363281	 104.13610076904297	 368484.40625
21385322.0	 444.1044616699219	 104.77704620361328	 329159.78125
21385290.0	 432.73321533203125	 98.98383331298828	 257132.75
21385264.0	 436.3849182128906	 104.22166442871094	 329294.21875
21385234.0	 459.85552978515625	 122.07186126708984	 388428.21875
21385206.0	 456.0696716308594	 121.93605041503906	 365400.40625
21385176.0	 456.57037353515625	 110.73705291748047	 358648.75
21385148.0	 445.64739990234375	 112.01482391357422	 347708.125
21385118.0	 448.0184020996094	 109.3463134765625	 291821.5
21385088.0	 459.2595520019531	 111.92027282714844	 331273.46875
21385060.0	 455.4957580566406	 116.27515411376953	 428676.90625
21385028.0	 456.40716552734375	 118.1513671875	 439903.625
21385000.0	 458.84600830078125	 105.0271987915039	 315917.875
21384970.0	 450.7108459472656	 106.20866394042969	 305569.46875
21384942.0	 460.0043029785156	 113.37031555175781	 363413.71875
21384912.0	 456.8103332519531	 106.9853744506836	 304737.9375
21384884.0	 434.1618957519531	 107.2923583984375	 280376.65625
21384854.0	 439.1116027832031	 107.57784271240234	 277695.0625
21384826.0	 413.7976379394531	 104.90928649902344	 233266.59375
21384798.0	 417.8916015625	 132.64169311523438	 368728.84375
21384768.0	 424.2113952636719	 99.60936737060547	 200615.640625
21384738.0	 421.6179504394531	 110.01526641845703	 229490.015625
21384710.0	 416.93963623046875	 104.79461669921875	 223047.90625
21384680.0	 423.8101806640625	 109.89850616455078	 240060.15625
21384650.0	 422.5447692871094	 115.38037109375	 258325.953125
21384622.0	 412.9234619140625	 104.91732025146484	 206683.09375
21384592.0	 417.92437744140625	 111.70835876464844	 219695.015625
21384564.0	 415.5925598144531	 120.30509948730469	 261419.265625
21384506.0	 413.9914855957031	 119.5502700805664	 415290.78125
21384476.0	 436.7738342285156	 108.74422454833984	 308719.28125
21384446.0	 428.3636779785156	 103.9578628540039	 284500.03125
21384418.0	 429.9755859375	 117.59603118896484	 300204.1875
21384388.0	 415.2691345214844	 112.98247528076172	 249505.078125
21384360.0	 414.1063537597656	 104.01258850097656	 234000.609375
21384332.0	 406.32415771484375	 112.78203582763672	 276529.96875
21384300.0	 414.0487976074219	 110.92752075195312	 262280.0625
21384274.0	 414.27862548828125	 109.09498596191406	 233912.09375
21384242.0	 412.725830078125	 106.44713592529297	 203875.796875
21384214.0	 411.12078857421875	 114.78118133544922	 224369.390625
21384184.0	 408.0162048339844	 109.89639282226562	 205897.28125
21384154.0	 413.5244140625	 116.8731689453125	 236901.265625
21384126.0	 406.55633544921875	 111.26327514648438	 215394.65625
21384096.0	 409.77642822265625	 108.14879608154297	 205013.421875
21384068.0	 405.45953369140625	 102.33902740478516	 208986.1875
21384038.0	 408.3377685546875	 103.47982788085938	 193515.703125
21384010.0	 404.8339538574219	 108.94573211669922	 213469.90625
21383980.0	 405.8034362792969	 102.00193786621094	 201789.1875
21383952.0	 407.0582580566406	 108.37581634521484	 200628.484375
21383922.0	 416.5346984863281	 113.91433715820312	 221765.28125
21383894.0	 406.7135314941406	 93.25929260253906	 197105.390625
21383864.0	 415.35302734375	 110.43596649169922	 224229.078125
21383836.0	 422.7922058105469	 104.9389877319336	 222078.21875
21383806.0	 420.561767578125	 107.3893051147461	 270862.1875
21383778.0	 411.6098327636719	 99.76889038085938	 187623.125
21383748.0	 418.3008728027344	 107.77745056152344	 234080.984375
21383718.0	 416.2558898925781	 106.1129150390625	 206206.71875
21383690.0	 405.5560607910156	 105.6998062133789	 214595.953125
21383660.0	 411.34625244140625	 101.36489868164062	 204879.15625
21383630.0	 402.6708679199219	 98.09459686279297	 206329.15625
21383600.0	 407.20013427734375	 109.00308990478516	 223547.53125
21383542.0	 411.56280517578125	 109.69314575195312	 198968.78125
21383514.0	 405.4996643066406	 122.42621612548828	 291865.8125
21383484.0	 386.5148010253906	 111.90237426757812	 232090.609375
21383458.0	 387.5163269042969	 99.46670532226562	 195960.046875
21383426.0	 386.2336120605469	 103.59030151367188	 183743.234375
21383398.0	 393.2530517578125	 122.18748474121094	 219266.328125
21383368.0	 401.283203125	 109.54178619384766	 229267.5625
21383340.0	 390.3232116699219	 96.70358276367188	 192940.75
21383310.0	 401.3411865234375	 114.08189392089844	 280030.875
21383280.0	 406.77899169921875	 92.50263214111328	 201894.109375
21383252.0	 404.1283264160156	 100.23851776123047	 203416.3125
21383222.0	 412.0362548828125	 118.06941986083984	 231940.921875
21383194.0	 436.6634521484375	 117.985595703125	 389494.40625
21383164.0	 483.2550964355469	 136.41891479492188	 579937.8125
21383136.0	 459.77105712890625	 98.71846771240234	 350989.78125
21383106.0	 436.05548095703125	 114.55075073242188	 308560.59375
21383078.0	 426.9830627441406	 123.6353530883789	 597453.1875
21383048.0	 467.7178649902344	 139.76377868652344	 522176.6875
21383018.0	 460.9263000488281	 124.93321990966797	 424653.96875
21382990.0	 473.3136291503906	 121.56005096435547	 618804.375
21382960.0	 469.4601745605469	 99.83623504638672	 398691.4375
21382932.0	 474.09649658203125	 107.43912506103516	 465012.65625
21382902.0	 456.6026916503906	 89.97946166992188	 267952.3125
21382872.0	 446.3521728515625	 122.96183776855469	 369144.53125
21382844.0	 435.558837890625	 97.88577270507812	 259393.234375
21382814.0	 424.3368225097656	 105.03485107421875	 276275.28125
21382786.0	 443.43475341796875	 119.28564453125	 324748.65625
21382756.0	 433.4073486328125	 105.18025970458984	 270250.5625
21382726.0	 423.78662109375	 111.55712127685547	 283682.5
21382698.0	 423.84844970703125	 110.95043182373047	 238931.140625
21382668.0	 428.9405822753906	 119.18789672851562	 296628.90625
21382640.0	 438.113037109375	 113.88179779052734	 333576.0625
21382582.0	 438.7008361816406	 112.7583999633789	 310657.53125
21382552.0	 434.82550048828125	 115.23688507080078	 347057.6875
21382524.0	 442.8035583496094	 131.35391235351562	 366000.9375
21382494.0	 441.7247009277344	 107.32583618164062	 313167.96875
21382466.0	 435.93218994140625	 101.73514556884766	 275874.0
21382436.0	 435.49786376953125	 105.67508697509766	 290941.125
21382408.0	 435.47161865234375	 113.95295715332031	 373998.9375
21382348.0	 431.0771789550781	 108.2335205078125	 320743.0
21382318.0	 426.76495361328125	 112.738037109375	 254834.5
21382290.0	 421.4913635253906	 105.75787353515625	 232285.015625
21382230.0	 415.9116516113281	 117.71456909179688	 246064.578125
21382202.0	 442.881103515625	 129.1632537841797	 365309.75
21382172.0	 443.1358337402344	 103.97032165527344	 311528.5625
21382114.0	 417.4367980957031	 105.79434967041016	 259148.28125
21382088.0	 423.2313537597656	 109.06951904296875	 285158.96875
21382028.0	 429.8067321777344	 118.06525421142578	 289462.59375
21381998.0	 429.9238586425781	 104.0428695678711	 254331.0625
21381970.0	 408.6419372558594	 89.60858154296875	 198411.015625
21381940.0	 408.71728515625	 103.0788803100586	 204938.609375
21381910.0	 428.1644592285156	 115.52397918701172	 264336.15625
21381882.0	 434.9605407714844	 108.41592407226562	 273345.15625
21381852.0	 429.5197448730469	 110.6271743774414	 270988.78125
21381824.0	 420.2954406738281	 101.94784545898438	 232031.984375
21381794.0	 407.2064514160156	 92.66346740722656	 187808.9375
21381766.0	 426.619384765625	 117.21761322021484	 290601.21875
21381736.0	 439.7325134277344	 114.57366180419922	 298698.875
21381708.0	 429.2030029296875	 102.62627410888672	 263608.5625
21381678.0	 413.1212158203125	 105.18778228759766	 230412.3125
21381620.0	 420.7718505859375	 105.70346069335938	 250242.453125
21381592.0	 416.7059020996094	 113.18719482421875	 282339.4375
21381562.0	 414.7463073730469	 103.65666198730469	 226636.1875
21381534.0	 415.0263671875	 109.39961242675781	 268426.6875
21381502.0	 415.6816101074219	 116.61612701416016	 250684.265625
21381474.0	 432.10406494140625	 109.39790344238281	 266226.09375
21381444.0	 435.6929626464844	 103.83999633789062	 262251.875
21381416.0	 427.01531982421875	 106.8726806640625	 269035.1875
21381386.0	 425.1685791015625	 101.34815216064453	 236056.234375
21381356.0	 422.21966552734375	 107.98700714111328	 239170.8125
21381328.0	 417.20220947265625	 107.03809356689453	 227198.265625
21381298.0	 409.1123352050781	 107.12227630615234	 250781.578125
21381270.0	 417.0506896972656	 101.9345703125	 256578.3125
21381240.0	 412.60760498046875	 107.15143585205078	 240075.515625
21381212.0	 409.75140380859375	 100.49241638183594	 225134.6875
21381182.0	 412.2801818847656	 96.41954803466797	 200607.765625
21381154.0	 409.9458312988281	 107.5990982055664	 243432.203125
21381124.0	 405.53253173828125	 107.37689971923828	 225940.0
21381096.0	 407.6899719238281	 107.91693878173828	 224530.546875
21381066.0	 414.5166320800781	 113.48992919921875	 259193.109375
21381036.0	 408.6224365234375	 107.98178100585938	 248958.640625
21381008.0	 413.80609130859375	 109.48682403564453	 271881.1875
21380978.0	 424.90399169921875	 108.44325256347656	 269100.09375
21380950.0	 421.37762451171875	 110.60025024414062	 250120.484375
21380920.0	 427.618896484375	 103.90058135986328	 272823.46875
21380890.0	 432.43585205078125	 101.51549530029297	 272407.0
21380862.0	 429.0233154296875	 98.06620788574219	 263034.125
21380832.0	 424.6174011230469	 103.50791931152344	 259263.40625
21380804.0	 424.7843322753906	 106.707275390625	 271817.5625
21380774.0	 430.5142822265625	 112.7950439453125	 303393.96875
21380746.0	 440.783447265625	 105.92374420166016	 305346.21875
21380718.0	 442.8786315917969	 128.42593383789062	 352066.03125
21380658.0	 428.63763427734375	 111.94017028808594	 280192.5625
21380628.0	 422.5355529785156	 103.4334716796875	 248673.390625
21380598.0	 432.1949768066406	 112.78763580322266	 328126.5
21380570.0	 429.4149169921875	 105.33789825439453	 260958.0
21380540.0	 426.6006164550781	 105.52774810791016	 257768.0
21380512.0	 427.4593811035156	 115.5335922241211	 271222.1875
21380482.0	 434.8930358886719	 116.36332702636719	 303105.46875
21380454.0	 422.90936279296875	 106.03958892822266	 244878.265625
21380424.0	 418.4102783203125	 99.5665054321289	 212586.484375
21380396.0	 416.07415771484375	 103.8172836303711	 218909.40625
21380366.0	 404.5412902832031	 99.84327697753906	 192878.59375
21380338.0	 410.5341796875	 106.55489349365234	 219146.609375
21380308.0	 408.28021240234375	 105.9549789428711	 197121.328125
21380280.0	 407.68878173828125	 102.650634765625	 170135.0
21380250.0	 407.6637878417969	 119.53046417236328	 209783.640625
21380192.0	 415.24652099609375	 104.30217742919922	 280846.5
21380162.0	 454.63702392578125	 186.73590087890625	 953729.5
21380134.0	 519.623779296875	 119.18760681152344	 609673.4375
21380104.0	 532.7496337890625	 105.20948028564453	 554182.75
21380076.0	 507.598876953125	 116.1663589477539	 755811.9375
21380044.0	 520.9656982421875	 110.62482452392578	 602716.5
21380018.0	 510.4179992675781	 124.97587585449219	 782779.0
21379986.0	 508.6672668457031	 139.75680541992188	 1351029.125
21379960.0	 587.1221923828125	 95.05918884277344	 615411.375
21379928.0	 554.361083984375	 103.98668670654297	 593872.75
21379900.0	 533.1640014648438	 105.2023696899414	 657196.375
21379870.0	 523.1306762695312	 118.18392944335938	 965430.9375
21379812.0	 476.92431640625	 143.60952758789062	 1118572.375
21379782.0	 480.630615234375	 125.34709167480469	 1119194.0
21379754.0	 439.21337890625	 97.89974975585938	 368927.3125
21379696.0	 517.3621215820312	 119.60189056396484	 561947.0
21379666.0	 507.670166015625	 101.60421752929688	 504745.875
21379638.0	 485.22784423828125	 108.16500854492188	 471938.15625
21379608.0	 525.3582763671875	 117.99574279785156	 1154008.875
21379580.0	 537.7200927734375	 108.96665954589844	 593628.75
21379550.0	 488.8955078125	 92.4609375	 341859.75
21379522.0	 463.3593444824219	 113.83346557617188	 348786.1875
21379492.0	 482.8382873535156	 130.36972045898438	 456902.0
21379464.0	 479.150146484375	 109.59844970703125	 404223.8125
21379434.0	 488.4269104003906	 111.70808410644531	 393286.53125
21379404.0	 499.21087646484375	 124.33258819580078	 421145.21875
21379376.0	 472.0982971191406	 127.92306518554688	 429564.0
21379344.0	 462.4164123535156	 128.85073852539062	 414855.8125
21379318.0	 470.1470031738281	 118.94954681396484	 347132.0
21379286.0	 476.6125793457031	 118.27899169921875	 425120.4375
21379260.0	 469.52630615234375	 117.27152252197266	 453698.9375
21379230.0	 488.6794738769531	 118.33634948730469	 540591.1875
21379202.0	 528.9552001953125	 119.02811431884766	 578181.5
21379172.0	 502.3115234375	 118.44715881347656	 464202.0625
21379144.0	 485.83587646484375	 116.04356384277344	 406865.15625
21379114.0	 468.9569396972656	 117.6708755493164	 406908.1875
21379086.0	 483.77276611328125	 113.75996398925781	 447818.84375
21379054.0	 487.3687744140625	 95.19204711914062	 448096.96875
21379026.0	 476.7292785644531	 117.7752685546875	 718535.625
21378996.0	 517.4996337890625	 131.1324005126953	 875216.875
21378966.0	 535.8209228515625	 118.63427734375	 982175.0
21377772.0	 555.4507446289062	 109.76725769042969	 706293.0
21377744.0	 520.6057739257812	 111.72611999511719	 1088893.5
21377714.0	 551.9011840820312	 100.72574615478516	 573863.75
21377686.0	 530.3567504882812	 103.9837875366211	 1173739.75
21372352.0	 510.0830078125	 119.93399047851562	 502337.875
21372322.0	 492.5061340332031	 120.25227355957031	 415660.25
21372292.0	 493.4678955078125	 128.2847137451172	 476035.03125
21372264.0	 490.7834167480469	 110.88392639160156	 399720.59375
21372234.0	 482.5694274902344	 125.38977813720703	 472514.28125
21372206.0	 497.90069580078125	 127.01237487792969	 464232.96875
21372176.0	 505.1528625488281	 129.46766662597656	 430850.75
21372146.0	 500.8769226074219	 120.6373062133789	 494099.09375
21372118.0	 500.1666259765625	 120.0893325805664	 502694.46875
21372088.0	 492.1932373046875	 111.22148132324219	 393206.1875
21372060.0	 490.07464599609375	 122.97389221191406	 461308.84375
21372002.0	 474.3565979003906	 119.37240600585938	 395707.5625
21371972.0	 481.61236572265625	 113.48765563964844	 373803.625
21371944.0	 484.43914794921875	 123.11076354980469	 413973.3125
21371914.0	 480.8903503417969	 123.28758239746094	 438089.5
21371884.0	 482.04345703125	 113.06427001953125	 373940.9375
21371856.0	 474.0791320800781	 125.90616607666016	 427594.15625
21371826.0	 484.92156982421875	 115.72665405273438	 419644.6875
21371798.0	 480.1136474609375	 119.8492660522461	 424078.25
21371768.0	 473.1968994140625	 112.17695617675781	 380321.625
21371740.0	 475.6517028808594	 116.05465698242188	 402742.3125
21371710.0	 479.6792297363281	 114.47769927978516	 367947.75
21371682.0	 475.4508056640625	 116.23665618896484	 396526.15625
21371652.0	 471.7494201660156	 124.31559753417969	 392101.96875
21371624.0	 471.9434509277344	 116.21843719482422	 370722.0
21371594.0	 482.2664794921875	 113.07425689697266	 402118.28125
21371566.0	 485.32281494140625	 115.27312469482422	 418912.75
21371536.0	 486.8544616699219	 118.685302734375	 468869.125
21371504.0	 502.8169860839844	 122.25379943847656	 464419.0
21371476.0	 501.65679931640625	 123.36246490478516	 456105.65625
21371446.0	 498.2920227050781	 116.64047241210938	 472766.15625
21371418.0	 484.6133728027344	 114.85694885253906	 431558.90625
21371388.0	 483.1970520019531	 110.99700164794922	 415306.875
21371360.0	 490.83294677734375	 113.57483673095703	 423902.625
21371330.0	 478.8163757324219	 108.6844482421875	 382967.84375
21371302.0	 463.56732177734375	 107.73802185058594	 442784.5625
21371274.0	 467.4211120605469	 111.14523315429688	 365251.65625
21371244.0	 463.7200927734375	 122.8756332397461	 412678.84375
21371214.0	 476.9338073730469	 118.7698745727539	 413140.59375
21371184.0	 472.23858642578125	 111.18213653564453	 372014.125
21371156.0	 475.4517517089844	 113.39095306396484	 368963.53125
21371126.0	 481.5927734375	 114.35882568359375	 423693.1875
21371098.0	 477.168701171875	 116.10189819335938	 386805.65625
21371040.0	 486.4093322753906	 112.75633239746094	 424139.59375
21371012.0	 474.7957458496094	 120.33889770507812	 401146.53125
21370982.0	 478.44482421875	 124.76052856445312	 442460.6875
21370952.0	 474.33270263671875	 121.93817901611328	 405541.25
21370924.0	 471.6462707519531	 118.14868927001953	 384044.5625
21370894.0	 472.10357666015625	 112.30013275146484	 371055.875
21370866.0	 477.8149108886719	 116.30261993408203	 420795.59375
21370836.0	 504.9176330566406	 109.08677673339844	 454531.6875
21370806.0	 512.0155029296875	 112.84215545654297	 515277.15625
21370778.0	 527.6198120117188	 111.78243255615234	 521940.875
21370748.0	 529.8580322265625	 110.69972229003906	 552390.0625
21370720.0	 525.1038818359375	 112.74564361572266	 524460.3125
21370690.0	 522.3042602539062	 110.38836669921875	 488499.8125
21370660.0	 517.2855834960938	 118.44623565673828	 625277.5
21370632.0	 525.9155883789062	 111.8216781616211	 550523.625
21370602.0	 528.3992919921875	 120.19517517089844	 732775.1875
21370572.0	 523.10400390625	 117.67131805419922	 539961.0625
21370544.0	 519.3701782226562	 116.56922912597656	 647981.9375
21370514.0	 525.48876953125	 112.85337829589844	 476715.84375
21370486.0	 519.2904663085938	 112.39832305908203	 514003.84375
21370456.0	 505.6676940917969	 111.63261413574219	 486172.84375
21370428.0	 504.9825744628906	 114.69771575927734	 515010.375
21370398.0	 495.6607971191406	 118.60595703125	 464926.0
21370368.0	 500.7147521972656	 120.53092956542969	 525354.75
21370340.0	 502.8395080566406	 109.42520141601562	 530026.125
21370310.0	 486.3567810058594	 107.80652618408203	 415915.15625
21370282.0	 450.0480651855469	 106.35778045654297	 323548.90625
21370252.0	 479.7047119140625	 117.11763000488281	 446196.8125
21370226.0	 485.01123046875	 115.8139877319336	 433798.75
21370194.0	 489.1920471191406	 112.24058532714844	 395970.65625
21370166.0	 500.0256652832031	 119.3144302368164	 463451.4375
21370136.0	 514.1038208007812	 126.87510681152344	 564959.8125
21370078.0	 512.35791015625	 119.5816421508789	 486841.9375
21370048.0	 511.1502380371094	 115.39236450195312	 524946.625
21370020.0	 507.5611267089844	 115.95036315917969	 566688.9375
21369990.0	 502.27032470703125	 122.8446273803711	 629667.5
21369962.0	 508.5682067871094	 115.94975280761719	 508676.25
21369932.0	 489.27880859375	 132.81552124023438	 1044715.75
21369904.0	 510.8649597167969	 118.80115509033203	 500872.0625
21369874.0	 512.056640625	 103.31552124023438	 441502.375
21369844.0	 512.0559692382812	 112.39218139648438	 462991.34375
21369816.0	 501.1642761230469	 108.69932556152344	 486584.9375
21369786.0	 495.21429443359375	 107.96967315673828	 478881.9375
21369758.0	 493.2109069824219	 126.54866027832031	 497902.6875
21369728.0	 494.3974914550781	 109.61752319335938	 457185.71875
21369700.0	 481.27056884765625	 117.8954849243164	 418331.65625
21369670.0	 490.0836181640625	 109.06880950927734	 447008.15625
21369612.0	 485.04351806640625	 112.8529281616211	 422826.15625
21369582.0	 473.1144714355469	 109.28630065917969	 372485.9375
21369552.0	 470.4338684082031	 108.32601165771484	 318413.375
21369524.0	 476.2828369140625	 128.8729248046875	 488564.40625
21369464.0	 477.7862854003906	 110.85865020751953	 376594.3125
21369436.0	 482.6300354003906	 109.80768585205078	 384442.5
21369406.0	 469.966796875	 116.5508041381836	 393604.21875
21369378.0	 473.88787841796875	 108.69073486328125	 406021.34375
21369348.0	 479.91363525390625	 119.53227233886719	 474945.9375
21369320.0	 475.27740478515625	 110.65241241455078	 372775.4375
21369290.0	 466.73529052734375	 112.73467254638672	 356409.59375
21369262.0	 465.7582702636719	 105.60991668701172	 364424.03125
21369232.0	 457.4807434082031	 114.28733825683594	 371976.53125
21369204.0	 459.7433166503906	 117.45687866210938	 362702.96875
21369174.0	 461.5625915527344	 115.26273345947266	 371370.53125
21369116.0	 486.60443115234375	 126.3866195678711	 463053.90625
21369086.0	 501.276123046875	 123.53761291503906	 462523.21875
21369058.0	 499.4755859375	 105.7898178100586	 396417.46875
21369028.0	 483.0824890136719	 121.38713836669922	 489418.4375
21368970.0	 481.1609802246094	 125.39324951171875	 502227.6875
21368942.0	 475.8675231933594	 117.65065002441406	 546448.625
21368912.0	 476.62139892578125	 110.02377319335938	 391140.5
21368884.0	 479.4220886230469	 115.68251037597656	 500332.65625
21368854.0	 489.0194091796875	 111.96534729003906	 414410.09375
21368824.0	 479.7065124511719	 122.50735473632812	 440889.40625
21368794.0	 483.078857421875	 106.18620300292969	 358469.3125
21368764.0	 471.1971130371094	 117.45621490478516	 393432.78125
21368736.0	 464.7112731933594	 116.85910034179688	 429140.3125
21368706.0	 459.19451904296875	 108.16129302978516	 352752.1875
21368680.0	 457.6492614746094	 124.72318267822266	 390940.0625
21368648.0	 472.6988830566406	 132.27102661132812	 441310.65625
21368622.0	 476.9364318847656	 111.82852172851562	 389062.21875
21368590.0	 480.4883117675781	 112.08544158935547	 397811.8125
21368564.0	 479.199462890625	 123.14424896240234	 399323.03125
21368534.0	 476.7127380371094	 117.5867691040039	 388738.59375
21368502.0	 477.8597412109375	 114.21236419677734	 365964.5625
21368476.0	 476.8031921386719	 114.63470458984375	 378644.0
21368444.0	 487.68115234375	 125.77063751220703	 444000.0
21368418.0	 492.7937316894531	 121.47994232177734	 523489.90625
21368386.0	 471.2789001464844	 111.12700653076172	 334024.15625
21368358.0	 481.0142517089844	 127.94276428222656	 497842.4375
21368330.0	 485.3976135253906	 116.6343765258789	 436406.625
21368300.0	 481.70806884765625	 109.52467346191406	 406210.96875
21368272.0	 475.0640563964844	 124.6451644897461	 426620.8125
21368242.0	 472.5968322753906	 123.71448516845703	 533026.125
21368212.0	 497.874755859375	 114.81725311279297	 438779.40625
21368154.0	 502.88330078125	 121.45376586914062	 528540.875
21368096.0	 496.61407470703125	 115.95527648925781	 462270.71875
21368066.0	 489.6951599121094	 122.0710220336914	 549005.8125
21368038.0	 493.58770751953125	 114.22285461425781	 501094.46875
21368008.0	 541.6389770507812	 107.47710418701172	 522672.59375
21367980.0	 568.7059326171875	 95.29949188232422	 523810.5625
21367950.0	 506.90948486328125	 128.51336669921875	 574404.3125
21367922.0	 502.0628356933594	 112.38093566894531	 457323.96875
21367892.0	 499.5998229980469	 122.27535247802734	 483536.28125
21367862.0	 497.4212646484375	 105.15911102294922	 418139.1875
21367834.0	 490.73309326171875	 116.66748046875	 414235.09375
21367804.0	 488.33447265625	 123.03014373779297	 512983.1875
21367776.0	 488.3457946777344	 124.08773040771484	 470064.65625
21367746.0	 491.3736267089844	 131.77749633789062	 565047.5
21367718.0	 487.7834167480469	 117.27472686767578	 424944.75
21367686.0	 482.41162109375	 116.47110748291016	 426113.375
21367660.0	 484.08392333984375	 113.3500747680664	 439292.21875
21367628.0	 488.5453186035156	 117.32621765136719	 487836.96875
21367602.0	 490.72760009765625	 119.99696350097656	 435396.9375
21367572.0	 502.1589050292969	 113.73094177246094	 449743.40625
21367540.0	 501.8224792480469	 112.61359405517578	 478341.59375
21367514.0	 508.94024658203125	 111.03494262695312	 472337.75
21367482.0	 492.92108154296875	 116.06362915039062	 458017.40625
21367456.0	 492.25714111328125	 113.4315185546875	 442916.34375
21367424.0	 493.0959777832031	 116.80973052978516	 438611.46875
21367396.0	 487.3445129394531	 110.66312408447266	 460369.875
21367366.0	 484.4416198730469	 111.01018524169922	 516353.625
21367340.0	 497.848876953125	 123.17305755615234	 467226.53125
21367308.0	 500.93121337890625	 113.58033752441406	 478020.34375
21367280.0	 499.0218200683594	 113.44882202148438	 443657.15625
21367250.0	 506.05645751953125	 121.02708435058594	 522289.6875
21367192.0	 499.7304992675781	 118.9862289428711	 464697.59375
21367162.0	 497.41259765625	 108.47846984863281	 424500.875
21367134.0	 491.3873596191406	 115.60105895996094	 495016.3125
21367104.0	 496.1918029785156	 122.08341217041016	 472531.21875
21367076.0	 501.37103271484375	 121.79773712158203	 526830.75
21367046.0	 501.65228271484375	 116.07408142089844	 474610.84375
21367018.0	 497.4691467285156	 112.87999725341797	 445702.9375
21366988.0	 475.4462890625	 113.43605041503906	 370170.5625
21366960.0	 463.4690856933594	 121.92447662353516	 423474.875
21366930.0	 497.7271423339844	 127.76313781738281	 632140.75
21366900.0	 510.253662109375	 115.01091003417969	 530759.8125
21366872.0	 508.05133056640625	 120.85000610351562	 535312.75
21366842.0	 511.74798583984375	 109.51322174072266	 485481.03125
21366814.0	 506.39227294921875	 99.11944580078125	 568173.8125
21366784.0	 503.5704650878906	 124.47561645507812	 492100.46875
21366756.0	 518.3408203125	 108.76423645019531	 498508.15625
21366726.0	 501.096435546875	 122.26193237304688	 489070.875
21366698.0	 507.5146484375	 105.6806411743164	 412589.25
21366668.0	 486.4975891113281	 137.0532989501953	 719621.25
21366640.0	 500.2788391113281	 116.86229705810547	 475229.46875
21366608.0	 509.9213562011719	 122.32013702392578	 480874.84375
21366578.0	 496.90753173828125	 116.14019012451172	 481894.4375
21366550.0	 519.8045043945312	 116.65775299072266	 449701.25
21366520.0	 513.1177978515625	 111.48046875	 425097.375
21366494.0	 516.64111328125	 122.13075256347656	 607121.6875
21366462.0	 522.2247314453125	 111.54468536376953	 468131.0625
21366436.0	 508.5228576660156	 116.51673126220703	 677603.3125
21366404.0	 516.3895263671875	 116.47318267822266	 485570.46875
21366378.0	 516.961181640625	 110.3016128540039	 518333.96875
21366346.0	 516.0097045898438	 112.51859283447266	 469028.875
21366318.0	 518.984619140625	 120.03154754638672	 515117.15625
21366290.0	 524.0390014648438	 116.78302001953125	 595131.375
21366232.0	 520.731689453125	 117.74976348876953	 573207.875
21366200.0	 512.6593627929688	 133.05691528320312	 578382.75
21366174.0	 526.1021728515625	 111.80457305908203	 499248.71875
21366144.0	 514.7130126953125	 115.31128692626953	 446239.875
21366114.0	 486.1337890625	 116.19108581542969	 494474.0625
21366084.0	 480.94525146484375	 119.74740600585938	 421117.46875
21366056.0	 473.3076171875	 115.25377655029297	 391642.5625
21366026.0	 462.53277587890625	 123.76460266113281	 401636.40625
21365998.0	 502.1625671386719	 124.3513412475586	 510176.59375
21365968.0	 506.1591491699219	 118.76579284667969	 506780.5
21365938.0	 530.9334106445312	 121.20480346679688	 513205.53125
21365910.0	 557.7745361328125	 114.40122985839844	 606325.125
21365124.0	 549.6532592773438	 120.36723327636719	 1005979.0625
21365094.0	 535.4203491210938	 118.34001922607422	 1181532.625
21364976.0	 539.822021484375	 122.92830657958984	 952040.125
21364948.0	 553.5699462890625	 104.19804382324219	 570100.6875
21364918.0	 549.5302124023438	 110.94026184082031	 716832.125
21364832.0	 541.0634765625	 113.48692321777344	 611976.5625
21364802.0	 535.8882446289062	 112.27535247802734	 608763.6875
21364774.0	 520.007568359375	 128.94102478027344	 518110.65625
21364744.0	 542.164306640625	 118.93624114990234	 1217780.75
21364714.0	 554.0608520507812	 113.04601287841797	 726808.3125
21364686.0	 550.7530517578125	 107.11587524414062	 757228.0
21364656.0	 546.2190551757812	 118.19380950927734	 611979.125
21364482.0	 549.1734619140625	 110.99507904052734	 556928.0625
21364450.0	 510.1672668457031	 118.27178192138672	 543470.3125
21364424.0	 517.196533203125	 111.82046508789062	 490213.6875
21364392.0	 516.0165405273438	 114.7635498046875	 565416.1875
21364366.0	 503.6672058105469	 113.9522476196289	 457147.8125
21364308.0	 505.289794921875	 121.1987075805664	 471342.53125
21364278.0	 514.005859375	 117.33961486816406	 565995.6875
21364250.0	 520.7322998046875	 114.67141723632812	 510016.0625
21364220.0	 500.2491455078125	 112.69679260253906	 447340.28125
21364160.0	 493.26287841796875	 119.43364715576172	 919916.1875
21364130.0	 487.2004699707031	 108.55509948730469	 419291.0625
21364104.0	 498.1955871582031	 115.41541290283203	 496222.90625
21364072.0	 528.0938720703125	 111.23181915283203	 513579.125
21364044.0	 511.04107666015625	 104.4854965209961	 557779.25
21364014.0	 504.87457275390625	 112.12657165527344	 488744.28125
21363986.0	 525.22216796875	 114.72186279296875	 559102.5
21363956.0	 546.335205078125	 134.74368286132812	 874227.25
21363724.0	 541.1463623046875	 119.36083984375	 876920.375
21363666.0	 546.0083618164062	 139.41075134277344	 1215808.875
21362994.0	 562.1800537109375	 103.76668548583984	 760950.5625
21362674.0	 564.1612548828125	 105.34613037109375	 588005.3125
21362644.0	 552.7569580078125	 105.27970886230469	 573675.125
21362616.0	 538.5081787109375	 115.34221649169922	 845418.6875
21362586.0	 560.2179565429688	 111.71286010742188	 654900.0
21362092.0	 556.0853881835938	 112.8768539428711	 812992.5625
21362034.0	 555.7330932617188	 114.6781997680664	 744663.1875
21362004.0	 542.724365234375	 110.82518768310547	 568332.0
21361974.0	 543.3706665039062	 108.12167358398438	 920081.5625
21361944.0	 533.3120727539062	 117.96102905273438	 1179315.25
21361918.0	 551.3973388671875	 120.20368957519531	 610546.4375
21361886.0	 533.7324829101562	 124.58220672607422	 1354360.25
21361860.0	 554.308837890625	 107.13426208496094	 620070.5625
21361480.0	 541.6730346679688	 105.31340026855469	 574202.0
21361420.0	 531.157958984375	 104.34107208251953	 578740.375
21361392.0	 492.72064208984375	 116.24746704101562	 434504.84375
21361334.0	 462.1670837402344	 122.33843994140625	 405256.3125
21361304.0	 473.9547424316406	 120.47151947021484	 425335.1875
21361276.0	 483.9366760253906	 111.2066650390625	 394267.65625
21361246.0	 487.0072326660156	 112.33727264404297	 430117.03125
21361216.0	 486.1285705566406	 113.7540283203125	 465953.15625
21361188.0	 481.01287841796875	 104.99993896484375	 383087.4375
21361158.0	 468.0150146484375	 103.24343872070312	 438827.59375
21361130.0	 466.655517578125	 117.70941925048828	 416724.9375
21361100.0	 473.2294006347656	 115.29839324951172	 391800.09375
21361072.0	 471.38092041015625	 123.40868377685547	 447933.75
21361014.0	 470.46099853515625	 119.53614044189453	 630030.5625
21360984.0	 486.2480773925781	 112.92607116699219	 440623.4375
21360956.0	 488.6312561035156	 118.18182373046875	 452495.3125
21360924.0	 494.891845703125	 120.42869567871094	 491416.90625
21360894.0	 486.5074157714844	 113.36444091796875	 473887.84375
21360868.0	 495.0379943847656	 115.60137939453125	 439411.75
21360838.0	 494.1702880859375	 114.38272094726562	 513022.59375
21360810.0	 497.9114685058594	 111.4345703125	 526883.375
21360780.0	 498.7095947265625	 117.67178344726562	 519482.125
21360752.0	 502.4682312011719	 110.86345672607422	 485373.09375
21360722.0	 499.6564025878906	 113.09323120117188	 439524.875
21360694.0	 492.056396484375	 108.70550537109375	 455678.125
21360664.0	 490.0099792480469	 113.92544555664062	 464639.625
21360634.0	 484.90069580078125	 110.2046890258789	 453962.3125
21360606.0	 484.9753112792969	 109.64181518554688	 462152.4375
21360574.0	 466.6394348144531	 107.08392333984375	 367195.0625
21360546.0	 464.7644348144531	 110.57077026367188	 422448.5
21360516.0	 464.3231201171875	 110.62738800048828	 416718.75
21360458.0	 490.32659912109375	 102.70354461669922	 412795.34375
21360432.0	 491.5893249511719	 121.88636016845703	 532948.0625
21360400.0	 500.3763732910156	 119.85371398925781	 470485.3125
21360370.0	 490.29205322265625	 116.44220733642578	 445513.65625
21360342.0	 501.752197265625	 117.0262222290039	 458244.6875
21360312.0	 494.06890869140625	 113.55741882324219	 465048.78125
21360284.0	 490.01763916015625	 117.46446990966797	 395454.90625
21360254.0	 501.7347106933594	 132.62484741210938	 529034.6875
21360226.0	 496.0027160644531	 110.13066864013672	 649206.6875
21360196.0	 506.0952453613281	 106.4688491821289	 408991.28125
21360168.0	 502.2021179199219	 116.10700225830078	 484130.0625
21360138.0	 498.4443664550781	 117.76888275146484	 490385.53125
21360110.0	 502.05181884765625	 106.4695053100586	 459010.5
21360080.0	 511.45404052734375	 121.60546875	 537429.4375
21360050.0	 487.43060302734375	 108.09310913085938	 440108.5
21360022.0	 499.2586669921875	 93.88113403320312	 387527.96875
21359992.0	 497.2304992675781	 121.67884826660156	 524250.75
21359964.0	 505.9952087402344	 115.29853820800781	 498549.375
21359934.0	 516.543212890625	 131.14102172851562	 543100.25
21359906.0	 513.9660034179688	 118.94468688964844	 510376.28125
21359876.0	 512.2415771484375	 118.88850402832031	 530997.75
21359848.0	 507.13909912109375	 117.93838500976562	 505298.03125
21359818.0	 502.5592346191406	 124.63099670410156	 714214.0625
21359788.0	 500.7878723144531	 112.66297912597656	 459844.5
21359760.0	 496.3699951171875	 116.42845153808594	 511084.1875
21359730.0	 498.4459228515625	 112.58555603027344	 455059.28125
21359702.0	 497.8223571777344	 116.0556869506836	 520241.28125
21359672.0	 486.6019592285156	 110.14989471435547	 491540.90625
21359644.0	 488.4693298339844	 113.617431640625	 432403.5
21359614.0	 485.43243408203125	 124.00122833251953	 742240.875
21359586.0	 494.8003234863281	 113.77348327636719	 479824.21875
21359554.0	 504.1367492675781	 116.76702117919922	 458428.4375
21359496.0	 506.6912536621094	 120.03681182861328	 508397.25
21359468.0	 510.5584411621094	 117.98255920410156	 535928.8125
21359440.0	 475.1822509765625	 122.42611694335938	 392979.9375
21359410.0	 463.3999938964844	 113.70113372802734	 460788.4375
21359382.0	 468.48724365234375	 113.92546081542969	 394455.5
21359352.0	 470.867431640625	 122.90409088134766	 441472.5
21359324.0	 473.4573059082031	 113.13259887695312	 407803.25
21359292.0	 481.5565185546875	 114.61749267578125	 469787.46875
21359264.0	 485.04254150390625	 116.24763488769531	 408678.875
21359234.0	 478.4483947753906	 121.94391632080078	 596573.5
21359206.0	 473.49298095703125	 118.66575622558594	 406094.5625
21359178.0	 479.0448913574219	 108.73773193359375	 385455.34375
21359118.0	 478.98138427734375	 112.85982513427734	 418193.90625
21359090.0	 479.1820068359375	 109.64576721191406	 428812.28125
21359060.0	 484.8239440917969	 119.25590515136719	 466295.15625
21359030.0	 485.3616027832031	 113.67613220214844	 448911.78125
21359002.0	 466.4156188964844	 113.47045135498047	 562696.875
21358972.0	 471.6417541503906	 124.48955535888672	 662195.6875
21358942.0	 487.8085021972656	 114.22589111328125	 462468.53125
21358914.0	 493.21197509765625	 114.13164520263672	 434514.78125
21358884.0	 484.09735107421875	 129.9744110107422	 564658.0625
21358856.0	 480.64404296875	 121.76602935791016	 515511.0625
21358828.0	 482.0283508300781	 107.0530014038086	 398749.40625
21358798.0	 478.5757751464844	 115.14007568359375	 415446.28125
21358770.0	 490.0738220214844	 111.7334976196289	 453478.75
21358740.0	 477.9302062988281	 117.69989013671875	 436857.03125
21358710.0	 476.07354736328125	 112.3864974975586	 401028.46875
21358680.0	 473.781005859375	 115.12288665771484	 411121.90625
21358652.0	 474.0662536621094	 121.4757308959961	 428596.875
21358622.0	 469.4757995605469	 114.29338073730469	 401342.71875
21358594.0	 469.7722473144531	 113.85770416259766	 399773.65625
21358536.0	 475.7674560546875	 116.34391021728516	 387860.375
21358506.0	 474.8816223144531	 108.96105194091797	 396439.15625
21358478.0	 467.943359375	 116.14677429199219	 402347.28125
21358448.0	 475.087158203125	 107.9355239868164	 371262.6875
21358418.0	 487.63494873046875	 111.47431182861328	 438738.1875
21358390.0	 488.5432434082031	 124.96939086914062	 464656.59375
21358360.0	 482.3503112792969	 119.7501449584961	 461504.84375
21358332.0	 488.3735046386719	 112.58613586425781	 411057.21875
21358302.0	 460.9794006347656	 105.99279022216797	 364910.90625
21358272.0	 480.582763671875	 123.09841918945312	 427334.65625
21358244.0	 487.6116638183594	 119.9243392944336	 450752.53125
21358214.0	 499.8019714355469	 113.38350677490234	 485653.21875
21358186.0	 462.6520080566406	 114.34529876708984	 494025.75
21358156.0	 484.2931213378906	 130.19659423828125	 717069.5625
21358128.0	 501.4410400390625	 117.8626708984375	 444192.78125
21358098.0	 475.1194763183594	 114.71953582763672	 421657.90625
21358070.0	 477.6174011230469	 116.87530517578125	 472472.53125
21358040.0	 481.7785949707031	 126.87992858886719	 819082.375
