START:	 55.900000000000524
END:	 56.000000000000526

r [km]	 vr [km/s]	 np [cm-3]	 T [K]
38889632.0	 272.87774658203125	 494.38336181640625	 81708.6640625
38889720.0	 272.33685302734375	 499.3454284667969	 82360.3671875
38889812.0	 272.839111328125	 497.6456298828125	 79128.703125
38889904.0	 272.97259521484375	 501.0359191894531	 80814.28125
38889988.0	 273.1429748535156	 498.7700500488281	 83080.5078125
38890080.0	 273.1933288574219	 500.7121887207031	 82995.4609375
38890172.0	 272.4281005859375	 508.76629638671875	 86851.0078125
38890260.0	 272.6561584472656	 498.7602233886719	 80616.8984375
38890348.0	 272.07275390625	 501.3199768066406	 82921.4140625
38890440.0	 273.0439758300781	 500.3668518066406	 84090.0703125
38890528.0	 272.3798522949219	 499.39630126953125	 80172.25
38890620.0	 272.5302429199219	 500.7590637207031	 82129.9375
38890712.0	 272.9665222167969	 501.4200134277344	 83941.8828125
38890804.0	 273.23272705078125	 501.4334411621094	 83485.359375
38890892.0	 272.9281005859375	 501.14154052734375	 82463.6328125
38890980.0	 272.9342956542969	 505.6094055175781	 83564.9296875
38891072.0	 272.5654602050781	 500.286865234375	 81404.3828125
38891160.0	 272.4451904296875	 499.0430603027344	 78725.734375
38891252.0	 272.3337707519531	 502.0743103027344	 82794.0234375
38891432.0	 273.15472412109375	 491.3037109375	 78228.609375
38891520.0	 272.9552917480469	 499.9775390625	 80926.6328125
38891612.0	 272.7726745605469	 497.6414489746094	 79588.40625
38891696.0	 272.6940612792969	 501.9415588378906	 82312.2890625
38891788.0	 272.7044677734375	 500.03912353515625	 82345.3671875
38891880.0	 271.6786804199219	 506.0512390136719	 86116.9921875
38891968.0	 272.59637451171875	 498.0240173339844	 80645.1484375
38892060.0	 272.7117004394531	 497.79034423828125	 81054.6171875
38892152.0	 272.4929504394531	 508.5234375	 83946.2734375
38892240.0	 271.9410095214844	 506.15478515625	 82696.1796875
38892328.0	 271.6930236816406	 510.2139892578125	 89170.796875
38892420.0	 272.7527160644531	 503.4765930175781	 80701.4765625
38892512.0	 272.2614440917969	 507.939697265625	 83888.7109375
38892600.0	 272.2680969238281	 508.8770751953125	 84103.671875
38892688.0	 272.60614013671875	 507.8914489746094	 84649.59375
38892780.0	 273.5995178222656	 508.333251953125	 84047.7421875
38892868.0	 273.30926513671875	 504.58135986328125	 82822.1328125
38892960.0	 273.0370178222656	 509.2265625	 85495.890625
38893052.0	 273.38671875	 505.537353515625	 82385.3828125
38893140.0	 272.8054504394531	 505.38287353515625	 82736.953125
38893228.0	 272.2051086425781	 506.298095703125	 83156.15625
38893320.0	 273.0271911621094	 508.2777099609375	 84150.046875
38893412.0	 273.1375427246094	 502.7836608886719	 81624.7421875
38893500.0	 273.3816223144531	 500.74700927734375	 80144.4140625
38893592.0	 272.2743225097656	 501.52154541015625	 82170.9921875
38893680.0	 273.2356872558594	 498.2947692871094	 82994.453125
38893768.0	 273.4794921875	 504.3494567871094	 79499.578125
38893860.0	 273.26641845703125	 504.04290771484375	 82474.65625
38893952.0	 273.0539245605469	 507.855224609375	 80716.5390625
38894040.0	 272.6435852050781	 506.9272155761719	 84253.625
38894132.0	 272.6304626464844	 501.7893981933594	 84014.6640625
38894220.0	 273.4372863769531	 501.5466003417969	 82093.421875
38894400.0	 273.3633728027344	 502.8924255371094	 83405.953125
38894492.0	 272.4482727050781	 510.90093994140625	 86384.4453125
38894576.0	 272.72308349609375	 506.8321228027344	 82203.3125
38894668.0	 273.84039306640625	 497.3450622558594	 79812.0703125
38894760.0	 272.3703918457031	 501.40301513671875	 82922.3359375
38894852.0	 273.2688903808594	 500.06585693359375	 80029.7265625
38894940.0	 273.3480529785156	 499.0303955078125	 80822.6328125
38895032.0	 273.3273620605469	 501.7039794921875	 80982.03125
38895120.0	 272.78375244140625	 508.2350158691406	 85601.7421875
38895208.0	 272.6471862792969	 506.70556640625	 84032.0078125
38895300.0	 273.4814147949219	 494.1824951171875	 78906.8515625
38895388.0	 273.3144226074219	 501.52716064453125	 81301.28125
38895476.0	 272.20562744140625	 503.4002990722656	 83249.4140625
38895568.0	 272.4602355957031	 494.5589294433594	 80832.9765625
38895660.0	 271.61614990234375	 498.5097961425781	 81388.75
38895748.0	 271.55224609375	 500.8621520996094	 81234.5546875
38895840.0	 272.6726989746094	 496.89398193359375	 78653.3984375
38895932.0	 271.863037109375	 503.9024963378906	 85665.046875
38896016.0	 272.4648742675781	 504.4639892578125	 83096.7890625
38896108.0	 272.252197265625	 507.2334289550781	 84090.7421875
38896200.0	 272.1008605957031	 503.9870910644531	 83514.1015625
38896292.0	 272.23028564453125	 498.1409606933594	 81311.0
38896380.0	 272.46112060546875	 494.45855712890625	 76235.5703125
38896472.0	 272.0018005371094	 497.0755615234375	 79342.359375
38896560.0	 271.7320556640625	 498.2785949707031	 80583.2890625
38896648.0	 272.0227355957031	 496.912353515625	 80238.515625
38896740.0	 271.5254211425781	 504.04144287109375	 84807.2890625
38896832.0	 271.06927490234375	 503.04132080078125	 82863.078125
38896916.0	 270.7771301269531	 495.82525634765625	 79912.234375
38897008.0	 271.2391357421875	 498.8900451660156	 82813.5234375
38897100.0	 271.7593994140625	 494.11590576171875	 79058.7265625
38897188.0	 271.6458740234375	 492.8265686035156	 78938.3203125
38897372.0	 271.9662170410156	 493.6904296875	 81555.2578125
38897456.0	 271.43109130859375	 498.6405944824219	 80482.5546875
38897548.0	 271.6073303222656	 493.9537353515625	 80578.4375
38897640.0	 270.8405456542969	 501.63092041015625	 82619.0078125
38897732.0	 271.3666687011719	 495.3719482421875	 79790.0
38897816.0	 271.05047607421875	 499.8770446777344	 82584.53125
38897908.0	 271.4229431152344	 499.5152893066406	 80714.015625
38898000.0	 270.8993835449219	 494.3655090332031	 78249.21875
38898088.0	 271.1788635253906	 495.2162780761719	 80222.625
38898180.0	 271.41680908203125	 496.66900634765625	 79678.640625
38898268.0	 271.7988586425781	 501.45697021484375	 80583.09375
38898356.0	 271.8115234375	 496.8935546875	 80101.421875
38898448.0	 271.95416259765625	 494.5255432128906	 79562.3359375
38898540.0	 271.1787109375	 502.5162658691406	 83501.2734375
38898628.0	 271.6764221191406	 499.71734619140625	 80610.5234375
38898720.0	 271.5253601074219	 503.85009765625	 81486.5078125
38898808.0	 271.58685302734375	 504.3114318847656	 81342.0625
38898896.0	 272.2305908203125	 484.68414306640625	 75519.3125
38898988.0	 271.40191650390625	 496.12115478515625	 79984.7734375
38899080.0	 270.8375549316406	 501.42694091796875	 81395.53125
38899172.0	 271.5287780761719	 491.92022705078125	 80268.6171875
38899260.0	 271.44793701171875	 489.5899963378906	 80742.5390625
38899348.0	 270.5120544433594	 496.32855224609375	 81769.640625
38899440.0	 271.37127685546875	 494.7081604003906	 79285.296875
38899528.0	 271.85321044921875	 493.1939697265625	 77668.109375
38899620.0	 271.3414001464844	 498.9191589355469	 79280.265625
38899712.0	 271.60040283203125	 497.7717590332031	 80246.9921875
38899800.0	 271.0791015625	 492.8792419433594	 79785.59375
38899888.0	 271.0890197753906	 498.2423095703125	 80581.3828125
38899980.0	 271.2953186035156	 496.6399230957031	 81310.375
38900068.0	 271.43511962890625	 497.8490905761719	 82373.1640625
38900160.0	 270.8343200683594	 502.65252685546875	 83265.3203125
38900340.0	 271.2016296386719	 491.9210510253906	 79559.2109375
38900428.0	 271.0247497558594	 495.1211853027344	 79992.078125
38900520.0	 270.8472900390625	 500.01611328125	 82916.484375
38900604.0	 270.2799072265625	 501.8646240234375	 85196.4140625
38900696.0	 270.6487121582031	 488.53033447265625	 78796.375
38900788.0	 270.61456298828125	 498.3323669433594	 81199.1953125
38900880.0	 270.939697265625	 496.9847106933594	 81600.640625
38900968.0	 270.6812438964844	 492.1664123535156	 77689.078125
38901060.0	 270.73699951171875	 494.54205322265625	 78317.4453125
38901148.0	 270.9095458984375	 497.9647521972656	 84360.8359375
38901236.0	 271.6172790527344	 493.3680725097656	 78570.8828125
38901328.0	 270.9266357421875	 497.0675964355469	 82292.5
38901420.0	 271.6337890625	 497.44769287109375	 81229.1171875
38901508.0	 271.3529357910156	 493.8151550292969	 79965.09375
38901600.0	 271.2069396972656	 496.74566650390625	 79504.21875
38901692.0	 271.04241943359375	 494.8710632324219	 81037.9765625
38901776.0	 270.9825439453125	 498.6830749511719	 82237.0
38901868.0	 271.66461181640625	 495.9546203613281	 79523.6328125
38901960.0	 272.56634521484375	 492.4298095703125	 79747.609375
38902048.0	 271.66827392578125	 497.5718688964844	 80788.6328125
38902140.0	 271.9241943359375	 502.0252990722656	 81554.1640625
38902232.0	 271.9482727050781	 496.33538818359375	 79510.4453125
38902316.0	 271.30145263671875	 500.10955810546875	 84819.7421875
38902408.0	 271.2514953613281	 500.3241271972656	 83667.8359375
38902496.0	 271.0276184082031	 504.2875061035156	 82825.421875
38902588.0	 271.3702697753906	 489.9613342285156	 77996.3046875
38902676.0	 271.31890869140625	 489.797607421875	 78261.2890625
38902768.0	 271.53009033203125	 499.76239013671875	 84118.8359375
38902860.0	 271.8044738769531	 497.9039001464844	 83732.5859375
38902948.0	 271.77734375	 499.8780517578125	 79983.640625
38903036.0	 271.9539489746094	 494.23956298828125	 78670.9765625
38903128.0	 271.759033203125	 496.1005859375	 79856.3359375
38903308.0	 271.1239929199219	 497.0784912109375	 84649.9375
38903400.0	 270.0840759277344	 501.69500732421875	 87025.5078125
38903488.0	 270.9398498535156	 492.6545715332031	 82155.046875
38903576.0	 271.415283203125	 495.90972900390625	 81304.4296875
38903668.0	 271.0950927734375	 502.02215576171875	 81443.109375
38903756.0	 271.112060546875	 491.3076477050781	 79542.4453125
38903848.0	 271.1534423828125	 495.508544921875	 83272.9296875
38903940.0	 271.5543518066406	 493.4870910644531	 81383.4140625
38904028.0	 271.2333679199219	 499.7600402832031	 84130.4375
38904120.0	 270.8560791015625	 499.4493408203125	 83312.8984375
38904208.0	 271.0956726074219	 494.62939453125	 79902.8671875
38904296.0	 271.65460205078125	 490.89813232421875	 77401.8671875
38904388.0	 270.4503479003906	 501.3289489746094	 83697.1953125
38904480.0	 271.055419921875	 494.09246826171875	 81399.5625
38904568.0	 271.88604736328125	 491.1807861328125	 78888.0390625
38904656.0	 271.0965270996094	 500.409423828125	 84219.8203125
38904748.0	 271.6095886230469	 495.23638916015625	 80398.375
38904840.0	 271.58612060546875	 501.1363220214844	 81104.734375
38904928.0	 270.8727722167969	 501.66094970703125	 85396.765625
38905020.0	 270.68988037109375	 504.69390869140625	 84857.703125
38905108.0	 271.36468505859375	 502.4630126953125	 83782.2421875
38905196.0	 271.6809387207031	 496.3109130859375	 82022.4765625
38905288.0	 271.6256408691406	 496.5498046875	 81790.90625
38905380.0	 271.30047607421875	 501.93682861328125	 84161.9296875
38905468.0	 271.32354736328125	 496.6774597167969	 79644.1484375
38905556.0	 271.4044494628906	 500.4919738769531	 84568.671875
38905648.0	 271.28826904296875	 498.6949768066406	 79764.0546875
38905736.0	 271.2479248046875	 495.1057434082031	 79895.609375
38905828.0	 271.5069885253906	 492.5779113769531	 81453.7109375
38905920.0	 270.8246765136719	 495.4423522949219	 81396.9765625
38906004.0	 271.5902404785156	 489.0237731933594	 79331.0625
38906096.0	 271.134521484375	 496.16204833984375	 81305.0078125
38906272.0	 271.3679504394531	 488.58013916015625	 80042.5625
38906364.0	 270.61846923828125	 494.57415771484375	 80804.125
38906456.0	 270.6112060546875	 491.7873229980469	 78859.046875
38906544.0	 271.0676574707031	 494.2828674316406	 78717.6875
38906636.0	 270.4150085449219	 493.7716979980469	 81567.3671875
38906728.0	 270.4921875	 498.5467224121094	 81935.859375
38906820.0	 270.42999267578125	 499.0745849609375	 82084.5078125
38906908.0	 270.3472900390625	 498.8459167480469	 82248.453125
38907000.0	 269.7042541503906	 493.8187255859375	 82544.234375
38907088.0	 270.39276123046875	 494.6683044433594	 79871.4921875
38907176.0	 270.28326416015625	 495.0706481933594	 81086.5234375
38907268.0	 270.2981872558594	 491.1539306640625	 82574.9609375
38907360.0	 270.7707824707031	 490.2931213378906	 76448.2890625
38907448.0	 270.63079833984375	 494.38018798828125	 80399.03125
38907536.0	 270.49383544921875	 493.8965759277344	 79877.3125
38907628.0	 270.82562255859375	 498.8475036621094	 83270.4609375
38907716.0	 270.10772705078125	 494.4284362792969	 79791.0625
38907808.0	 270.4678955078125	 488.0145568847656	 80308.0390625
38907900.0	 271.0426330566406	 493.2566833496094	 79909.640625
38907984.0	 270.53387451171875	 498.2879333496094	 81726.765625
38908076.0	 270.4255065917969	 483.73907470703125	 77347.40625
38908164.0	 270.4622497558594	 487.78790283203125	 77346.453125
38908252.0	 270.482421875	 491.62921142578125	 81546.5078125
38908344.0	 270.1993713378906	 501.5578918457031	 81959.4609375
38908436.0	 270.0213623046875	 495.3341979980469	 81102.0703125
38908524.0	 270.5291442871094	 480.26312255859375	 76172.3046875
38908616.0	 270.3234558105469	 492.3458557128906	 81673.6171875
38908708.0	 270.7132873535156	 493.9900207519531	 79623.234375
38908792.0	 269.60540771484375	 499.54656982421875	 85410.9765625
38908884.0	 269.43878173828125	 493.9205322265625	 81631.4453125
38908976.0	 270.3860168457031	 488.38177490234375	 78847.5546875
38909068.0	 270.0774230957031	 492.9691162109375	 81806.71875
38909244.0	 270.005126953125	 491.3428039550781	 80485.96875
38909336.0	 269.5425720214844	 495.0006408691406	 81366.0625
38909424.0	 269.2975158691406	 495.56329345703125	 82148.0234375
38909516.0	 270.321533203125	 493.2397766113281	 81793.0078125
38909608.0	 270.0107727050781	 495.396728515625	 81465.5546875
38909696.0	 270.00616455078125	 495.12286376953125	 80988.828125
38909788.0	 269.4796142578125	 491.2655029296875	 80924.9609375
38909880.0	 269.53460693359375	 503.7421875	 83669.046875
38909964.0	 270.43072509765625	 490.767333984375	 78536.9140625
38910056.0	 270.2298583984375	 479.69140625	 76135.8046875
38910144.0	 269.4512023925781	 486.1475524902344	 79510.4609375
38910232.0	 269.1766052246094	 488.14654541015625	 78600.3515625
38910324.0	 269.6282043457031	 482.73980712890625	 78098.2578125
38910416.0	 268.920166015625	 494.52484130859375	 83774.265625
38910504.0	 270.0616455078125	 483.321533203125	 76734.6796875
38910596.0	 268.7739562988281	 493.969970703125	 81500.171875
38910688.0	 269.49554443359375	 486.8969421386719	 79299.5625
38910772.0	 269.68243408203125	 482.90289306640625	 79499.84375
38910864.0	 270.0850830078125	 479.5595703125	 73976.078125
38910956.0	 269.35284423828125	 496.9776306152344	 84013.3125
38911044.0	 270.1860046386719	 483.3721618652344	 75660.9453125
38911136.0	 268.79986572265625	 488.2520751953125	 78611.34375
38911224.0	 269.2831115722656	 488.447265625	 82728.8359375
38911312.0	 269.4990234375	 485.2705383300781	 74151.7734375
38911404.0	 269.71319580078125	 490.262451171875	 80597.6796875
38911496.0	 270.1693115234375	 489.6683349609375	 78289.65625
38911584.0	 270.0653381347656	 489.12994384765625	 78815.953125
38911676.0	 270.5699768066406	 482.3520812988281	 76494.6796875
38911764.0	 269.7671203613281	 491.1717224121094	 78713.015625
38911852.0	 270.1282653808594	 497.6603698730469	 84378.234375
38911944.0	 270.5869140625	 491.71392822265625	 80224.6796875
38912036.0	 269.49237060546875	 496.53509521484375	 82656.1953125
38912212.0	 269.8387756347656	 487.0089111328125	 79402.078125
38912304.0	 270.1673583984375	 490.957275390625	 79206.1875
38912396.0	 270.1529541015625	 493.8061828613281	 81773.109375
38912484.0	 270.413330078125	 489.90948486328125	 80575.7265625
38912576.0	 270.0300598144531	 490.3594055175781	 78836.390625
38912668.0	 269.5131530761719	 488.1827697753906	 79812.1484375
38912756.0	 269.65692138671875	 491.11004638671875	 79521.0390625
38912848.0	 269.6299133300781	 487.19976806640625	 79864.03125
38912936.0	 270.1661376953125	 489.1263122558594	 78258.2890625
38913024.0	 269.5714416503906	 494.0663146972656	 83311.390625
38913116.0	 269.20574951171875	 486.3888854980469	 80016.078125
38913204.0	 268.6522521972656	 488.123046875	 79458.078125
38913292.0	 269.97296142578125	 483.38360595703125	 77667.1328125
38913384.0	 269.2983093261719	 492.7575378417969	 80083.28125
38913476.0	 269.0636901855469	 492.7568359375	 83239.2109375
38913564.0	 269.1355895996094	 492.0753173828125	 81020.3125
38913652.0	 270.24908447265625	 484.05120849609375	 77282.9453125
38913744.0	 270.3991394042969	 487.6409606933594	 77741.7421875
38913832.0	 269.8792724609375	 478.0579528808594	 77492.5703125
38913924.0	 270.3699951171875	 487.7527160644531	 79379.59375
38914016.0	 270.7463073730469	 487.7448425292969	 79746.296875
38914104.0	 270.9551696777344	 480.02685546875	 76629.4375
38914192.0	 269.9559020996094	 483.6180419921875	 78580.7265625
38914284.0	 270.7344055175781	 477.095458984375	 71684.1796875
38914372.0	 269.9472351074219	 481.5868225097656	 75228.953125
38914464.0	 269.7637023925781	 486.5788879394531	 78153.1328125
38914556.0	 269.8381652832031	 492.0761413574219	 81704.28125
38914644.0	 270.5301513671875	 483.9139099121094	 77090.1953125
38914736.0	 268.7258605957031	 495.7901306152344	 82286.1328125
38914828.0	 269.7349548339844	 498.1708679199219	 81682.265625
38914912.0	 270.2606506347656	 486.6775817871094	 76530.1796875
38915004.0	 270.6681823730469	 481.80029296875	 76191.421875
38915180.0	 270.9691162109375	 481.75091552734375	 77823.125
38915272.0	 270.3811340332031	 495.5514831542969	 80891.0859375
38915364.0	 269.76171875	 491.2226867675781	 79542.328125
38915452.0	 269.8338928222656	 490.33013916015625	 79120.59375
38915544.0	 270.3506164550781	 486.1953125	 78830.4140625
38915636.0	 269.6358337402344	 488.2064208984375	 79570.9609375
38915720.0	 269.642822265625	 491.0356750488281	 79225.7734375
38915812.0	 269.3121643066406	 487.2177734375	 82074.4375
38915904.0	 269.7640686035156	 485.1361389160156	 76180.7421875
38915996.0	 270.12628173828125	 486.1495056152344	 80335.1796875
38916080.0	 270.32830810546875	 492.06927490234375	 77896.1640625
38916172.0	 270.2025451660156	 490.1487731933594	 79635.0703125
38916264.0	 269.63885498046875	 489.03460693359375	 80886.7109375
38916352.0	 270.4755859375	 482.8162536621094	 75981.265625
38916444.0	 269.31915283203125	 495.1369934082031	 85104.75
38916532.0	 270.2398986816406	 495.9964904785156	 82085.3125
38916620.0	 269.5392150878906	 486.80059814453125	 80272.2265625
38916712.0	 269.7742919921875	 491.364501953125	 81858.234375
38916804.0	 269.8817443847656	 492.3798522949219	 78316.9765625
38916892.0	 269.6107177734375	 490.1846008300781	 78771.40625
38916984.0	 269.1697692871094	 495.05694580078125	 80755.34375
38917076.0	 269.797607421875	 490.435546875	 80148.203125
38917160.0	 269.36932373046875	 484.559326171875	 78803.5625
38917252.0	 270.057373046875	 492.5969543457031	 81643.4921875
38917344.0	 269.6190490722656	 487.0804443359375	 79271.546875
38917432.0	 269.15582275390625	 490.9187316894531	 82106.796875
38917524.0	 269.57647705078125	 486.669921875	 80913.59375
38917616.0	 270.2318115234375	 492.4565124511719	 79372.25
38917704.0	 269.0406799316406	 490.54095458984375	 81307.3671875
38917796.0	 269.8672790527344	 491.9995422363281	 78596.2109375
38917884.0	 269.54815673828125	 491.1147155761719	 78491.140625
38917972.0	 269.9952087402344	 494.05810546875	 83552.5
38918152.0	 270.7632141113281	 493.6935729980469	 80038.734375
38918240.0	 270.3348388671875	 481.551025390625	 74897.65625
38918332.0	 270.5848693847656	 475.74920654296875	 77716.984375
38918424.0	 270.13946533203125	 487.947021484375	 78299.7265625
38918512.0	 269.8253479003906	 493.958984375	 84135.6328125
38918600.0	 269.0506286621094	 489.182861328125	 79210.203125
38918692.0	 269.78271484375	 482.1485595703125	 80562.359375
38918780.0	 268.66546630859375	 493.35748291015625	 81559.953125
38918872.0	 269.5821533203125	 477.9629821777344	 76052.6640625
38918964.0	 269.8014221191406	 478.12750244140625	 77338.359375
38919048.0	 269.71234130859375	 479.4690246582031	 74150.4609375
38919140.0	 268.63427734375	 486.26470947265625	 82187.9375
38919232.0	 269.197021484375	 489.0509948730469	 80699.6796875
38919320.0	 269.0485534667969	 480.3052673339844	 73736.734375
38919412.0	 268.870361328125	 480.8541259765625	 76317.953125
38919500.0	 268.3394470214844	 485.4389343261719	 80305.765625
38919588.0	 268.455322265625	 485.62127685546875	 78670.4140625
38919680.0	 268.21038818359375	 480.51025390625	 77603.2734375
38919772.0	 269.2713623046875	 472.5138244628906	 72578.5234375
38919860.0	 269.17822265625	 472.7214660644531	 72406.890625
38919952.0	 269.1418762207031	 480.87811279296875	 76439.4140625
38920044.0	 268.9479675292969	 483.28662109375	 79506.9453125
38920128.0	 268.4931640625	 479.09197998046875	 79425.6640625
38920220.0	 268.5811462402344	 477.6481628417969	 76202.0546875
38920312.0	 268.1543884277344	 487.30352783203125	 83083.0546875
38920400.0	 268.49578857421875	 479.08966064453125	 80907.6640625
38920492.0	 268.20086669921875	 477.1226806640625	 76805.3203125
38920584.0	 268.4369812011719	 486.534912109375	 79327.21875
38920672.0	 267.8485107421875	 489.3106689453125	 79716.265625
38920760.0	 268.1965637207031	 479.3804626464844	 78827.6796875
38920852.0	 268.65570068359375	 479.9540100097656	 78502.5
38920940.0	 268.27227783203125	 482.1881103515625	 81323.1640625
38921124.0	 268.74139404296875	 477.43902587890625	 77741.671875
38921208.0	 268.09375	 482.76959228515625	 81058.578125
38921300.0	 269.5989685058594	 487.5210266113281	 82482.890625
38921392.0	 269.3802490234375	 476.2139587402344	 77828.6171875
38921480.0	 268.9177551269531	 484.7948913574219	 80335.7890625
38921572.0	 269.5555419921875	 489.3553771972656	 81995.578125
38921660.0	 269.6551818847656	 485.8804931640625	 83426.6328125
38921748.0	 269.9610900878906	 490.3224792480469	 82146.1015625
38921840.0	 269.7564392089844	 490.6830749511719	 82852.4921875
38921932.0	 270.4080810546875	 486.6116943359375	 83502.46875
38922020.0	 270.4541015625	 492.49652099609375	 83952.1875
38922112.0	 270.3108825683594	 484.5177307128906	 81233.8984375
38922200.0	 270.3559875488281	 491.1304626464844	 85397.6328125
38922288.0	 270.8757019042969	 488.4332275390625	 84562.4765625
38922380.0	 269.8762512207031	 479.06524658203125	 79150.6328125
38922468.0	 269.6812744140625	 484.11859130859375	 79014.140625
38922556.0	 269.9696350097656	 484.243408203125	 82444.234375
38922648.0	 269.11798095703125	 472.47686767578125	 78660.125
38922740.0	 268.4906311035156	 475.6621398925781	 74055.8125
38922828.0	 269.2048034667969	 489.16082763671875	 83241.578125
38922920.0	 267.8016662597656	 485.5311279296875	 79422.359375
38923012.0	 269.99896240234375	 484.60003662109375	 84437.1953125
38923100.0	 269.2100830078125	 481.9573669433594	 81057.46875
38923192.0	 268.6997985839844	 481.1761169433594	 81013.2890625
38923280.0	 268.96820068359375	 484.3344421386719	 82053.6171875
38923368.0	 268.35528564453125	 478.0758361816406	 77198.5546875
38923460.0	 268.1263427734375	 486.5976867675781	 79463.6328125
38923548.0	 268.1026306152344	 486.0284118652344	 81763.765625
38923636.0	 268.1046447753906	 490.063232421875	 80793.15625
38923728.0	 268.17535400390625	 481.8299865722656	 80507.7890625
38923820.0	 268.4341125488281	 479.3572998046875	 80847.0234375
38923908.0	 268.709716796875	 480.8738708496094	 78018.671875
38924088.0	 268.491455078125	 475.9410400390625	 77021.03125
38924176.0	 267.98736572265625	 475.0275573730469	 75449.0859375
38924268.0	 268.0174255371094	 484.7534484863281	 79665.2734375
38924360.0	 268.1690979003906	 476.5467529296875	 77209.296875
38924448.0	 268.40496826171875	 476.02435302734375	 77569.0390625
38924536.0	 268.8106384277344	 483.48779296875	 77080.1484375
38924628.0	 268.02581787109375	 485.740478515625	 79560.2265625
38924716.0	 268.4862365722656	 479.26824951171875	 75714.921875
38924808.0	 268.6142272949219	 471.65838623046875	 73759.1640625
38924900.0	 267.5055847167969	 481.1257629394531	 81598.9296875
38924988.0	 268.1361389160156	 475.41192626953125	 77442.0
38925076.0	 268.80029296875	 472.16107177734375	 74322.9453125
38925168.0	 268.24542236328125	 481.312255859375	 78142.8984375
38925260.0	 267.7799072265625	 480.5569763183594	 78900.0
38925348.0	 268.3758239746094	 476.10675048828125	 77937.5390625
38925440.0	 267.65020751953125	 484.78485107421875	 80593.125
38925528.0	 268.1489562988281	 472.17578125	 75339.875
38925616.0	 268.17755126953125	 483.6729431152344	 80544.3125
38925708.0	 267.74981689453125	 481.9551696777344	 78421.609375
38925796.0	 267.8724670410156	 481.17755126953125	 78573.828125
38925888.0	 267.6750793457031	 484.45269775390625	 82270.1953125
38925980.0	 268.2934265136719	 486.5058288574219	 78801.1640625
38926068.0	 267.9828186035156	 485.85430908203125	 80576.34375
38926160.0	 268.13775634765625	 487.49871826171875	 80826.875
38926248.0	 267.89581298828125	 479.607421875	 77407.796875
38926336.0	 267.6795654296875	 479.85321044921875	 80692.9296875
38926428.0	 267.7750549316406	 475.2647705078125	 76015.125
38926520.0	 267.4508972167969	 484.46533203125	 79502.4921875
38926604.0	 267.9911804199219	 475.8216857910156	 75173.5703125
38926696.0	 268.3930358886719	 482.7477111816406	 80063.8359375
38926788.0	 268.5289001464844	 473.1558532714844	 74872.1171875
38926876.0	 267.9732971191406	 479.5328674316406	 82263.59375
38927060.0	 268.54425048828125	 473.4402770996094	 78411.1640625
38927148.0	 268.2227783203125	 480.7248229980469	 78627.4765625
38927236.0	 268.1506652832031	 471.668212890625	 76318.1875
38927328.0	 267.8360900878906	 492.5634460449219	 81791.8984375
38927416.0	 268.0543518066406	 477.3038635253906	 77395.6015625
38927508.0	 268.35015869140625	 477.0706481933594	 74997.296875
38927596.0	 268.3387756347656	 478.03662109375	 75979.4453125
38927684.0	 268.2021789550781	 480.31488037109375	 79064.5234375
38927776.0	 268.12786865234375	 481.4686279296875	 80066.21875
38927868.0	 268.7242431640625	 471.554443359375	 74785.15625
38927956.0	 268.5838317871094	 472.04693603515625	 75222.109375
38928048.0	 267.8121337890625	 475.04681396484375	 77712.71875
38928136.0	 267.4256591796875	 484.93621826171875	 82144.8515625
38928224.0	 268.28302001953125	 474.2892150878906	 77062.296875
38928316.0	 268.30462646484375	 477.1705017089844	 78731.5625
38928408.0	 268.2633056640625	 480.7950439453125	 76426.828125
38928496.0	 268.2663879394531	 481.0203857421875	 77801.0625
38928588.0	 268.8396911621094	 475.0243225097656	 74678.2265625
38928680.0	 269.13287353515625	 474.2572021484375	 72119.3515625
38928768.0	 268.8266296386719	 477.37353515625	 77257.4453125
38928856.0	 268.9206237792969	 473.8157958984375	 75694.4765625
38928948.0	 268.4558410644531	 474.0539855957031	 76622.421875
38929032.0	 268.0832214355469	 476.4921569824219	 76437.4140625
38929124.0	 267.8420715332031	 485.112060546875	 78629.8828125
38929216.0	 268.2260437011719	 466.4594421386719	 72907.4921875
38929304.0	 268.2149658203125	 473.8335876464844	 74584.1953125
38929396.0	 268.3356628417969	 478.0281066894531	 75942.703125
38929488.0	 268.3187561035156	 473.0948791503906	 74879.8203125
38929576.0	 268.46087646484375	 478.13336181640625	 76110.875
38929668.0	 269.6247253417969	 472.3717956542969	 78198.953125
38929756.0	 269.4933166503906	 480.68994140625	 79143.8125
38929844.0	 269.64923095703125	 484.1087341308594	 79099.8125
38930028.0	 271.5541076660156	 485.37060546875	 79381.9765625
38930116.0	 271.0019836425781	 496.23187255859375	 83912.3984375
38930208.0	 271.0578308105469	 490.49822998046875	 80035.828125
38930296.0	 271.1728210449219	 505.95330810546875	 87001.6640625
38930384.0	 272.10992431640625	 494.9432678222656	 80482.7578125
38930476.0	 272.4077453613281	 500.8089599609375	 80031.84375
38930568.0	 271.6999816894531	 500.67138671875	 85611.8828125
38930656.0	 273.81317138671875	 510.85040283203125	 87056.609375
38930744.0	 273.932373046875	 504.11834716796875	 83051.984375
38930836.0	 273.7443542480469	 509.9472351074219	 86672.828125
38930924.0	 273.65771484375	 508.3320007324219	 87066.8203125
38931016.0	 271.8885192871094	 499.73968505859375	 79995.3125
38931108.0	 272.1048278808594	 502.4381408691406	 84087.7265625
38931196.0	 270.9085998535156	 493.6581115722656	 79798.0625
38931288.0	 270.6096496582031	 497.0876770019531	 83305.3046875
38931380.0	 271.185546875	 504.56024169921875	 82865.65625
38931464.0	 270.8837890625	 498.1448059082031	 82335.3125
38931556.0	 271.22601318359375	 496.7879943847656	 79158.1875
38931644.0	 271.40570068359375	 507.3060302734375	 86130.0703125
38931732.0	 271.98199462890625	 505.2823486328125	 82779.625
38931824.0	 272.0647888183594	 517.6781616210938	 86585.5546875
38931916.0	 271.5585021972656	 504.740478515625	 85548.9296875
38932004.0	 272.3500061035156	 510.815185546875	 86762.3828125
38932096.0	 273.6887512207031	 513.795166015625	 89964.015625
38932188.0	 272.4779052734375	 511.36724853515625	 84752.1171875
38932276.0	 272.6454162597656	 510.16796875	 88620.3359375
38932364.0	 273.16802978515625	 507.87225341796875	 87160.015625
38932456.0	 272.94879150390625	 506.8302001953125	 86598.28125
38932544.0	 273.21112060546875	 507.59100341796875	 88121.4140625
38932636.0	 273.48052978515625	 507.0466613769531	 85373.453125
38932728.0	 271.82977294921875	 506.83013916015625	 87780.359375
38932812.0	 272.07110595703125	 509.8168029785156	 89872.96875
38932996.0	 272.96124267578125	 502.4013366699219	 84723.3515625
38933084.0	 272.4852600097656	 509.2090148925781	 86054.859375
38933176.0	 273.6586608886719	 495.40362548828125	 81097.484375
38933264.0	 273.00677490234375	 507.0097351074219	 84034.1328125
38933352.0	 272.3119812011719	 507.2946472167969	 85259.078125
38933444.0	 271.64556884765625	 498.4530029296875	 82948.0234375
38933532.0	 271.4942932128906	 498.2611999511719	 81403.7734375
38933624.0	 270.8389587402344	 504.0455627441406	 83618.96875
38933716.0	 270.982666015625	 504.2499694824219	 84894.671875
38933800.0	 271.0780334472656	 504.43157958984375	 84047.7734375
38933892.0	 271.7208251953125	 504.5718078613281	 83702.5625
38933984.0	 271.82952880859375	 500.81329345703125	 83071.65625
38934072.0	 271.71099853515625	 496.978515625	 79327.109375
38934164.0	 271.2561340332031	 496.7327575683594	 82526.2265625
38934252.0	 271.0555419921875	 510.6253967285156	 87044.3359375
38934340.0	 270.6188659667969	 504.10015869140625	 82896.6015625
38934432.0	 271.0846862792969	 502.2402648925781	 84440.609375
38934524.0	 271.9148864746094	 503.5899353027344	 82897.53125
38934612.0	 270.6855773925781	 502.82135009765625	 83289.3828125
38934704.0	 272.6856384277344	 509.1297912597656	 87105.90625
38934796.0	 271.15283203125	 510.32464599609375	 88379.1953125
38934884.0	 271.8240661621094	 503.8158264160156	 84177.96875
38934972.0	 272.00665283203125	 509.5365295410156	 84779.375
38935064.0	 272.6816711425781	 505.8490295410156	 83490.9609375
38935148.0	 271.9678039550781	 510.64459228515625	 88455.984375
38935240.0	 272.1424560546875	 505.5699768066406	 85131.6328125
38935332.0	 271.1816101074219	 498.8562316894531	 82209.15625
38935420.0	 271.4927673339844	 511.1031188964844	 85973.6875
38935512.0	 271.9031982421875	 510.9255065917969	 83386.6171875
38935604.0	 271.9014892578125	 516.7404174804688	 90451.96875
38935692.0	 273.1748046875	 507.7281799316406	 86113.359375
38935784.0	 272.6408996582031	 505.99395751953125	 86564.3359375
38935960.0	 273.1499938964844	 501.51104736328125	 84753.140625
38936052.0	 272.94805908203125	 519.8418579101562	 89145.3828125
38936144.0	 273.28997802734375	 503.1958312988281	 83558.015625
38936232.0	 273.0769958496094	 510.0376281738281	 85521.796875
38936324.0	 272.491455078125	 520.470458984375	 89704.046875
38936416.0	 273.0690002441406	 509.81317138671875	 84127.0234375
38936500.0	 273.4140319824219	 514.7379760742188	 88263.5859375
38936592.0	 273.0803527832031	 499.3485107421875	 81481.9296875
38936684.0	 273.0310363769531	 513.0494384765625	 84166.96875
38936772.0	 272.2583923339844	 506.5621337890625	 88214.5234375
38936860.0	 272.2722473144531	 507.0939025878906	 84612.3671875
38936948.0	 272.3423767089844	 504.42620849609375	 85477.5390625
38937040.0	 271.88623046875	 505.1309814453125	 82126.8671875
38937132.0	 272.30712890625	 508.6694030761719	 84690.7890625
38937220.0	 272.23004150390625	 510.4105529785156	 85275.1796875
38937312.0	 272.7292785644531	 507.0144348144531	 85948.421875
38937404.0	 272.2700500488281	 507.7239685058594	 88596.1640625
38937492.0	 272.7781066894531	 502.12188720703125	 83874.78125
38937580.0	 272.3619689941406	 519.4418334960938	 90998.6171875
38937672.0	 272.3876647949219	 509.4947509765625	 87793.59375
38937760.0	 272.2137145996094	 518.2109985351562	 93732.828125
38937848.0	 272.9136657714844	 508.5799560546875	 87511.8984375
38937940.0	 272.7623291015625	 500.3782653808594	 83726.328125
38938028.0	 273.470947265625	 504.0000305175781	 83550.265625
38938120.0	 272.95709228515625	 505.9219055175781	 86136.375
38938212.0	 273.2229309082031	 514.6768798828125	 89807.40625
38938300.0	 273.2533264160156	 515.5413208007812	 86861.1328125
38938388.0	 273.1703796386719	 499.93133544921875	 82086.375
38938484.0	 273.4151306152344	 510.6395568847656	 85164.921875
38938572.0	 272.60882568359375	 504.97259521484375	 84420.296875
38938664.0	 272.5224914550781	 503.3043212890625	 89589.3359375
38938752.0	 270.07318115234375	 496.09063720703125	 86490.1171875
38938932.0	 271.5648498535156	 485.59686279296875	 81053.8515625
38939024.0	 270.6539306640625	 500.4033508300781	 84998.3203125
38939108.0	 271.1650695800781	 500.7292785644531	 85077.0390625
38939200.0	 270.5309753417969	 499.7432556152344	 83421.2265625
38939292.0	 270.58880615234375	 496.61859130859375	 83653.6796875
38939380.0	 270.4027099609375	 501.8646240234375	 86714.828125
38939472.0	 270.86383056640625	 490.8284912109375	 81574.796875
38939560.0	 270.805419921875	 490.65130615234375	 80889.2578125
38939648.0	 271.5566101074219	 491.43402099609375	 80642.328125
38939740.0	 270.22601318359375	 500.7070617675781	 85279.3203125
38939828.0	 270.6415100097656	 495.5656433105469	 81763.5546875
38939920.0	 271.0286865234375	 491.2894287109375	 79751.8203125
38940012.0	 270.8697204589844	 500.9718322753906	 85240.1953125
38940096.0	 271.2564697265625	 494.9270324707031	 81253.640625
38940188.0	 271.87664794921875	 492.543212890625	 79683.0390625
38940280.0	 271.9107360839844	 497.90655517578125	 82860.15625
38940368.0	 271.71502685546875	 505.15704345703125	 85119.4296875
38940460.0	 271.3674011230469	 502.37127685546875	 86036.875
38940548.0	 271.375	 502.2044677734375	 86794.96875
38940636.0	 271.37237548828125	 500.72662353515625	 84386.1953125
38940728.0	 271.6618957519531	 502.0754089355469	 84607.0078125
38940820.0	 272.1401672363281	 497.8910217285156	 81536.5390625
38940908.0	 271.3827819824219	 498.7332458496094	 83885.296875
38940996.0	 272.653076171875	 508.64764404296875	 88124.015625
38941088.0	 273.2411193847656	 509.5671691894531	 87774.390625
38941180.0	 273.9994201660156	 504.3114929199219	 85520.53125
38941268.0	 271.8116455078125	 503.26519775390625	 87103.0625
38941360.0	 270.119873046875	 497.6684875488281	 86724.96875
38941448.0	 269.92999267578125	 491.7755432128906	 84280.5
38941540.0	 270.3212890625	 494.44256591796875	 84282.1171875
38941632.0	 270.18304443359375	 488.13397216796875	 80287.046875
38941716.0	 270.080078125	 492.5617980957031	 81682.453125
38941900.0	 270.16693115234375	 482.63360595703125	 78997.8359375
38941988.0	 270.509033203125	 486.8832702636719	 78402.34375
38942080.0	 270.1084289550781	 500.1167297363281	 89707.6875
38942168.0	 271.3289794921875	 507.145751953125	 86865.6875
38942256.0	 271.49102783203125	 499.4568176269531	 85389.25
38942348.0	 272.4814147949219	 499.5749816894531	 82828.34375
38942436.0	 271.25006103515625	 499.6034240722656	 87006.0078125
38942528.0	 271.849609375	 501.90802001953125	 84716.4140625
38942620.0	 270.2809143066406	 499.1712341308594	 86751.78125
38942708.0	 269.93646240234375	 489.685791015625	 79968.5546875
38942800.0	 269.9773864746094	 494.7320251464844	 81997.2421875
38942888.0	 270.8687438964844	 490.5956115722656	 79375.546875
38942976.0	 270.205078125	 487.0579528808594	 79222.046875
38943064.0	 270.9217834472656	 491.4164123535156	 77792.1484375
38943156.0	 270.1437683105469	 492.6717224121094	 83215.1875
38943244.0	 270.0063171386719	 498.4861145019531	 81149.3359375
38943336.0	 270.6221923828125	 491.67657470703125	 80536.1640625
38943428.0	 270.3776550292969	 491.56549072265625	 82454.9453125
38943516.0	 269.2733154296875	 494.5523376464844	 81317.4375
38943608.0	 269.4925537109375	 494.5635986328125	 81886.4921875
38943696.0	 269.4114990234375	 491.6123046875	 80087.1875
38943788.0	 269.6033020019531	 487.6986083984375	 79113.1875
38943876.0	 269.5965270996094	 488.9147033691406	 78129.15625
38943968.0	 269.7725524902344	 498.0071716308594	 82248.171875
38944056.0	 270.4896545410156	 489.3580322265625	 78417.75
38944148.0	 270.1068115234375	 496.59979248046875	 82812.9453125
38944240.0	 269.9046630859375	 498.7900695800781	 84770.6171875
38944324.0	 270.2182922363281	 497.4182434082031	 80627.2578125
38944420.0	 269.80328369140625	 493.7856750488281	 79528.6171875
38944504.0	 269.5931091308594	 493.6567077636719	 79527.3984375
38944596.0	 269.45989990234375	 502.44207763671875	 83415.5390625
38944688.0	 270.35015869140625	 486.7711486816406	 78887.4921875
38944868.0	 270.0527038574219	 490.6674499511719	 78798.359375
38944956.0	 269.066650390625	 496.07037353515625	 82218.6171875
38945044.0	 270.1274108886719	 491.960693359375	 82740.1171875
38945136.0	 269.313232421875	 496.1882019042969	 82426.2421875
38945228.0	 270.5066223144531	 495.09033203125	 80325.484375
38945316.0	 269.8240661621094	 500.974853515625	 85288.4453125
38945404.0	 269.6295166015625	 497.484619140625	 80605.8984375
38945496.0	 269.71844482421875	 492.0169982910156	 78809.09375
38945584.0	 270.29193115234375	 494.5849609375	 81084.7890625
38945676.0	 270.47222900390625	 485.5975646972656	 77537.703125
38945768.0	 269.7997131347656	 498.7589111328125	 83902.203125
38945852.0	 270.3901672363281	 492.81103515625	 80980.90625
38945944.0	 270.5965270996094	 498.7755432128906	 81627.296875
38946036.0	 270.1712951660156	 492.0323486328125	 78722.1171875
38946124.0	 270.283447265625	 494.5994567871094	 80733.90625
38946212.0	 269.42822265625	 500.92626953125	 87377.1015625
38946304.0	 270.1516418457031	 497.47021484375	 83034.953125
38946396.0	 269.1261291503906	 493.8072814941406	 83231.3828125
38946484.0	 270.067138671875	 495.2467346191406	 82592.1640625
38946572.0	 270.1541748046875	 489.9338073730469	 80807.921875
38946664.0	 270.3739318847656	 488.93157958984375	 78355.1328125
38946756.0	 270.4276123046875	 487.443115234375	 78340.2109375
38946844.0	 269.5585021972656	 497.527099609375	 83788.8125
38946936.0	 269.3808288574219	 495.53656005859375	 83211.890625
38947028.0	 270.11468505859375	 494.429931640625	 81587.421875
38947112.0	 269.7897033691406	 494.2792053222656	 83148.015625
38947204.0	 269.9259948730469	 496.7212219238281	 81163.7109375
38947296.0	 269.8469543457031	 494.4489440917969	 83534.7109375
38947380.0	 270.0023193359375	 482.6108703613281	 76814.2890625
38947472.0	 268.2469482421875	 487.2880554199219	 76954.2734375
38947564.0	 268.798583984375	 481.5638427734375	 77125.078125
38947652.0	 270.3920593261719	 495.6527404785156	 85362.953125
38947836.0	 271.45697021484375	 482.8152770996094	 86469.7421875
38947924.0	 271.1608581542969	 480.01483154296875	 79893.671875
38948016.0	 270.4967346191406	 493.2862854003906	 83424.4375
38948104.0	 269.9558410644531	 471.6407165527344	 77166.1328125
38948192.0	 268.92694091796875	 479.89056396484375	 77542.515625
38948284.0	 269.63995361328125	 490.11688232421875	 87465.734375
38948372.0	 270.1210632324219	 485.7264709472656	 82170.34375
38948464.0	 270.3013916015625	 488.71221923828125	 84455.6953125
38948552.0	 270.0487060546875	 489.540771484375	 83988.6171875
38948640.0	 270.69659423828125	 483.3665466308594	 80739.96875
38948732.0	 270.7796936035156	 480.0494384765625	 79388.0703125
38948824.0	 270.273681640625	 478.3800048828125	 78497.7421875
38948912.0	 269.3825378417969	 481.05572509765625	 79612.2109375
38949000.0	 269.97796630859375	 481.37835693359375	 79097.984375
38949096.0	 269.8282165527344	 488.0836181640625	 83025.9375
38949184.0	 270.6454772949219	 488.12335205078125	 82505.203125
38949272.0	 270.7164611816406	 493.77978515625	 83894.609375
38949364.0	 270.3001708984375	 486.58404541015625	 85694.40625
38949452.0	 270.34576416015625	 488.2821044921875	 83791.5625
38949544.0	 272.0658264160156	 502.9941711425781	 88088.5234375
38949632.0	 271.60296630859375	 486.38299560546875	 83420.2265625
38949720.0	 270.06732177734375	 490.656982421875	 81561.09375
38949812.0	 269.9591979980469	 480.75994873046875	 79001.0390625
38949900.0	 270.5973815917969	 486.8354797363281	 81558.0859375
38949992.0	 270.0418701171875	 483.2427062988281	 81538.2890625
38950084.0	 270.37420654296875	 483.22088623046875	 80403.828125
38950168.0	 269.8034973144531	 488.8619689941406	 82630.7265625
38950260.0	 271.0889892578125	 487.25384521484375	 80975.0625
38950352.0	 270.81622314453125	 472.9059753417969	 76933.1640625
38950440.0	 271.2998352050781	 490.9761047363281	 84631.875
38950528.0	 272.5595397949219	 517.4871826171875	 93968.9140625
38950620.0	 274.6605529785156	 515.0108032226562	 91922.6640625
38950800.0	 272.39227294921875	 488.81256103515625	 82469.921875
38950892.0	 272.0646667480469	 493.0348815917969	 84258.359375
38950980.0	 272.0982666015625	 491.68890380859375	 85103.1796875
38951072.0	 273.54840087890625	 501.4986572265625	 84057.96875
38951164.0	 271.6067810058594	 497.9734802246094	 87076.9375
38951252.0	 271.6903381347656	 494.7687683105469	 83007.5234375
38951340.0	 271.6297607421875	 493.14715576171875	 84224.6796875
38951428.0	 271.544921875	 496.3070373535156	 83267.125
38951520.0	 271.8274841308594	 494.78106689453125	 85432.90625
38951612.0	 271.99957275390625	 482.93994140625	 79756.0
38951700.0	 270.8457946777344	 491.555908203125	 82890.859375
38951788.0	 272.2168884277344	 492.4716491699219	 82564.59375
38951880.0	 273.30548095703125	 508.4896545410156	 87568.0703125
38951968.0	 272.6324768066406	 500.6063232421875	 87936.1640625
38952060.0	 272.24261474609375	 496.0735168457031	 84527.3046875
38952152.0	 272.0467834472656	 492.7281494140625	 82811.875
38952240.0	 273.5223388671875	 511.87420654296875	 91941.140625
38952332.0	 274.1799011230469	 510.7321472167969	 90779.1640625
38952420.0	 273.9458923339844	 514.3198852539062	 91959.3515625
38952508.0	 274.4945068359375	 506.2142333984375	 86089.7890625
38952600.0	 273.75555419921875	 500.7464294433594	 87331.3828125
38952692.0	 273.27947998046875	 506.02874755859375	 86362.6953125
38952780.0	 272.7955017089844	 500.2789001464844	 86021.7421875
38952872.0	 272.8386535644531	 499.4463195800781	 86621.359375
38952956.0	 272.2596130371094	 497.96856689453125	 84914.53125
38953048.0	 272.6976623535156	 504.7637023925781	 86116.734375
38953140.0	 272.47607421875	 501.0980224609375	 86252.3515625
38953228.0	 272.1621398925781	 490.8121337890625	 83225.015625
38953316.0	 271.83880615234375	 490.0731201171875	 84097.8828125
38953408.0	 273.3233947753906	 493.1301574707031	 82066.453125
38953496.0	 273.119384765625	 510.30523681640625	 89406.796875
38953588.0	 272.5965881347656	 497.9258728027344	 85490.515625
38953768.0	 272.5198059082031	 486.2857360839844	 81691.0703125
38953860.0	 271.4990539550781	 493.7028503417969	 83307.828125
38953948.0	 270.0041809082031	 485.3719482421875	 79126.2890625
38954036.0	 270.4132080078125	 477.0967712402344	 78500.5625
38954128.0	 270.76373291015625	 493.61724853515625	 86574.21875
38954216.0	 271.4689636230469	 484.7237243652344	 81610.484375
38954308.0	 271.0096435546875	 500.571533203125	 90379.109375
38954400.0	 272.3508605957031	 488.01025390625	 81979.3046875
38954488.0	 272.0118408203125	 495.2572937011719	 83205.8125
38954580.0	 271.72479248046875	 486.44769287109375	 80168.390625
38954668.0	 269.5615539550781	 477.9513854980469	 79882.1015625
38954756.0	 270.9262390136719	 493.89324951171875	 77902.984375
38954848.0	 271.61810302734375	 497.1858215332031	 81988.3515625
38954940.0	 273.27960205078125	 505.26556396484375	 86169.1015625
38955028.0	 273.2720642089844	 509.094482421875	 87343.0625
38955116.0	 274.39727783203125	 507.5931701660156	 87292.6640625
38955208.0	 274.0736083984375	 518.1084594726562	 87709.6484375
38955296.0	 274.6836242675781	 502.838134765625	 85408.40625
38955388.0	 274.62261962890625	 506.4468688964844	 85290.34375
38955476.0	 274.7284851074219	 507.3352355957031	 87887.6484375
38955564.0	 274.0529479980469	 501.623291015625	 84546.5078125
38955656.0	 274.6823425292969	 515.0987548828125	 88432.2890625
38955744.0	 274.87841796875	 509.7621154785156	 85332.5078125
38955836.0	 274.9040222167969	 517.4356079101562	 88593.9765625
38955928.0	 275.075439453125	 513.60400390625	 87262.578125
38956016.0	 273.90057373046875	 522.3683471679688	 90999.390625
38956108.0	 274.194580078125	 510.213134765625	 90738.0703125
38956196.0	 273.96990966796875	 526.9909057617188	 96579.65625
38956284.0	 275.21820068359375	 519.9993896484375	 92529.921875
38956376.0	 273.3464660644531	 490.0451354980469	 82998.4140625
38956468.0	 274.6452331542969	 499.2507629394531	 83228.6328125
38956556.0	 274.1219177246094	 501.9569396972656	 83210.7734375
38956736.0	 273.631591796875	 493.88739013671875	 79916.375
38956824.0	 273.2481384277344	 509.9783020019531	 87230.2734375
38956916.0	 275.77362060546875	 513.8350219726562	 90132.8515625
38957004.0	 276.1786193847656	 518.243896484375	 89922.0078125
38957096.0	 275.5047302246094	 517.3961181640625	 90582.421875
38957188.0	 276.275146484375	 514.7868041992188	 89360.6015625
38957276.0	 276.3470153808594	 517.3323974609375	 88239.046875
38957364.0	 276.2810974121094	 523.76611328125	 90536.6171875
38957456.0	 276.0663757324219	 523.2833862304688	 89870.8125
38957544.0	 275.8170471191406	 518.97021484375	 89038.5859375
38957636.0	 275.2486572265625	 523.7284545898438	 91333.78125
38957728.0	 275.4790954589844	 523.7266845703125	 90726.7890625
38957816.0	 275.8330383300781	 519.5625	 89467.7265625
38957908.0	 276.0873718261719	 518.1965942382812	 87754.1796875
38958000.0	 276.1048889160156	 521.6587524414062	 88829.6640625
38958084.0	 275.3708190917969	 514.978515625	 90295.921875
38958176.0	 276.4361572265625	 521.6654663085938	 92936.140625
38958260.0	 276.026123046875	 523.9320678710938	 91381.765625
38958352.0	 276.2298889160156	 531.177734375	 93326.2734375
38958444.0	 276.5792236328125	 522.74609375	 90647.703125
38958532.0	 276.3136291503906	 522.4586791992188	 88832.84375
38958624.0	 276.2127380371094	 522.6721801757812	 91946.390625
38958716.0	 276.3581237792969	 527.6608276367188	 93290.65625
38958804.0	 276.6222229003906	 515.2284545898438	 86353.0546875
38958892.0	 276.1676025390625	 529.31298828125	 93268.4609375
38958984.0	 277.3533935546875	 513.0568237304688	 86074.3359375
38959072.0	 277.3988342285156	 520.7399291992188	 88165.625
38959164.0	 276.9422302246094	 521.3554077148438	 88921.3125
38889680.0	 305.614990234375	 274.69219970703125	 73566.7265625
38889776.0	 305.93243408203125	 297.31463623046875	 101927.8515625
38889872.0	 313.8552551269531	 275.762451171875	 69354.796875
38889968.0	 312.02593994140625	 287.17388916015625	 78162.8671875
38890060.0	 309.5784606933594	 259.7267150878906	 69091.9609375
38890156.0	 309.0923156738281	 263.11798095703125	 72354.828125
38890256.0	 311.3141784667969	 272.8888854980469	 76629.2421875
38890348.0	 311.83758544921875	 268.43890380859375	 74871.484375
38890540.0	 302.9017639160156	 289.0111999511719	 91049.2265625
38890636.0	 305.4856872558594	 287.4506530761719	 83240.6328125
38890728.0	 309.41607666015625	 267.69598388671875	 67475.453125
38891012.0	 298.15362548828125	 261.1542053222656	 126316.1015625
38891112.0	 301.4099426269531	 298.35296630859375	 83606.3203125
38891204.0	 305.6099548339844	 283.66650390625	 110561.5546875
38891304.0	 305.764892578125	 281.0631103515625	 81318.828125
38891396.0	 302.53082275390625	 285.60040283203125	 83857.6484375
38891492.0	 301.7784423828125	 302.34783935546875	 117020.1875
38891588.0	 302.4874267578125	 287.6695251464844	 86676.21875
38891680.0	 302.8995361328125	 291.0406494140625	 90723.125
38891776.0	 308.5176086425781	 280.3337707519531	 72270.515625
38891872.0	 307.1346740722656	 283.0298156738281	 82004.1953125
38891968.0	 306.9332580566406	 274.3397521972656	 73238.390625
38892064.0	 303.7731628417969	 281.6796569824219	 75708.265625
38892160.0	 306.3856201171875	 278.43609619140625	 75199.0703125
38892252.0	 306.5025329589844	 283.9851989746094	 68040.5703125
38892348.0	 307.7756042480469	 276.9881896972656	 76664.5859375
38892448.0	 306.1775817871094	 281.2129211425781	 84614.5234375
38892540.0	 304.6723937988281	 292.24920654296875	 70763.2890625
38892636.0	 307.2171325683594	 300.4901123046875	 67811.625
38892732.0	 307.5362243652344	 289.0582275390625	 63669.49609375
38892824.0	 303.4612731933594	 307.0682373046875	 71464.1328125
38892920.0	 303.7943115234375	 286.72296142578125	 75905.859375
38893016.0	 302.71026611328125	 296.47479248046875	 63234.0
38893108.0	 302.4434814453125	 296.9360656738281	 70034.0234375
38893208.0	 304.35882568359375	 292.2984619140625	 79075.2578125
38893304.0	 302.31500244140625	 279.441162109375	 57515.82421875
38893396.0	 297.1509704589844	 296.06109619140625	 64750.578125
38893492.0	 293.613037109375	 302.3399658203125	 73491.0625
38893588.0	 293.4429626464844	 305.29730224609375	 70834.2109375
38893684.0	 293.54693603515625	 315.58148193359375	 78940.125
38893780.0	 292.6969299316406	 329.82373046875	 83774.6171875
38893876.0	 296.20513916015625	 327.8724365234375	 72432.6875
38893972.0	 301.17144775390625	 290.3916931152344	 58413.40234375
38894160.0	 290.1336669921875	 324.0584716796875	 110556.40625
38894256.0	 297.6840515136719	 317.9260559082031	 66046.09375
38894348.0	 299.2054138183594	 306.3941345214844	 66301.4375
38894444.0	 299.4485168457031	 305.8010559082031	 66544.578125
38894544.0	 298.1290588378906	 310.0207824707031	 82393.75
38894636.0	 296.74188232421875	 314.8569030761719	 90788.453125
38894732.0	 301.788330078125	 306.622314453125	 82017.8359375
38894828.0	 298.633056640625	 297.8028259277344	 83384.859375
38894920.0	 294.9987487792969	 294.1384582519531	 74361.0390625
38895016.0	 284.9238586425781	 327.4565124511719	 99552.0390625
38895112.0	 297.6390686035156	 312.3462829589844	 83357.578125
38895204.0	 308.7189636230469	 305.01812744140625	 47990.74609375
38895304.0	 303.8592834472656	 307.154296875	 49766.3984375
38895400.0	 312.5035705566406	 281.56982421875	 51882.6328125
38895492.0	 309.349609375	 281.8767395019531	 39930.51171875
38895592.0	 308.1405334472656	 292.140625	 43603.53125
38895684.0	 304.8561706542969	 311.49456787109375	 53941.77734375
38895780.0	 306.8873596191406	 290.1867370605469	 44932.28515625
38895876.0	 298.1830139160156	 286.4244384765625	 47753.51953125
38895972.0	 300.435546875	 299.6653137207031	 50142.42578125
38896064.0	 307.968994140625	 310.7147216796875	 52146.3828125
38896160.0	 305.439208984375	 273.19171142578125	 47566.93359375
38896256.0	 310.9798278808594	 306.3138732910156	 55977.89453125
38896348.0	 313.46893310546875	 279.16778564453125	 47174.65234375
38896444.0	 310.7334899902344	 285.3358459472656	 47622.03125
38896540.0	 309.4193115234375	 289.16009521484375	 48494.8125
38896640.0	 309.04010009765625	 293.9952697753906	 51911.59375
38896732.0	 297.1412048339844	 272.4848327636719	 45000.359375
38896828.0	 305.8163757324219	 310.6353454589844	 56623.17578125
38897016.0	 318.468017578125	 270.5791931152344	 39302.0078125
38897112.0	 311.9311218261719	 283.1837463378906	 35191.41796875
38897304.0	 317.2595520019531	 271.1952819824219	 28812.15625
38897400.0	 310.19171142578125	 281.015625	 30004.51953125
38897496.0	 307.7771911621094	 290.5105285644531	 32544.666015625
38897588.0	 305.5827941894531	 301.21478271484375	 35234.4375
38897684.0	 305.3454895019531	 297.76275634765625	 36915.1328125
38897780.0	 304.59075927734375	 296.9586181640625	 36058.8984375
38897876.0	 304.64971923828125	 305.9368896484375	 38331.79296875
38897976.0	 307.4291076660156	 295.80657958984375	 34846.32421875
38898068.0	 305.9410705566406	 297.4861145019531	 36069.26953125
38898160.0	 308.1915283203125	 300.597900390625	 39046.96484375
38898260.0	 307.0350341796875	 298.74249267578125	 38210.8359375
38898352.0	 309.7727966308594	 288.7606506347656	 34905.45703125
38898444.0	 308.6197814941406	 301.1329040527344	 37876.66015625
38898544.0	 308.73468017578125	 288.5177307128906	 34134.5
38898636.0	 306.3475036621094	 295.83050537109375	 35962.37890625
38898732.0	 308.1541748046875	 291.1000061035156	 33736.515625
38898832.0	 307.18646240234375	 294.153076171875	 36926.6875
38898924.0	 308.0411682128906	 298.9618225097656	 36683.765625
38899020.0	 309.4736633300781	 293.0527648925781	 36209.08984375
38899116.0	 310.60894775390625	 280.0731201171875	 35380.109375
38899208.0	 312.2705383300781	 285.97216796875	 36330.67578125
38899304.0	 310.2248229980469	 286.4649353027344	 36807.62109375
38899400.0	 306.26751708984375	 304.2427673339844	 36626.53125
38899496.0	 311.879638671875	 323.4609069824219	 46580.38671875
38899592.0	 317.86614990234375	 285.1658020019531	 41102.89453125
38899780.0	 317.2980651855469	 283.3817443847656	 38317.53125
38899876.0	 317.69384765625	 285.73309326171875	 36779.16015625
38899972.0	 315.065185546875	 278.5030517578125	 33321.10546875
38900064.0	 317.6312561035156	 282.87847900390625	 33938.31640625
38900164.0	 318.6456298828125	 291.4124450683594	 39614.6875
38900256.0	 319.87188720703125	 277.8430480957031	 44103.265625
38900448.0	 321.1737060546875	 273.02325439453125	 48162.515625
38900540.0	 329.32696533203125	 250.86587524414062	 39992.7578125
38900640.0	 327.6881103515625	 258.0545959472656	 39976.86328125
38900736.0	 329.18701171875	 243.39923095703125	 37068.203125
38900828.0	 323.9160461425781	 257.0966491699219	 37198.9609375
38900924.0	 319.63165283203125	 276.1379699707031	 36876.15234375
38901020.0	 318.1926574707031	 295.3674621582031	 38144.3828125
38901116.0	 319.4051208496094	 272.306396484375	 35729.70703125
38901212.0	 316.26519775390625	 288.68719482421875	 39195.82421875
38901304.0	 317.38287353515625	 276.5544128417969	 40227.62890625
38901400.0	 311.43292236328125	 299.9306335449219	 38564.484375
38901500.0	 314.5408020019531	 286.1531982421875	 36299.8125
38901592.0	 316.85870361328125	 278.1523742675781	 36208.921875
38901684.0	 312.2890930175781	 294.3692321777344	 36986.83984375
38901784.0	 318.04083251953125	 281.0745849609375	 36860.87109375
38901876.0	 317.6893310546875	 291.01220703125	 38615.58203125
38901968.0	 314.8108215332031	 291.4454345703125	 36672.125
38902072.0	 317.0688171386719	 287.2792053222656	 38450.078125
38902164.0	 317.5460510253906	 278.71343994140625	 36021.58984375
38902256.0	 317.52520751953125	 290.512451171875	 39929.1640625
38902356.0	 318.2678527832031	 293.8035583496094	 43272.984375
38902448.0	 322.96728515625	 270.71234130859375	 38967.89453125
38902544.0	 317.5111083984375	 271.62921142578125	 35415.81640625
38902640.0	 313.7081604003906	 279.4933166503906	 35443.62109375
38902736.0	 312.22833251953125	 282.9859619140625	 36000.62890625
38902828.0	 311.2317199707031	 290.00811767578125	 33234.6875
38902928.0	 307.7242431640625	 294.6380615234375	 35860.18359375
38903116.0	 311.2328796386719	 302.64544677734375	 40751.421875
38903212.0	 315.40985107421875	 287.5831604003906	 40218.65234375
38903304.0	 312.67584228515625	 287.2477111816406	 38451.421875
38903404.0	 311.9012451171875	 291.9615783691406	 40264.80078125
38903592.0	 315.3309326171875	 285.7178955078125	 33803.46875
38903688.0	 318.5283508300781	 268.446044921875	 36147.62109375
38903784.0	 316.79998779296875	 286.45037841796875	 39548.609375
38903876.0	 316.32537841796875	 277.4947814941406	 35488.62890625
38903972.0	 314.230224609375	 275.4545593261719	 36245.5
38904068.0	 313.06536865234375	 280.2841796875	 36619.70703125
38904164.0	 314.3849182128906	 283.4881286621094	 37717.203125
38904260.0	 314.3899841308594	 283.1879577636719	 37638.66015625
38904356.0	 317.745849609375	 279.07293701171875	 37903.4609375
38904448.0	 319.1320495605469	 278.3580322265625	 44042.09765625
38904544.0	 316.05279541015625	 282.962158203125	 36273.234375
38904640.0	 315.2819519042969	 272.9416198730469	 32979.6171875
38904732.0	 311.0952453613281	 298.0444030761719	 37825.73828125
38904832.0	 316.4297790527344	 285.5774841308594	 38614.88671875
38904928.0	 317.1103515625	 278.9570007324219	 36347.6015625
38905024.0	 317.779296875	 284.8584289550781	 37580.625
38905116.0	 315.85479736328125	 285.5530090332031	 36763.765625
38905212.0	 315.9819030761719	 286.78369140625	 38104.30859375
38905308.0	 312.02783203125	 275.15618896484375	 35182.12890625
38905400.0	 304.3346862792969	 305.2266540527344	 35757.83984375
38905496.0	 308.4152526855469	 310.0130920410156	 36814.12890625
38905596.0	 310.7985534667969	 272.4047546386719	 30615.3984375
38905688.0	 303.2962646484375	 310.9246826171875	 36941.2265625
38905784.0	 308.64111328125	 321.31732177734375	 40745.2578125
38905880.0	 308.79083251953125	 283.1695861816406	 31553.830078125
38905972.0	 305.8282165527344	 304.5104675292969	 38081.59765625
38906068.0	 309.1454162597656	 308.6061096191406	 38679.7421875
38906168.0	 312.91876220703125	 274.1319274902344	 31751.46875
38906260.0	 311.29302978515625	 297.90606689453125	 36586.65234375
38906356.0	 312.7037658691406	 294.2476806640625	 37056.1640625
38906452.0	 315.5731201171875	 295.925048828125	 41011.58203125
38906544.0	 314.85174560546875	 287.2386474609375	 36130.53125
38906736.0	 316.0477600097656	 275.08404541015625	 31437.265625
38906832.0	 315.61480712890625	 280.47711181640625	 35899.2890625
38906928.0	 310.5062255859375	 297.5308532714844	 38032.671875
38907024.0	 311.3158264160156	 292.2370300292969	 37776.1484375
38907116.0	 310.3861389160156	 290.6652526855469	 36765.6484375
38907212.0	 312.14404296875	 285.2872619628906	 38516.6953125
38907308.0	 309.38482666015625	 283.6380310058594	 33654.96484375
38907400.0	 311.5071716308594	 286.6791076660156	 37793.296875
38907500.0	 308.862060546875	 299.8268127441406	 38002.80078125
38907596.0	 310.4943542480469	 293.2182312011719	 38060.6640625
38907688.0	 307.6708068847656	 305.1258850097656	 39427.33984375
38907788.0	 304.4743957519531	 293.8976135253906	 39002.8203125
38907880.0	 307.066650390625	 297.01025390625	 38345.359375
38907972.0	 308.3038635253906	 289.38067626953125	 38376.1328125
38908072.0	 306.6209716796875	 290.97918701171875	 40441.80078125
38908164.0	 306.96319580078125	 296.1696472167969	 39151.8828125
38908260.0	 307.9786376953125	 294.71258544921875	 35388.89453125
38908356.0	 306.96295166015625	 311.6957702636719	 40059.2578125
38908452.0	 308.1583557128906	 301.2137145996094	 39456.24609375
38908544.0	 305.69451904296875	 295.9371337890625	 38665.93359375
38908640.0	 302.66363525390625	 315.3974914550781	 40393.3125
38908736.0	 303.7464904785156	 301.0444641113281	 36549.9765625
38908828.0	 303.7236022949219	 302.60650634765625	 38090.25390625
38908928.0	 303.4471435546875	 306.59332275390625	 38668.17578125
38909020.0	 303.4709167480469	 313.0932312011719	 40787.76953125
38909216.0	 304.18145751953125	 306.014404296875	 40247.78125
38909308.0	 304.3824768066406	 305.19610595703125	 38026.63671875
38909500.0	 303.5176086425781	 299.5128173828125	 37518.2578125
38909596.0	 302.9144287109375	 319.8327941894531	 39236.703125
38909692.0	 307.81768798828125	 306.2386474609375	 36984.984375
38909880.0	 307.7102966308594	 294.4871826171875	 28985.958984375
38909976.0	 309.336669921875	 291.97479248046875	 34122.4609375
38910072.0	 306.22857666015625	 302.78955078125	 35873.1484375
38910264.0	 305.8005676269531	 300.6012878417969	 37059.33984375
38910356.0	 304.89764404296875	 311.35504150390625	 39283.72265625
38910448.0	 308.6457824707031	 296.7362976074219	 37082.35546875
38910548.0	 306.7830505371094	 309.2253112792969	 43227.7109375
38910640.0	 307.5400695800781	 315.1600341796875	 38408.2421875
38910736.0	 306.777587890625	 308.92626953125	 34245.609375
38910928.0	 305.70184326171875	 304.9382629394531	 38503.265625
38911024.0	 305.31353759765625	 314.6029968261719	 40356.38671875
38911120.0	 303.5668640136719	 302.56292724609375	 36171.8828125
38911308.0	 299.9241638183594	 315.96697998046875	 40721.65625
38911408.0	 300.9525451660156	 320.1647033691406	 38694.01171875
38911500.0	 300.1220703125	 318.4671630859375	 38214.5625
38911592.0	 302.91693115234375	 311.1077575683594	 37208.24609375
38911692.0	 307.06072998046875	 298.8086242675781	 36372.11328125
38911784.0	 303.1468811035156	 295.1752014160156	 35290.26171875
38911880.0	 303.0270690917969	 316.2518005371094	 39438.5078125
38911976.0	 307.67059326171875	 297.5941162109375	 34168.23046875
38912072.0	 307.8276672363281	 301.8075866699219	 36058.12890625
38912168.0	 305.509765625	 297.88433837890625	 36356.3125
38912264.0	 305.2416687011719	 304.8414001464844	 38838.84765625
38912356.0	 308.982177734375	 304.0577392578125	 36028.6328125
38912452.0	 303.3498229980469	 316.3582458496094	 40794.30078125
38912548.0	 305.6815490722656	 315.51068115234375	 39384.6953125
38912640.0	 301.7095947265625	 325.09783935546875	 41533.5
38912740.0	 304.0964660644531	 313.3701171875	 38537.80859375
38912836.0	 303.67510986328125	 312.55328369140625	 36977.2578125
38913024.0	 304.0058288574219	 299.78448486328125	 29341.5859375
38913120.0	 305.7156982421875	 312.0958557128906	 37560.91015625
38913212.0	 305.2896423339844	 319.3792724609375	 37522.30078125
38913312.0	 303.2738037109375	 318.3105163574219	 37657.19140625
38913404.0	 306.02288818359375	 314.73004150390625	 36184.76171875
38913500.0	 306.913330078125	 312.37213134765625	 37550.41796875
38913596.0	 304.01458740234375	 321.778076171875	 39744.41796875
38913692.0	 303.4409484863281	 313.0390930175781	 38257.8046875
38913784.0	 304.193115234375	 301.7171936035156	 40237.84375
38913884.0	 305.5380859375	 303.7169494628906	 34450.96484375
38913976.0	 304.32269287109375	 308.9292297363281	 36993.48046875
38914068.0	 305.8387451171875	 302.86737060546875	 35795.76171875
38914168.0	 306.0387878417969	 302.8283386230469	 34792.28515625
38914260.0	 305.2315368652344	 304.2791442871094	 36821.8515625
38914356.0	 305.2391662597656	 306.4520263671875	 35057.18359375
38914456.0	 306.4938659667969	 300.87908935546875	 33284.30859375
38914548.0	 305.362548828125	 297.89715576171875	 34432.609375
38914644.0	 304.71612548828125	 305.94482421875	 37797.7890625
38914740.0	 305.40692138671875	 294.7992858886719	 32820.18359375
38914832.0	 302.74298095703125	 305.6619567871094	 36940.50390625
38914932.0	 303.543212890625	 305.0084228515625	 36827.8515625
38915024.0	 302.6925354003906	 298.4642639160156	 35594.80859375
38915120.0	 303.3768615722656	 306.7684631347656	 36430.4296875
38915312.0	 303.0650634765625	 305.71917724609375	 36671.6328125
38915404.0	 303.72100830078125	 311.1094970703125	 37757.01953125
38915500.0	 302.64752197265625	 307.97271728515625	 37149.921875
38915596.0	 306.6220397949219	 300.5429382324219	 35054.26171875
38915688.0	 305.12640380859375	 295.76220703125	 33862.9921875
38915788.0	 303.94696044921875	 301.1289367675781	 38700.5390625
38915880.0	 303.4593811035156	 298.9169006347656	 36142.6328125
38915976.0	 304.62139892578125	 307.83599853515625	 37740.38671875
38916168.0	 303.6624755859375	 292.6544494628906	 29638.482421875
38916260.0	 303.7500305175781	 310.6874084472656	 38321.2265625
38916360.0	 304.4465637207031	 301.5926818847656	 37232.65625
38916456.0	 303.4842834472656	 303.84033203125	 37518.7578125
38916548.0	 305.552978515625	 309.7388916015625	 37071.41796875
38916644.0	 305.48602294921875	 296.7311706542969	 34276.921875
38916740.0	 304.16943359375	 306.7876892089844	 36265.25
38916832.0	 304.5325927734375	 297.32464599609375	 36489.87890625
38916932.0	 304.8243713378906	 304.8392639160156	 37001.171875
38917024.0	 304.3765563964844	 303.3611755371094	 36747.33203125
38917116.0	 305.44891357421875	 295.5024108886719	 37188.4921875
38917216.0	 305.2137145996094	 299.54559326171875	 36521.46484375
38917308.0	 305.5473937988281	 296.98345947265625	 38001.43359375
38917404.0	 304.6513977050781	 304.109130859375	 38255.3515625
38917500.0	 305.1014099121094	 295.4779052734375	 37493.4296875
38917596.0	 304.2486572265625	 306.4170227050781	 36744.8515625
38917688.0	 304.30322265625	 295.070556640625	 32171.927734375
38917788.0	 305.4416198730469	 299.61590576171875	 35772.7734375
38917884.0	 304.898681640625	 312.14190673828125	 39911.265625
38917976.0	 303.21435546875	 302.8931579589844	 36103.69921875
38918072.0	 302.96417236328125	 307.56903076171875	 37734.0390625
38918168.0	 303.39971923828125	 303.9596862792969	 35876.6875
38918260.0	 303.46844482421875	 301.5113525390625	 34675.5234375
38918360.0	 303.29388427734375	 300.54241943359375	 35666.71484375
38918452.0	 301.7608947753906	 299.48455810546875	 38378.77734375
38918548.0	 301.3089599609375	 303.788330078125	 35809.01953125
38918644.0	 300.20538330078125	 302.1292419433594	 36599.93359375
38918736.0	 300.9261169433594	 295.38946533203125	 38678.0546875
38918836.0	 299.51531982421875	 296.3532409667969	 38091.7578125
38918932.0	 298.876953125	 315.3433837890625	 37460.23828125
38919024.0	 299.5914306640625	 305.7017822265625	 36426.34375
38919124.0	 298.6143798828125	 319.4404296875	 36626.62109375
38919308.0	 300.9301452636719	 296.5942077636719	 27416.181640625
38919408.0	 301.2663879394531	 305.8702087402344	 37397.40625
38919500.0	 301.8871765136719	 305.2723083496094	 36157.8515625
38919596.0	 299.7457580566406	 301.1343688964844	 38953.70703125
38919696.0	 297.9090881347656	 323.5611572265625	 41192.77734375
38919788.0	 301.8768005371094	 314.614013671875	 37494.53125
38919880.0	 301.6639404296875	 307.0564270019531	 37783.328125
38919980.0	 298.7790832519531	 309.508056640625	 37815.52734375
38920072.0	 297.3165283203125	 315.8214416503906	 43033.10546875
38920168.0	 300.7904968261719	 322.78070068359375	 39417.36328125
38920264.0	 303.75067138671875	 283.0131530761719	 34768.80078125
38920360.0	 295.1738586425781	 295.06414794921875	 38236.28125
38920452.0	 293.4075927734375	 307.2508850097656	 40696.4375
38920548.0	 293.2701416015625	 310.1907653808594	 41577.87890625
38920644.0	 291.46588134765625	 308.5848388671875	 41512.71875
38920736.0	 294.0041809082031	 315.3670349121094	 41608.3359375
38920836.0	 295.46929931640625	 298.6141052246094	 36070.30078125
38920928.0	 297.59747314453125	 318.65289306640625	 46395.69921875
38921024.0	 298.6066589355469	 308.8003845214844	 40698.2734375
38921120.0	 300.1270446777344	 299.4160461425781	 39387.85546875
38921216.0	 299.8942565917969	 300.8336486816406	 40229.74609375
38921408.0	 300.16888427734375	 302.8608703613281	 41161.6875
38921504.0	 298.5594787597656	 299.9049987792969	 40064.13671875
38921596.0	 298.5572204589844	 324.2139892578125	 41242.50390625
38921692.0	 298.7086486816406	 302.0265808105469	 41199.75
38921788.0	 300.4460754394531	 299.5059814453125	 40738.2265625
38921880.0	 297.475830078125	 303.99322509765625	 41831.01171875
38921980.0	 298.503662109375	 307.4310607910156	 41399.9765625
38922072.0	 299.7622985839844	 302.1332092285156	 40107.4375
38922168.0	 297.0891418457031	 304.4159851074219	 39252.75
38922264.0	 300.2474670410156	 290.2032165527344	 36384.7890625
38922452.0	 295.7911376953125	 298.0839538574219	 48571.6953125
38922548.0	 298.724853515625	 299.07098388671875	 37116.671875
38922644.0	 299.3877868652344	 310.14117431640625	 38571.55859375
38922736.0	 299.9741516113281	 304.6437683105469	 39992.18359375
38922836.0	 303.7367858886719	 315.30841064453125	 42084.91015625
38922932.0	 298.1025085449219	 294.71551513671875	 39526.2109375
38923024.0	 300.833984375	 309.1242980957031	 39400.7578125
38923124.0	 301.5616455078125	 299.4951171875	 40280.84765625
38923216.0	 300.70477294921875	 307.5702209472656	 43623.734375
38923312.0	 299.54913330078125	 306.70440673828125	 41155.31640625
38923408.0	 299.49237060546875	 304.18560791015625	 40708.75390625
38923500.0	 299.7428283691406	 303.30767822265625	 40762.98828125
38923596.0	 299.58233642578125	 296.8648376464844	 37992.71484375
38923692.0	 301.19097900390625	 297.4819641113281	 41837.0859375
38923788.0	 300.9549560546875	 290.0625915527344	 42957.36328125
38923880.0	 302.6198425292969	 287.4188232421875	 40449.13671875
38923980.0	 302.5653076171875	 295.0027160644531	 41728.01953125
38924072.0	 302.44952392578125	 290.1141357421875	 38438.20703125
38924168.0	 303.7243957519531	 300.8946228027344	 40682.8046875
38924264.0	 304.1492919921875	 289.4733581542969	 39493.3984375
38924356.0	 302.55914306640625	 297.019287109375	 41484.01171875
38924452.0	 302.2999267578125	 302.469970703125	 44588.4765625
38924548.0	 303.6552429199219	 289.98065185546875	 37704.6875
38924644.0	 303.439208984375	 292.8313903808594	 40286.51171875
38924740.0	 302.4045104980469	 298.856201171875	 39853.96484375
38924836.0	 301.6143493652344	 301.6257629394531	 40751.88671875
38924928.0	 301.1085510253906	 295.1329040527344	 39069.3125
38925024.0	 302.41400146484375	 299.4954833984375	 41803.83203125
38925124.0	 303.4888000488281	 299.2691650390625	 39406.1171875
38925216.0	 300.90966796875	 307.2429504394531	 42364.703125
38925312.0	 303.4713439941406	 285.6448059082031	 37269.203125
38925408.0	 302.5543212890625	 298.11834716796875	 39266.45703125
38925596.0	 302.545654296875	 277.45892333984375	 30245.90234375
38925692.0	 306.94940185546875	 297.68939208984375	 37762.9921875
38925788.0	 305.030029296875	 296.89794921875	 38804.08203125
38925880.0	 303.6002197265625	 299.6312255859375	 38343.31640625
38925976.0	 302.13409423828125	 310.2084655761719	 41786.828125
38926072.0	 303.4549255371094	 296.52471923828125	 36704.47265625
38926164.0	 302.47674560546875	 301.1856994628906	 38741.33203125
38926264.0	 300.1874084472656	 308.9229431152344	 41072.02734375
38926360.0	 300.3060607910156	 307.2856140136719	 41221.359375
38926452.0	 301.2917175292969	 303.8847961425781	 39979.63671875
38926548.0	 301.5799560546875	 317.820068359375	 41691.75390625
38926644.0	 301.9928283691406	 306.5757141113281	 35973.6796875
38926736.0	 300.3100891113281	 310.71539306640625	 38394.171875
38926836.0	 298.2321472167969	 304.5226745605469	 36268.37109375
38926932.0	 295.9830322265625	 312.6368713378906	 39307.4453125
38927024.0	 297.876708984375	 306.547119140625	 38372.16796875
38927124.0	 302.67120361328125	 301.07000732421875	 36408.25390625
38927216.0	 299.41455078125	 315.02716064453125	 38685.59375
38927308.0	 293.6468505859375	 292.9945373535156	 36390.671875
38927500.0	 296.9441833496094	 312.1047668457031	 39741.14453125
38927596.0	 297.56842041015625	 331.11907958984375	 42055.4765625
38927692.0	 298.9688415527344	 313.8394470214844	 36775.99609375
38927784.0	 297.5038757324219	 318.07830810546875	 39606.97265625
38927880.0	 299.8318176269531	 313.35113525390625	 38688.06640625
38927976.0	 302.0479736328125	 304.3272705078125	 35375.03515625
38928072.0	 302.2713623046875	 310.4483337402344	 37235.13671875
38928168.0	 301.7076721191406	 311.8993835449219	 38098.21484375
38928264.0	 301.8682556152344	 299.5477294921875	 35125.328125
38928360.0	 303.0668029785156	 303.25421142578125	 37673.33203125
38928452.0	 299.5361633300781	 301.4117126464844	 35938.00390625
38928548.0	 302.1147766113281	 306.2044372558594	 36786.5078125
38928740.0	 301.8909912109375	 293.5960693359375	 27922.640625
38928836.0	 300.6346130371094	 315.9021301269531	 39409.67578125
38928932.0	 300.2401123046875	 315.6065673828125	 39947.48828125
38929024.0	 299.79998779296875	 311.12347412109375	 39070.90625
38929120.0	 299.6744689941406	 313.8582763671875	 38643.64453125
38929216.0	 299.07623291015625	 325.8443908691406	 42312.71484375
38929308.0	 299.0270690917969	 315.5416564941406	 38581.8359375
38929408.0	 298.99932861328125	 314.23345947265625	 38350.38671875
38929500.0	 300.24676513671875	 319.0050964355469	 39156.71875
38929596.0	 298.4729309082031	 312.8221740722656	 39423.890625
38929692.0	 298.2994384765625	 310.3389892578125	 38206.26171875
38929788.0	 297.33013916015625	 311.2178039550781	 37869.19140625
38929880.0	 297.47259521484375	 309.54876708984375	 36782.4609375
38929980.0	 296.16790771484375	 312.0284118652344	 44619.13671875
38930072.0	 296.36309814453125	 307.6416931152344	 37503.21484375
38930168.0	 295.0978698730469	 310.62762451171875	 38812.125
38930264.0	 296.2940979003906	 315.755126953125	 38084.2265625
38930356.0	 297.798828125	 308.49725341796875	 36800.7890625
38930452.0	 297.69439697265625	 308.40557861328125	 38875.015625
38930552.0	 297.6414489746094	 310.5955810546875	 37411.35546875
38930644.0	 297.7987060546875	 316.1364440917969	 38913.2421875
38930736.0	 297.8552551269531	 316.514892578125	 40828.7421875
38930836.0	 297.64581298828125	 313.7405090332031	 38077.79296875
38930928.0	 297.51873779296875	 312.66387939453125	 40545.1328125
38931024.0	 298.7657470703125	 311.3271789550781	 38948.34375
38931120.0	 297.4593200683594	 311.4002990722656	 38092.5859375
38931216.0	 297.3077392578125	 323.22149658203125	 47370.83203125
38931308.0	 298.4570007324219	 311.69482421875	 36029.8359375
38931404.0	 298.3631591796875	 313.94110107421875	 37944.0546875
38931500.0	 298.4434814453125	 308.2433776855469	 37112.28515625
38931596.0	 297.9630126953125	 316.1071472167969	 38967.57421875
38931692.0	 297.3599853515625	 310.5787658691406	 36640.2734375
38931880.0	 296.92315673828125	 293.9847412109375	 39856.5390625
38931980.0	 297.9027099609375	 308.1012268066406	 36659.359375
38932072.0	 298.53955078125	 308.6722412109375	 35705.61328125
38932168.0	 299.626220703125	 310.7973937988281	 38145.21875
38932264.0	 300.2801818847656	 308.7763366699219	 38794.03125
38932360.0	 299.4658203125	 305.224853515625	 36893.39453125
38932452.0	 300.40313720703125	 308.35711669921875	 34280.40234375
38932548.0	 301.3668212890625	 307.1853332519531	 37328.40625
38932644.0	 302.0162353515625	 311.79638671875	 38245.05078125
38932736.0	 302.1195373535156	 307.6311950683594	 39319.265625
38932836.0	 301.6405944824219	 296.8083801269531	 34379.515625
38932928.0	 301.09002685546875	 314.19500732421875	 39814.15625
38933024.0	 302.80712890625	 304.7432861328125	 37418.6484375
38933120.0	 300.3601989746094	 301.2611389160156	 36783.765625
38933216.0	 298.8423156738281	 304.23974609375	 39447.0390625
38933308.0	 301.33154296875	 303.8020324707031	 38032.1171875
38933408.0	 300.1654968261719	 313.65313720703125	 39236.9296875
38933596.0	 307.164306640625	 302.8897399902344	 36905.9921875
38933692.0	 305.2834167480469	 299.6173095703125	 36439.68359375
38933788.0	 303.35888671875	 313.3400573730469	 39038.33203125
38933880.0	 304.1747741699219	 303.0672607421875	 37172.05078125
38933980.0	 303.1603088378906	 308.9521179199219	 37650.52734375
38934072.0	 305.1683044433594	 300.7532653808594	 35121.171875
38934168.0	 306.0738830566406	 300.8057556152344	 38061.5703125
38934264.0	 304.92816162109375	 302.0516052246094	 35781.4765625
38934356.0	 305.9969482421875	 303.7124328613281	 38805.671875
38934452.0	 304.792236328125	 302.80029296875	 37842.9296875
38934548.0	 303.4218444824219	 315.1455993652344	 39319.73046875
38934644.0	 303.47344970703125	 308.7131652832031	 38463.5546875
38934736.0	 304.2139587402344	 307.4687194824219	 37239.296875
38934836.0	 302.3800048828125	 305.8491516113281	 38473.37109375
38935024.0	 302.82568359375	 300.6103210449219	 40692.83203125
38935124.0	 303.3586730957031	 296.760498046875	 39465.9609375
38935216.0	 303.666748046875	 310.3177490234375	 37568.76171875
38935312.0	 303.33673095703125	 296.32244873046875	 39776.9140625
38935408.0	 304.0524597167969	 292.3227844238281	 38022.1640625
38935500.0	 304.80511474609375	 296.9893493652344	 39948.0234375
38935596.0	 304.49609375	 297.97894287109375	 38606.94921875
38935696.0	 305.56121826171875	 298.0413513183594	 37698.421875
38935788.0	 305.6007080078125	 302.2620544433594	 45121.24609375
38935880.0	 307.0433044433594	 296.63671875	 37645.859375
38935980.0	 301.73944091796875	 299.7438659667969	 37355.5703125
38936072.0	 301.3296203613281	 313.4339599609375	 37049.50390625
38936168.0	 299.5247497558594	 303.400146484375	 36378.83984375
38936264.0	 297.7044677734375	 308.7973327636719	 39316.16015625
38936356.0	 297.6036071777344	 320.3969421386719	 40447.38671875
38936452.0	 298.8008117675781	 306.4138488769531	 36447.99609375
38936548.0	 299.97784423828125	 312.3401794433594	 39362.0390625
38936644.0	 298.7364501953125	 303.0592041015625	 35938.31640625
38936740.0	 299.6841735839844	 309.6109924316406	 37760.8828125
38936836.0	 298.6163635253906	 304.8915710449219	 37133.27734375
38936932.0	 298.1160583496094	 310.9796447753906	 38379.26953125
38937024.0	 298.2006530761719	 312.8684387207031	 38884.2578125
38937120.0	 297.6303405761719	 307.79833984375	 37005.96484375
38937216.0	 297.45989990234375	 318.0497741699219	 37558.97265625
38937308.0	 299.5941467285156	 324.02886962890625	 40266.28125
38937408.0	 300.3505859375	 319.96514892578125	 38977.21875
38937504.0	 301.9287109375	 321.91552734375	 38215.8046875
38937596.0	 301.8400573730469	 311.2853088378906	 39309.70703125
38937692.0	 302.6805725097656	 308.22967529296875	 38052.9921875
38937788.0	 302.2134704589844	 307.4483947753906	 36840.66015625
38937880.0	 303.1231689453125	 315.65814208984375	 37896.78515625
38937976.0	 302.2901611328125	 316.06915283203125	 39591.171875
38938164.0	 302.4868469238281	 287.1432800292969	 27332.166015625
38938260.0	 302.1576232910156	 313.345703125	 39706.16796875
38938360.0	 303.31591796875	 305.96343994140625	 35843.9296875
38938452.0	 303.62939453125	 313.69830322265625	 38281.61328125
38938548.0	 306.35205078125	 304.3450012207031	 36720.140625
38938644.0	 304.3611145019531	 308.3590087890625	 37273.75390625
38938740.0	 306.1225891113281	 305.8384094238281	 36679.91796875
38938832.0	 305.33612060546875	 302.0519714355469	 36608.484375
38938928.0	 304.0087585449219	 311.3996887207031	 39702.6015625
38939024.0	 304.3444519042969	 306.4269714355469	 37839.77734375
38939120.0	 305.1102294921875	 310.18780517578125	 38332.125
38939216.0	 305.4518127441406	 298.8597412109375	 36136.2421875
38939312.0	 305.3263244628906	 303.86871337890625	 36518.921875
38939404.0	 303.7592468261719	 311.66455078125	 38612.296875
38939500.0	 302.8988342285156	 309.345703125	 36825.50390625
38939688.0	 298.3982238769531	 319.1865234375	 38644.203125
38939788.0	 298.58966064453125	 316.154296875	 34773.31640625
38939880.0	 298.39544677734375	 314.4820861816406	 37630.82421875
38939976.0	 297.615966796875	 313.7778625488281	 35767.5625
38940072.0	 297.93548583984375	 322.98516845703125	 38579.46484375
38940168.0	 299.8132629394531	 312.00286865234375	 36927.640625
38940264.0	 299.28106689453125	 312.20721435546875	 35765.52734375
38940360.0	 298.5350341796875	 316.44952392578125	 39100.58203125
38940452.0	 298.6607666015625	 319.7060241699219	 39486.70703125
38940548.0	 298.0287170410156	 319.34307861328125	 39648.5390625
38940644.0	 296.23968505859375	 311.3105163574219	 38582.28515625
38940740.0	 296.67034912109375	 317.38128662109375	 37501.2265625
38940832.0	 295.05999755859375	 320.708740234375	 41472.28125
38940932.0	 295.9024658203125	 320.0376892089844	 38609.59375
38941024.0	 296.4032897949219	 324.8232116699219	 40948.68359375
38941120.0	 298.6043395996094	 314.69171142578125	 38030.51171875
38941312.0	 297.59588623046875	 315.5703430175781	 44654.4140625
38941404.0	 300.283447265625	 318.12890625	 37992.81640625
38941504.0	 300.5904846191406	 314.1563720703125	 39209.2734375
38941596.0	 303.022705078125	 306.31085205078125	 37433.921875
38941688.0	 302.2922058105469	 318.5064392089844	 39724.91015625
38941792.0	 302.04705810546875	 306.8998718261719	 37225.078125
38941884.0	 303.75701904296875	 307.618408203125	 36771.7109375
38941976.0	 306.7460021972656	 311.40972900390625	 38594.3984375
38942072.0	 301.02685546875	 327.97259521484375	 40130.56640625
38942168.0	 302.6170654296875	 322.75372314453125	 37805.3125
38942264.0	 302.2827453613281	 323.6147155761719	 38618.9921875
38942356.0	 301.9729309082031	 320.7013854980469	 37862.0703125
38942452.0	 303.0256042480469	 318.89892578125	 39055.96875
38942548.0	 301.5571594238281	 307.9571228027344	 37835.72265625
38942640.0	 299.9631042480469	 326.05621337890625	 41122.375
38942740.0	 300.0461730957031	 314.6339111328125	 37764.625
38942832.0	 300.85784912109375	 321.90869140625	 40714.6015625
38942924.0	 299.5985107421875	 318.69805908203125	 41472.09375
38943024.0	 303.3350830078125	 335.7704772949219	 42442.859375
38943120.0	 302.4187927246094	 325.29705810546875	 39967.40234375
38943212.0	 300.1362609863281	 319.2561340332031	 40900.57421875
38943312.0	 301.35589599609375	 324.2250671386719	 41539.265625
38943404.0	 303.1202697753906	 315.8045349121094	 38836.49609375
38943500.0	 301.417236328125	 321.0741271972656	 38809.984375
38943596.0	 299.78143310546875	 313.4150085449219	 38055.85546875
38943692.0	 302.25775146484375	 317.3155517578125	 38966.17578125
38943784.0	 300.7832946777344	 318.1918640136719	 36188.578125
38943884.0	 299.4334716796875	 313.8692626953125	 40102.39453125
38943976.0	 301.2508850097656	 307.09307861328125	 34896.79296875
38944072.0	 299.94085693359375	 320.865234375	 40017.67578125
38944168.0	 301.64892578125	 334.5783386230469	 39904.70703125
38944264.0	 303.98663330078125	 326.6267395019531	 38666.86328125
38944452.0	 306.8797607421875	 313.2613220214844	 32990.52734375
38944548.0	 298.7994079589844	 322.5494384765625	 40681.15625
38944644.0	 299.03924560546875	 320.51416015625	 39503.03515625
38944740.0	 300.91485595703125	 311.2884216308594	 36702.84375
38944832.0	 302.2253112792969	 310.45184326171875	 36122.40234375
38944928.0	 303.50335693359375	 325.0271301269531	 39659.203125
38945020.0	 298.3336181640625	 319.7709045410156	 38655.078125
38945116.0	 299.4966735839844	 368.7331237792969	 49521.7421875
38945216.0	 308.3135070800781	 290.2141418457031	 33300.90234375
38945308.0	 304.5997619628906	 322.72247314453125	 38847.4375
38945404.0	 304.71649169921875	 322.85321044921875	 40065.63671875
38945592.0	 303.52252197265625	 328.2539367675781	 39556.35546875
38945788.0	 305.3437194824219	 321.6874694824219	 38954.5390625
38945880.0	 307.3663024902344	 322.344970703125	 39501.77734375
38945976.0	 307.03582763671875	 312.53033447265625	 38204.609375
38946072.0	 304.56036376953125	 325.1665954589844	 38579.67578125
38946164.0	 304.04510498046875	 329.67572021484375	 40198.265625
38946264.0	 303.44207763671875	 323.9914245605469	 39459.7265625
38946356.0	 302.8917236328125	 326.16082763671875	 39107.19140625
38946448.0	 301.8642883300781	 323.0013427734375	 38899.4609375
38946548.0	 301.6134948730469	 322.99200439453125	 39983.21875
38946640.0	 301.70904541015625	 325.5085754394531	 37753.53515625
38946736.0	 300.828369140625	 330.7167053222656	 39598.08984375
38946836.0	 303.38897705078125	 332.76361083984375	 40314.6875
38946928.0	 302.69378662109375	 321.4135437011719	 38515.40234375
38947024.0	 301.731201171875	 336.3553161621094	 40931.28515625
38947120.0	 300.64361572265625	 323.3138427734375	 40094.890625
38947216.0	 301.67413330078125	 335.8974304199219	 43776.77734375
38947308.0	 301.9527893066406	 320.6519775390625	 38778.66796875
38947408.0	 299.6070556640625	 324.7654724121094	 40318.77734375
38947592.0	 301.17205810546875	 320.7545166015625	 33792.6953125
38947688.0	 304.3907775878906	 322.34423828125	 37705.265625
38947784.0	 301.0116882324219	 325.007568359375	 38361.26171875
38947880.0	 301.9822998046875	 327.91107177734375	 39636.48828125
38947976.0	 302.0341491699219	 326.6943054199219	 40731.4765625
38948072.0	 302.0999755859375	 326.3244934082031	 39608.99609375
38948164.0	 302.0216979980469	 326.4421691894531	 39571.93359375
38948260.0	 304.3466491699219	 311.76397705078125	 37524.28515625
38948356.0	 303.3063659667969	 318.83172607421875	 38316.01953125
38948452.0	 301.5829162597656	 307.57940673828125	 36255.6015625
38948544.0	 301.4876708984375	 325.43988037109375	 37125.8984375
38948644.0	 301.8874206542969	 313.3706359863281	 38742.82421875
38948740.0	 301.697021484375	 318.325439453125	 36995.43359375
38948832.0	 301.0372009277344	 316.56561279296875	 37517.4140625
38948928.0	 299.7422180175781	 329.58734130859375	 39119.0078125
38949024.0	 299.62261962890625	 327.7726135253906	 37686.11328125
38949116.0	 301.6507263183594	 335.8821716308594	 38814.71484375
38949216.0	 302.9798889160156	 325.64306640625	 37002.76953125
38949308.0	 303.7083740234375	 314.3374328613281	 35439.3046875
38949400.0	 301.4888000488281	 317.6053466796875	 38432.74609375
38949500.0	 301.5010681152344	 332.6072998046875	 39304.64453125
38949596.0	 300.3130798339844	 334.4298400878906	 36964.87890625
38949688.0	 299.1128234863281	 327.39215087890625	 39298.453125
38949784.0	 300.50982666015625	 319.4418029785156	 37043.0
38949880.0	 298.6500244140625	 319.69189453125	 38028.19921875
38949972.0	 299.43548583984375	 324.5224304199219	 37177.4453125
38950068.0	 297.69378662109375	 323.3215637207031	 38019.2109375
38950168.0	 299.0835876464844	 332.2812194824219	 38170.3203125
38950260.0	 299.0677795410156	 325.1921081542969	 37910.3984375
38950356.0	 299.2452392578125	 326.32940673828125	 36856.375
38950452.0	 301.6119384765625	 322.1807861328125	 35824.6015625
38950544.0	 303.2353210449219	 328.49346923828125	 38023.6875
38950740.0	 300.6773681640625	 306.3365173339844	 29198.541015625
38950832.0	 300.465087890625	 323.0247497558594	 36911.65625
38950928.0	 300.24346923828125	 322.3586730957031	 37312.86328125
38951024.0	 300.3442687988281	 319.6699523925781	 37631.13671875
38951120.0	 301.2851867675781	 329.3018798828125	 39341.7109375
38951212.0	 299.8466796875	 320.80255126953125	 36248.59375
38951308.0	 300.8725280761719	 327.2856140136719	 38484.62890625
38951404.0	 300.3317565917969	 319.95440673828125	 36566.43359375
38951496.0	 299.9792785644531	 329.3303527832031	 38546.95703125
38951596.0	 299.0998229980469	 310.6103210449219	 34156.3125
38951688.0	 301.1109313964844	 318.9921875	 37514.44921875
38951880.0	 299.9132995605469	 316.2127990722656	 36175.3671875
38951972.0	 300.3613586425781	 325.2819519042969	 41480.7109375
38952068.0	 300.7019348144531	 317.22271728515625	 35404.99609375
38952164.0	 300.00933837890625	 323.4757385253906	 39944.69921875
38952260.0	 300.2642517089844	 324.26312255859375	 36252.63671875
38952356.0	 300.5225524902344	 322.1886291503906	 37526.9296875
38952448.0	 299.9862365722656	 316.2672119140625	 36186.2890625
38952544.0	 299.6232604980469	 326.62579345703125	 36568.5625
38952640.0	 302.0615539550781	 315.7611999511719	 36228.40234375
38952732.0	 301.6811218261719	 319.66229248046875	 36104.62109375
38952832.0	 303.3317565917969	 311.4254150390625	 36257.84765625
38952928.0	 302.7242431640625	 323.5488586425781	 36836.17578125
38953020.0	 303.6526184082031	 305.1932373046875	 33052.63671875
38953116.0	 301.446044921875	 319.4452819824219	 34592.34375
38953212.0	 303.6095275878906	 313.1222839355469	 36963.1875
38953308.0	 301.07403564453125	 341.1180725097656	 39983.796875
38953404.0	 299.87603759765625	 318.0970153808594	 37039.3203125
38953496.0	 301.4253234863281	 314.3373718261719	 37388.11328125
38953592.0	 300.1850891113281	 321.5628662109375	 40061.19140625
38953688.0	 298.77044677734375	 329.73211669921875	 42413.26171875
38953880.0	 301.30926513671875	 315.78790283203125	 38219.78125
38953972.0	 303.3289794921875	 321.819580078125	 39280.26953125
38954072.0	 301.1151428222656	 315.01806640625	 37061.31640625
38954164.0	 300.4020690917969	 320.1290283203125	 41583.4765625
38954260.0	 298.86279296875	 310.5823059082031	 37762.046875
38954356.0	 301.5357360839844	 326.4967956542969	 39248.98828125
38954448.0	 300.9688415527344	 283.0123291015625	 42168.2890625
38954544.0	 299.3258056640625	 294.75872802734375	 50483.20703125
38954640.0	 300.6134948730469	 296.7839050292969	 45897.9375
38954732.0	 301.2665100097656	 286.3267822265625	 41585.03125
38954828.0	 301.1981201171875	 301.664306640625	 43552.828125
38954928.0	 300.4610290527344	 290.64483642578125	 42035.50390625
38955020.0	 301.76116943359375	 296.7432556152344	 43259.19921875
38955116.0	 299.9754333496094	 286.257568359375	 43414.8828125
38955212.0	 302.0059814453125	 286.6755676269531	 43069.734375
38955304.0	 300.8698425292969	 293.78948974609375	 42061.03515625
38955400.0	 300.61236572265625	 296.4231872558594	 42466.703125
38955500.0	 299.762451171875	 296.372314453125	 41349.66015625
38955592.0	 300.4833679199219	 294.4921569824219	 42004.33203125
38955688.0	 298.7353820800781	 294.4451599121094	 41842.34765625
38955780.0	 299.4241027832031	 289.77691650390625	 38351.9140625
38955880.0	 298.39288330078125	 294.7759704589844	 44419.6015625
38955972.0	 298.81988525390625	 282.8952941894531	 38430.83984375
38956068.0	 300.0498352050781	 294.9432373046875	 39809.79296875
38956164.0	 299.4349365234375	 277.9934387207031	 38231.81640625
38956260.0	 296.7154541015625	 300.3018493652344	 43226.07421875
38956352.0	 298.08526611328125	 294.5260009765625	 40970.36328125
38956452.0	 297.1996765136719	 293.0835266113281	 39918.8515625
38956544.0	 294.1080322265625	 304.98211669921875	 49269.21484375
38956636.0	 293.2901611328125	 302.0660705566406	 41583.0703125
38956736.0	 293.89215087890625	 298.6785583496094	 42787.984375
38956828.0	 295.0408630371094	 298.7125244140625	 40468.90625
38957020.0	 294.18316650390625	 293.4466552734375	 51777.6875
38957116.0	 297.5749816894531	 299.5278015136719	 39607.1328125
38957212.0	 302.10333251953125	 290.6954650878906	 40201.30859375
38957304.0	 297.80474853515625	 293.8876037597656	 40329.62109375
38957404.0	 296.6110534667969	 295.1178894042969	 42603.40234375
38957496.0	 294.6273193359375	 299.6393737792969	 46066.26953125
38957588.0	 294.43719482421875	 294.48199462890625	 40488.51171875
38957688.0	 294.76312255859375	 295.4217224121094	 40914.04296875
38957780.0	 295.2049560546875	 300.6282958984375	 40915.17578125
38957972.0	 293.8753356933594	 302.3397521972656	 41156.98046875
38958068.0	 295.5239562988281	 290.1531677246094	 40171.578125
38958160.0	 294.8365173339844	 286.7410583496094	 36798.44140625
38958260.0	 295.15167236328125	 286.97943115234375	 37262.51171875
38958352.0	 294.26953125	 289.70458984375	 38279.64453125
38958444.0	 294.8612976074219	 292.6213684082031	 35861.015625
38958544.0	 294.4444885253906	 298.07940673828125	 41174.06640625
38958640.0	 292.4203186035156	 298.8543701171875	 40056.42578125
38958732.0	 292.89532470703125	 293.3000183105469	 37054.44140625
38958828.0	 292.9845886230469	 301.53082275390625	 39903.5859375
38958924.0	 292.9814453125	 288.5955505371094	 37639.90625
38959016.0	 291.0006103515625	 295.443603515625	 38678.296875
38959116.0	 290.1532287597656	 299.40411376953125	 39108.1171875
