START:	 56.20000000000053
END:	 56.30000000000053

r [km]	 vr [km/s]	 np [cm-3]	 T [K]
39098420.0	 283.72369384765625	 544.5570678710938	 95929.953125
39098512.0	 283.7960205078125	 529.798583984375	 95587.5078125
39098600.0	 282.9096374511719	 531.9896240234375	 95908.9375
39098692.0	 282.1754455566406	 533.5631713867188	 90904.4375
39098776.0	 280.6073913574219	 538.2562866210938	 95155.6171875
39098872.0	 279.9145202636719	 539.137451171875	 93438.6171875
39099052.0	 276.296875	 548.7872314453125	 95842.4609375
39099140.0	 276.1333312988281	 534.1599731445312	 97346.6015625
39099228.0	 275.81219482421875	 548.4389038085938	 99802.03125
39099320.0	 274.9075927734375	 545.775634765625	 97152.421875
39099408.0	 274.72625732421875	 535.7774047851562	 95853.7734375
39099500.0	 275.3137512207031	 537.9913940429688	 93640.296875
39099588.0	 275.3338317871094	 563.8243408203125	 105314.640625
39099680.0	 275.7222595214844	 538.9615478515625	 97842.671875
39099768.0	 275.880859375	 536.445068359375	 98825.2109375
39099860.0	 274.8334655761719	 550.5965576171875	 98564.890625
39099948.0	 277.71954345703125	 545.9523315429688	 95211.265625
39100036.0	 276.32208251953125	 553.4151000976562	 103343.0546875
39100124.0	 278.5433044433594	 534.8035278320312	 96727.7734375
39100216.0	 277.08697509765625	 540.1726684570312	 93386.5234375
39100304.0	 277.0673828125	 551.3402709960938	 101316.8515625
39100396.0	 277.4306945800781	 547.4237060546875	 100837.5546875
39100488.0	 277.3084411621094	 545.8883666992188	 101811.1171875
39100576.0	 276.6300048828125	 518.5068969726562	 86864.4453125
39100668.0	 277.0230407714844	 531.8292236328125	 92525.2734375
39100756.0	 279.0985412597656	 549.36279296875	 100165.4765625
39100844.0	 278.89068603515625	 561.6375122070312	 102083.7734375
39100936.0	 277.71051025390625	 562.3544921875	 104860.7265625
39101028.0	 278.7779846191406	 531.4061279296875	 94597.984375
39101112.0	 279.2511291503906	 556.0540161132812	 99551.6953125
39101204.0	 278.6300354003906	 546.1512451171875	 102003.1484375
39101292.0	 278.27471923828125	 547.8923950195312	 101363.9453125
39101384.0	 278.9840393066406	 564.6676025390625	 98918.3984375
39101472.0	 278.3799743652344	 562.2207641601562	 99392.1796875
39101564.0	 278.5882568359375	 546.4813842773438	 99137.0078125
39101656.0	 279.18792724609375	 536.5431518554688	 95124.578125
39101740.0	 277.77020263671875	 564.8467407226562	 104810.9296875
39101836.0	 279.43853759765625	 556.6618041992188	 100754.3515625
39102012.0	 279.48614501953125	 543.4664916992188	 92997.0234375
39102100.0	 279.1953430175781	 551.47705078125	 95771.3671875
39102192.0	 278.6064758300781	 561.694580078125	 102829.4609375
39102284.0	 278.7123718261719	 558.41162109375	 101921.2734375
39102372.0	 278.7203063964844	 557.2891235351562	 99185.4296875
39102460.0	 279.0147705078125	 558.1996459960938	 98766.5546875
39102552.0	 278.8826904296875	 548.8945922851562	 99822.8046875
39102640.0	 278.8392639160156	 554.8345947265625	 97245.078125
39102732.0	 277.66131591796875	 527.627685546875	 90520.6875
39102820.0	 276.4549865722656	 537.7886352539062	 95063.234375
39102912.0	 277.3403625488281	 527.144775390625	 91363.6796875
39103000.0	 278.02105712890625	 551.31005859375	 97853.8125
39103088.0	 279.2489929199219	 538.3967895507812	 94057.1171875
39103180.0	 278.30157470703125	 548.3688354492188	 98460.1328125
39103268.0	 277.922607421875	 548.4985961914062	 98571.453125
39103360.0	 277.3056335449219	 526.98681640625	 93192.6796875
39103448.0	 277.7138366699219	 544.7640380859375	 98225.75
39103540.0	 277.44622802734375	 550.3971557617188	 97137.921875
39103628.0	 277.6832580566406	 549.6035766601562	 98956.875
39103720.0	 277.7308044433594	 541.879638671875	 99841.84375
39103808.0	 278.361572265625	 543.27783203125	 96653.4453125
39103896.0	 279.0910339355469	 548.91064453125	 96657.1171875
39103984.0	 278.093017578125	 544.7477416992188	 100360.453125
39104076.0	 279.14892578125	 551.352783203125	 94811.203125
39104168.0	 279.7462158203125	 538.8148193359375	 93026.4921875
39104256.0	 279.7576904296875	 551.2362060546875	 96797.1328125
39104348.0	 280.06195068359375	 536.5958251953125	 93645.1171875
39104436.0	 279.5918273925781	 543.2688598632812	 94461.109375
39104524.0	 279.6065979003906	 539.1727905273438	 99198.0078125
39104612.0	 279.630859375	 544.0448608398438	 94077.7578125
39104708.0	 280.9208984375	 539.7595825195312	 97831.7265625
39104796.0	 280.1353759765625	 545.0538940429688	 95648.6484375
39104976.0	 280.4690856933594	 538.7013549804688	 95595.1484375
39105068.0	 280.456787109375	 544.9674682617188	 98180.765625
39105152.0	 281.7621765136719	 544.5800170898438	 92964.421875
39105244.0	 281.818603515625	 544.0322875976562	 97043.53125
39105332.0	 282.0625305175781	 538.6372680664062	 96347.4140625
39105424.0	 283.93109130859375	 536.8862915039062	 93105.03125
39105516.0	 283.30169677734375	 523.601806640625	 88096.8515625
39105604.0	 282.27496337890625	 530.222412109375	 89755.4140625
39105696.0	 282.3868408203125	 531.6741333007812	 90839.8671875
39105780.0	 281.2483215332031	 542.501220703125	 96497.078125
39105872.0	 280.7208557128906	 537.5247192382812	 93692.75
39105960.0	 281.0522766113281	 534.68896484375	 93652.7578125
39106052.0	 281.9856872558594	 536.375	 94749.3046875
39106140.0	 281.9419860839844	 528.9127807617188	 89326.09375
39106232.0	 281.3144226074219	 540.9632568359375	 94439.203125
39106320.0	 280.8638000488281	 534.89208984375	 91773.375
39106412.0	 280.4284973144531	 550.0808715820312	 100779.390625
39106500.0	 280.2494201660156	 542.3540649414062	 98208.6640625
39106588.0	 280.544189453125	 546.9423217773438	 94035.4296875
39106676.0	 280.9380187988281	 537.063720703125	 94392.6640625
39106772.0	 280.5621032714844	 535.4735107421875	 90823.8671875
39106860.0	 280.5006103515625	 544.1691284179688	 93485.5703125
39106948.0	 280.6623840332031	 544.3630981445312	 95672.7734375
39107040.0	 280.5065002441406	 550.0948486328125	 97674.0546875
39107128.0	 280.48095703125	 543.5233764648438	 97009.0234375
39107220.0	 281.03631591796875	 538.8902587890625	 92802.4453125
39107308.0	 280.56036376953125	 543.2509155273438	 95181.953125
39107400.0	 280.80224609375	 540.7313842773438	 93324.265625
39107488.0	 281.20465087890625	 531.4256591796875	 89950.4609375
39107580.0	 280.2510070800781	 543.12744140625	 93783.25
39107664.0	 280.7113952636719	 535.568603515625	 90684.8359375
39107760.0	 281.160888671875	 544.097900390625	 93280.34375
39107936.0	 281.0294494628906	 534.5458374023438	 95686.90625
39108028.0	 280.0379333496094	 552.7703247070312	 98904.09375
39108116.0	 280.1839599609375	 551.9220581054688	 98511.1796875
39108208.0	 280.2763366699219	 539.9852294921875	 94054.140625
39108296.0	 281.6227111816406	 533.9022216796875	 93734.5390625
39108388.0	 283.05462646484375	 524.2282104492188	 84164.5078125
39108476.0	 282.8363342285156	 524.9746704101562	 86399.5859375
39108564.0	 283.2875671386719	 511.97265625	 81191.4140625
39108656.0	 282.84149169921875	 525.4493408203125	 86614.34375
39108744.0	 282.4402770996094	 526.53515625	 84899.3515625
39108832.0	 283.0255126953125	 526.1856079101562	 82780.265625
39108924.0	 282.8826599121094	 518.2702026367188	 84410.5703125
39109012.0	 282.30706787109375	 525.6502075195312	 85213.1953125
39109104.0	 282.9743347167969	 525.085205078125	 84309.7265625
39109192.0	 283.7996520996094	 501.2511901855469	 78575.2890625
39109284.0	 281.3589782714844	 532.3866577148438	 88897.1640625
39109372.0	 281.6709289550781	 530.160888671875	 88728.4765625
39109464.0	 283.41473388671875	 520.9223022460938	 84733.453125
39109552.0	 282.4435119628906	 530.9776000976562	 89004.1640625
39109640.0	 281.9010925292969	 527.7927856445312	 84862.859375
39109732.0	 281.96484375	 526.5202026367188	 89420.140625
39109824.0	 283.7824401855469	 521.4268188476562	 84627.7890625
39109912.0	 282.7267761230469	 527.0972900390625	 86228.640625
39110000.0	 281.6934509277344	 536.7835693359375	 93843.9765625
39110092.0	 281.6638488769531	 533.25439453125	 90203.5078125
39110180.0	 280.98614501953125	 535.9349365234375	 92599.265625
39110272.0	 281.197021484375	 538.0853881835938	 90909.6484375
39110360.0	 280.4327697753906	 545.4063720703125	 93103.015625
39110452.0	 282.28839111328125	 526.514892578125	 89173.8515625
39110540.0	 280.45159912109375	 540.9401245117188	 94279.3984375
39110632.0	 280.65032958984375	 546.2817993164062	 91808.3671875
39110720.0	 281.48675537109375	 539.7728271484375	 91162.75
39110896.0	 280.12420654296875	 544.4677734375	 99576.390625
39110988.0	 280.9205017089844	 541.050048828125	 94202.65625
39111080.0	 282.9745178222656	 553.0594482421875	 98139.5625
39111168.0	 282.79876708984375	 533.746337890625	 94524.6328125
39111260.0	 283.4305725097656	 535.9202270507812	 89902.84375
39111348.0	 283.2701416015625	 530.1940307617188	 88708.2890625
39111440.0	 283.3995361328125	 527.9306030273438	 85689.4296875
39111524.0	 283.5750732421875	 528.1268310546875	 88478.90625
39111620.0	 285.1134033203125	 521.0830688476562	 83081.71875
39111708.0	 284.82666015625	 522.8883666992188	 83127.4453125
39111796.0	 283.2860412597656	 522.3049926757812	 85288.9453125
39111884.0	 283.524658203125	 523.43896484375	 87179.2421875
39111976.0	 283.3088684082031	 524.2569580078125	 85009.453125
39112064.0	 282.7269287109375	 529.3241577148438	 87687.8203125
39112156.0	 283.0970153808594	 533.9610595703125	 84271.3203125
39112244.0	 282.8554382324219	 526.4835815429688	 86206.078125
39112336.0	 283.9763488769531	 530.4200439453125	 83149.3828125
39112424.0	 284.9523620605469	 536.4259643554688	 83227.890625
39112516.0	 284.1638488769531	 535.1080322265625	 88069.046875
39112604.0	 285.1277770996094	 541.6897583007812	 88931.015625
39112692.0	 285.53240966796875	 551.1705932617188	 90133.875
39112788.0	 285.9722595214844	 551.7440185546875	 88488.015625
39112872.0	 289.4276123046875	 525.8851318359375	 79018.28125
39112968.0	 289.4357604980469	 535.8370361328125	 82901.2578125
39113052.0	 290.7601013183594	 521.3111572265625	 77842.4609375
39113144.0	 291.73553466796875	 522.4596557617188	 77773.3125
39113232.0	 291.4580383300781	 522.418212890625	 78973.03125
39113324.0	 291.153564453125	 518.069091796875	 80822.8515625
39113412.0	 291.9794921875	 520.3795166015625	 76531.3125
39113504.0	 291.8721008300781	 517.9650268554688	 78788.625
39113592.0	 292.40936279296875	 511.99652099609375	 75231.46875
39113680.0	 291.9339599609375	 518.64111328125	 78619.59375
39113860.0	 292.478759765625	 513.0377197265625	 76271.125
39113948.0	 292.5538635253906	 521.177001953125	 77151.4453125
39114040.0	 292.18988037109375	 513.8643798828125	 77678.96875
39114128.0	 292.7297058105469	 520.98828125	 76998.5859375
39114220.0	 292.2584533691406	 523.1077270507812	 80568.3515625
39114312.0	 292.32391357421875	 519.8765258789062	 81840.6484375
39114400.0	 293.3254089355469	 510.2195129394531	 75672.1171875
39114488.0	 293.72589111328125	 518.240234375	 77482.4140625
39114580.0	 293.99627685546875	 514.7875366210938	 77499.8359375
39114672.0	 294.6917419433594	 522.9032592773438	 77862.609375
39114756.0	 296.2611389160156	 514.1671752929688	 74288.1171875
39114848.0	 295.5761413574219	 523.6414184570312	 77128.375
39114936.0	 295.74420166015625	 515.3497314453125	 72193.9375
39115028.0	 295.3152160644531	 516.3121948242188	 73672.6328125
39115116.0	 295.0555114746094	 519.3524780273438	 73757.546875
39115208.0	 294.69903564453125	 514.6891479492188	 74889.46875
39115296.0	 294.8291320800781	 518.8300170898438	 77847.1640625
39115388.0	 295.8535461425781	 510.5108337402344	 74974.0078125
39115476.0	 294.9634704589844	 517.4921264648438	 77684.5
39115568.0	 294.6063537597656	 512.1846923828125	 72096.7734375
39115656.0	 294.6145935058594	 524.9586181640625	 73017.3671875
39115748.0	 294.80511474609375	 534.1576538085938	 78052.7421875
39115836.0	 296.06427001953125	 523.3217163085938	 72560.0625
39115924.0	 297.7409973144531	 515.2001953125	 71030.2890625
39116016.0	 297.5546875	 515.372314453125	 69933.015625
39116104.0	 297.6731262207031	 514.312744140625	 67575.4921875
39116196.0	 296.7638244628906	 523.1244506835938	 69962.40625
39116284.0	 296.1889343261719	 521.7107543945312	 67876.0
39116376.0	 297.0585632324219	 516.83984375	 65929.671875
39116464.0	 296.6377868652344	 526.9923706054688	 68248.03125
39116552.0	 296.53509521484375	 522.1100463867188	 70662.9140625
39116640.0	 296.6272888183594	 522.8817138671875	 69320.171875
39116820.0	 297.6051940917969	 517.3900146484375	 66288.8046875
39116916.0	 297.0889892578125	 521.6717529296875	 69222.921875
39117000.0	 297.4825744628906	 522.122802734375	 68741.7265625
39117092.0	 297.8040466308594	 516.7289428710938	 67702.59375
39117180.0	 297.4562683105469	 517.5874633789062	 68264.2265625
39117272.0	 297.9111633300781	 514.9111328125	 67566.953125
39117360.0	 298.0322265625	 518.320068359375	 67322.7421875
39117452.0	 298.43951416015625	 523.156982421875	 69402.9140625
39117540.0	 297.9597473144531	 520.47314453125	 69266.609375
39117632.0	 298.1977233886719	 519.8734741210938	 70028.28125
39117724.0	 298.1603088378906	 519.5045776367188	 67901.2421875
39117808.0	 298.31591796875	 518.4668579101562	 68083.15625
39117904.0	 297.8601989746094	 519.8203125	 69009.953125
39117992.0	 297.97503662109375	 518.6014404296875	 69099.6640625
39118084.0	 298.3069763183594	 513.526123046875	 65852.1796875
39118168.0	 297.8351135253906	 517.0736694335938	 69144.875
39118260.0	 297.8408203125	 518.5867919921875	 68872.0859375
39118348.0	 298.154541015625	 516.3246459960938	 68596.3203125
39118440.0	 297.9635009765625	 516.406494140625	 70754.765625
39118528.0	 297.9494934082031	 520.9598388671875	 69359.640625
39118620.0	 298.5570373535156	 512.2074584960938	 65837.5625
39118708.0	 298.2921142578125	 514.4429931640625	 67469.3203125
39118796.0	 298.2477111816406	 513.3536376953125	 67874.1328125
39118884.0	 298.2445373535156	 511.494140625	 68961.0078125
39118976.0	 298.486572265625	 513.289306640625	 68350.296875
39119064.0	 298.3534240722656	 514.0958251953125	 68694.1640625
39119160.0	 298.65478515625	 514.026123046875	 67863.5703125
39119244.0	 298.5880432128906	 506.6533508300781	 70014.671875
39119336.0	 299.0880126953125	 504.580322265625	 68912.578125
39119424.0	 298.65948486328125	 510.148193359375	 70565.640625
39119516.0	 298.856201171875	 511.9335632324219	 73843.5859375
39119604.0	 299.7921447753906	 505.886962890625	 64702.1171875
39119784.0	 298.62713623046875	 511.3760986328125	 68572.609375
39119872.0	 299.2297058105469	 511.5485534667969	 67827.484375
39119964.0	 298.61322021484375	 515.540771484375	 68678.5625
39120052.0	 299.11004638671875	 515.982177734375	 66834.796875
39120144.0	 298.7922058105469	 515.5283203125	 69104.5703125
39120232.0	 298.9715881347656	 514.6668701171875	 65876.2890625
39120328.0	 298.66558837890625	 516.9946899414062	 69440.6484375
39120412.0	 299.19781494140625	 513.31103515625	 67564.5078125
39120504.0	 299.0973815917969	 514.9855346679688	 67212.515625
39120592.0	 298.5697937011719	 514.4151000976562	 68175.765625
39120684.0	 298.9206237792969	 513.4222412109375	 67397.8671875
39120772.0	 298.8329772949219	 515.9876708984375	 67820.7890625
39120864.0	 299.3526306152344	 510.97259521484375	 66241.890625
39120952.0	 298.7480773925781	 516.8903198242188	 68420.53125
39121040.0	 298.9579162597656	 519.6864013671875	 68352.4375
39121128.0	 298.7284851074219	 516.5258178710938	 69906.0625
39121220.0	 298.49224853515625	 518.9869384765625	 69627.2421875
39121308.0	 298.5843200683594	 520.3396606445312	 67429.4140625
39121400.0	 298.8267822265625	 513.6001586914062	 67299.65625
39121488.0	 298.9460754394531	 514.8778076171875	 68256.0625
39121580.0	 298.9942932128906	 511.68206787109375	 66545.703125
39121672.0	 299.210693359375	 515.9893188476562	 67898.6953125
39121760.0	 298.91119384765625	 513.0823364257812	 69618.4921875
39121848.0	 298.7808532714844	 513.0224609375	 68185.7890625
39121940.0	 298.9172668457031	 512.5154418945312	 67965.7578125
39122028.0	 298.96221923828125	 512.81640625	 67937.3203125
39122116.0	 298.5565185546875	 514.8488159179688	 70283.984375
39122208.0	 299.4111022949219	 511.0074462890625	 67640.21875
39122296.0	 299.7137145996094	 507.7154541015625	 67480.1328125
39122388.0	 299.9201965332031	 507.2965087890625	 65511.71875
39122476.0	 299.89801025390625	 507.3951110839844	 66690.984375
39122568.0	 298.6625671386719	 514.8187255859375	 71144.96875
39122748.0	 300.17901611328125	 505.31787109375	 67430.0625
39122836.0	 300.2933654785156	 505.8605651855469	 66068.4921875
39122928.0	 299.6295166015625	 504.41815185546875	 66457.0078125
39123016.0	 299.43487548828125	 511.16168212890625	 67396.8125
39123108.0	 300.0391845703125	 508.3672790527344	 66609.734375
39123196.0	 299.989990234375	 509.2087097167969	 67678.2265625
39123284.0	 300.4486083984375	 508.21673583984375	 67462.6953125
39123372.0	 300.2942199707031	 512.580078125	 67358.1953125
39123464.0	 300.0018310546875	 503.3851013183594	 66731.3125
39123552.0	 299.8740539550781	 511.7784729003906	 68182.4140625
39123644.0	 300.3074951171875	 508.70318603515625	 68487.0390625
39123736.0	 300.397705078125	 507.60089111328125	 70263.0
39123824.0	 300.2014465332031	 505.64044189453125	 69403.5234375
39123916.0	 300.94976806640625	 506.6837158203125	 66815.9921875
39124004.0	 301.0737609863281	 512.7101440429688	 67801.6484375
39124096.0	 301.1836242675781	 506.19879150390625	 67550.7265625
39124184.0	 300.85540771484375	 510.94317626953125	 67209.1875
39124272.0	 300.8352966308594	 511.93701171875	 68487.2578125
39124360.0	 301.2303771972656	 506.525390625	 68294.6796875
39124452.0	 300.42803955078125	 511.20556640625	 68847.7421875
39124540.0	 300.4767761230469	 507.0657043457031	 68387.0
39124632.0	 300.4839782714844	 512.0469970703125	 68335.3359375
39124720.0	 300.7412414550781	 508.3340759277344	 67650.2578125
39124812.0	 300.8106994628906	 507.4178466796875	 67431.2265625
39124896.0	 300.79949951171875	 506.33062744140625	 66634.0625
39124992.0	 300.6607971191406	 514.859375	 69810.21875
39125076.0	 300.92840576171875	 510.08917236328125	 66914.484375
39125172.0	 300.5294494628906	 509.7022399902344	 68318.40625
39125260.0	 299.8082580566406	 515.018798828125	 70279.2421875
39125352.0	 300.5562438964844	 509.58245849609375	 66062.125
39125436.0	 300.2915344238281	 509.0256652832031	 66314.671875
39125528.0	 300.3167419433594	 510.28057861328125	 67416.1328125
39125708.0	 300.0094299316406	 505.0611877441406	 68295.9375
39125796.0	 300.4397888183594	 508.26116943359375	 67733.8359375
39125888.0	 300.7722473144531	 508.92755126953125	 66381.59375
39125980.0	 300.7519836425781	 504.9170837402344	 65369.16015625
39126064.0	 300.33099365234375	 507.7033996582031	 68694.5625
39126160.0	 300.4725646972656	 503.18408203125	 66937.9296875
39126248.0	 300.17279052734375	 507.8167419433594	 69214.15625
39126340.0	 300.8150939941406	 504.843994140625	 67589.34375
39126424.0	 300.85455322265625	 509.82403564453125	 67307.1328125
39126516.0	 300.9744567871094	 511.16497802734375	 66152.5859375
39126604.0	 299.9525451660156	 512.2880859375	 66936.75
39126696.0	 299.5279541015625	 514.2697143554688	 68508.6953125
39126784.0	 299.7142639160156	 507.3428039550781	 66813.046875
39126876.0	 299.277099609375	 515.2122802734375	 68032.125
39126964.0	 299.3604736328125	 513.2653198242188	 67084.296875
39127052.0	 299.902587890625	 510.1107482910156	 65352.421875
39127140.0	 299.07537841796875	 510.7947692871094	 68824.9609375
39127236.0	 299.1445007324219	 510.1888427734375	 67576.1484375
39127320.0	 299.7000732421875	 512.7408447265625	 71082.21875
39127412.0	 299.6136474609375	 505.1396179199219	 67971.3671875
39127500.0	 299.74853515625	 509.7626647949219	 68935.9140625
39127592.0	 300.095703125	 510.1401062011719	 69421.0
39127680.0	 299.8338623046875	 513.6564331054688	 70410.515625
39127776.0	 300.2185363769531	 506.496826171875	 67109.65625
39127860.0	 300.24969482421875	 506.8492431640625	 67808.4296875
39127952.0	 299.7989807128906	 508.1931457519531	 67142.859375
39128040.0	 300.0554504394531	 506.3631286621094	 66028.0390625
39128132.0	 299.3392028808594	 511.692138671875	 68628.2890625
39128220.0	 299.9256896972656	 513.7605590820312	 67519.25
39128312.0	 300.1921081542969	 510.1842956542969	 67672.375
39128400.0	 300.7332763671875	 509.0835876464844	 66439.0234375
39128492.0	 300.609619140625	 511.4662780761719	 66660.28125
39128668.0	 300.8608703613281	 508.7645263671875	 66843.5625
39128760.0	 300.7220764160156	 509.240966796875	 66884.21875
39128848.0	 300.6614685058594	 512.7732543945312	 67037.453125
39128940.0	 301.0658874511719	 504.34283447265625	 66197.8203125
39129028.0	 301.2528991699219	 511.7491149902344	 65990.21875
39129120.0	 300.9530334472656	 513.4395751953125	 67351.0234375
39129208.0	 301.07989501953125	 511.3581237792969	 65626.734375
39129300.0	 300.4474792480469	 512.6885986328125	 67036.71875
39129388.0	 300.0953369140625	 515.9276733398438	 66707.9296875
39129480.0	 299.5948791503906	 520.9892578125	 68877.4296875
39129568.0	 299.623779296875	 522.2215576171875	 69439.21875
39129656.0	 299.6441955566406	 517.5653686523438	 68313.3046875
39129744.0	 299.7508850097656	 513.6507568359375	 65910.5625
39129836.0	 298.6513977050781	 521.522705078125	 71518.828125
39129924.0	 299.8716735839844	 517.1085205078125	 66239.90625
39130016.0	 299.9211120605469	 515.47509765625	 67778.9609375
39130104.0	 300.1714172363281	 514.7005004882812	 67083.0703125
39130196.0	 300.1827392578125	 514.1581420898438	 67407.0703125
39130284.0	 299.7544860839844	 516.7132568359375	 68884.5
39130376.0	 299.7316589355469	 515.10595703125	 67489.6640625
39130464.0	 300.1530456542969	 519.3765258789062	 68400.8984375
39130556.0	 300.938720703125	 505.46728515625	 67095.8125
39130640.0	 300.94146728515625	 506.7442932128906	 65712.09375
39130736.0	 301.1181640625	 510.1553039550781	 67464.296875
39130824.0	 301.4207458496094	 510.4993591308594	 66950.3046875
39130916.0	 300.5679626464844	 507.55804443359375	 67036.765625
39131000.0	 300.3065185546875	 511.5269775390625	 67743.1953125
39131092.0	 300.61663818359375	 510.72918701171875	 68417.8203125
39131180.0	 300.30133056640625	 515.923583984375	 69521.484375
39131272.0	 299.46905517578125	 517.3889770507812	 68220.3046875
39131364.0	 298.94036865234375	 517.7293701171875	 67921.984375
39131452.0	 298.70489501953125	 520.4151000976562	 71242.1328125
39131632.0	 298.4176330566406	 524.4337768554688	 71891.4453125
39131724.0	 298.37261962890625	 526.8201904296875	 70200.34375
39131808.0	 299.02471923828125	 522.050537109375	 69691.4765625
39131904.0	 299.31561279296875	 520.4678344726562	 69099.0390625
39131988.0	 299.8384704589844	 517.94677734375	 66779.484375
39132080.0	 299.5910949707031	 519.274658203125	 67881.390625
39132168.0	 299.1889953613281	 518.468017578125	 67690.265625
39132260.0	 299.4138488769531	 520.5889892578125	 69474.2265625
39132348.0	 299.4766540527344	 519.4803466796875	 68160.015625
39132440.0	 298.7862854003906	 520.6607055664062	 68236.6015625
39132528.0	 298.4354248046875	 521.7496948242188	 68886.9375
39132620.0	 298.39007568359375	 524.043701171875	 68421.4375
39132708.0	 298.7653503417969	 521.3569946289062	 68049.203125
39132800.0	 298.52398681640625	 519.2118530273438	 69873.1328125
39132888.0	 298.79632568359375	 523.3833618164062	 69165.609375
39132980.0	 298.3349304199219	 519.1964721679688	 69005.1328125
39133068.0	 298.39373779296875	 523.0667114257812	 70251.6875
39133156.0	 298.8237609863281	 518.4981079101562	 68533.859375
39133244.0	 298.8865051269531	 522.7083740234375	 67956.484375
39133336.0	 298.7956848144531	 513.7607421875	 67586.953125
39133424.0	 298.5224304199219	 519.7269287109375	 67774.515625
39133516.0	 298.8031311035156	 507.7972717285156	 66184.7890625
39133604.0	 297.77655029296875	 519.1071166992188	 67929.953125
39133696.0	 297.5212707519531	 524.921875	 71923.328125
39133780.0	 297.55621337890625	 523.2180786132812	 70750.7890625
39133876.0	 297.8218994140625	 521.863037109375	 68934.859375
39133964.0	 297.1953430175781	 524.4368286132812	 70598.28125
39134056.0	 297.02496337890625	 527.2891235351562	 71002.046875
39134140.0	 297.1077575683594	 520.01416015625	 67594.2265625
39134232.0	 296.6236267089844	 524.9744262695312	 70264.0
39134320.0	 296.4590148925781	 525.8316040039062	 68727.53125
39134412.0	 296.4482116699219	 523.6641235351562	 68902.109375
39134592.0	 295.5619812011719	 529.8209838867188	 71224.5859375
39134684.0	 295.944580078125	 531.4526977539062	 73413.0234375
39134768.0	 296.4765319824219	 528.2337036132812	 71230.109375
39134864.0	 296.5020751953125	 528.02685546875	 70544.4296875
39134952.0	 296.9344177246094	 524.6256713867188	 68497.84375
39135044.0	 297.10565185546875	 524.688720703125	 69250.328125
39135128.0	 297.3595275878906	 522.7418212890625	 68594.171875
39135220.0	 296.61419677734375	 523.015625	 69870.0234375
39135308.0	 297.02374267578125	 524.4214477539062	 69143.265625
39135404.0	 296.5957946777344	 524.9517822265625	 69219.78125
39135488.0	 296.925048828125	 528.2529296875	 70308.5390625
39135580.0	 297.4517517089844	 524.8082275390625	 69162.75
39135668.0	 297.8968505859375	 526.1888427734375	 70858.484375
39135760.0	 296.8932189941406	 528.9981079101562	 69363.1796875
39135848.0	 297.97235107421875	 528.4157104492188	 70015.3203125
39135940.0	 297.6854553222656	 525.2052612304688	 69039.8125
39136028.0	 296.8298645019531	 530.3626098632812	 70610.03125
39136120.0	 296.3392333984375	 529.632568359375	 70286.65625
39136208.0	 297.1918029785156	 523.9977416992188	 68659.9765625
39136300.0	 297.243896484375	 524.00244140625	 69008.34375
39136388.0	 297.4156799316406	 525.12548828125	 68149.609375
39136476.0	 297.2460632324219	 531.2802124023438	 70209.109375
39136564.0	 297.4387512207031	 517.934326171875	 68981.3671875
39136656.0	 299.1880798339844	 522.5413818359375	 69075.9609375
39136744.0	 299.55078125	 519.8626098632812	 66214.140625
39136836.0	 298.7421569824219	 525.2959594726562	 70336.125
39136924.0	 299.4546813964844	 527.0028076171875	 71921.1484375
39137016.0	 299.767333984375	 518.8810424804688	 70892.7734375
39137104.0	 300.14697265625	 520.8818359375	 69298.0625
39137196.0	 300.7032165527344	 521.3279418945312	 71790.2578125
39137284.0	 300.5155029296875	 519.608154296875	 69330.84375
39137376.0	 300.2392272949219	 519.7391967773438	 70844.7109375
39137552.0	 301.19146728515625	 515.3904418945312	 70329.34375
39137640.0	 300.2877502441406	 520.8646240234375	 71301.8515625
39137732.0	 300.2221984863281	 522.636474609375	 70790.609375
39137820.0	 300.3565673828125	 524.4869384765625	 70975.34375
39137916.0	 300.56939697265625	 521.1197509765625	 71354.2734375
39138000.0	 301.0262451171875	 519.4228515625	 69814.9921875
39138092.0	 301.10784912109375	 520.123291015625	 70944.0390625
39138180.0	 300.30841064453125	 519.2036743164062	 70479.8203125
39138272.0	 300.6400146484375	 524.4640502929688	 71132.9375
39138360.0	 299.9899597167969	 526.1180419921875	 71506.984375
39138452.0	 299.85650634765625	 522.2459106445312	 69714.2421875
39138540.0	 300.135986328125	 519.8757934570312	 68501.53125
39138628.0	 299.7788391113281	 525.4817504882812	 72529.4765625
39138720.0	 299.5151062011719	 517.8052368164062	 67504.3671875
39138808.0	 299.9793701171875	 522.294189453125	 73388.125
39138900.0	 298.6695861816406	 524.2054443359375	 72092.4296875
39138988.0	 300.2312316894531	 516.424560546875	 68620.71875
39139080.0	 299.3046569824219	 525.3682861328125	 73321.9609375
39139168.0	 299.8055419921875	 524.443115234375	 70499.65625
39139260.0	 299.801513671875	 522.9341430664062	 70957.484375
39139348.0	 299.8749694824219	 517.9951782226562	 68964.3828125
39139440.0	 299.44970703125	 521.4121704101562	 70328.6796875
39139524.0	 299.8657531738281	 522.3389892578125	 70260.3046875
39139616.0	 299.8983154296875	 519.4830932617188	 68657.8515625
39139708.0	 299.4002380371094	 525.0214233398438	 68371.2890625
39139800.0	 299.6134338378906	 521.9386596679688	 70196.2265625
39139888.0	 299.0318603515625	 520.0122680664062	 68836.5703125
39139976.0	 298.3589172363281	 528.0704345703125	 71575.59375
39140064.0	 298.6180114746094	 526.1967163085938	 68393.4453125
39140156.0	 298.0978698730469	 526.1360473632812	 69896.96875
39140244.0	 299.3304748535156	 522.8974609375	 69613.71875
39140336.0	 300.28228759765625	 518.5984497070312	 69767.40625
39140516.0	 299.9012451171875	 521.5928955078125	 69930.7265625
39140604.0	 300.1421203613281	 517.4754638671875	 67535.125
39140696.0	 300.11431884765625	 525.0708618164062	 72768.4921875
39140784.0	 300.21331787109375	 522.4862670898438	 69986.7578125
39140876.0	 299.9668884277344	 526.5841674804688	 72694.703125
39140964.0	 300.5542297363281	 521.2228393554688	 71471.7890625
39141056.0	 299.941650390625	 523.116455078125	 70921.2109375
39141144.0	 299.7592468261719	 518.60888671875	 70052.2890625
39141232.0	 300.0859680175781	 522.3784790039062	 69198.203125
39141320.0	 299.9552917480469	 520.8628540039062	 71065.8984375
39141412.0	 299.7234802246094	 523.764892578125	 72049.875
39141500.0	 300.12945556640625	 518.332763671875	 68336.65625
39141592.0	 300.3748474121094	 517.885498046875	 69305.109375
39141680.0	 300.927490234375	 517.2494506835938	 68638.8125
39141772.0	 300.1998291015625	 524.4224853515625	 73780.2890625
39141856.0	 300.4713439941406	 522.6679077148438	 71142.484375
39141952.0	 301.1199951171875	 517.4437255859375	 69901.5390625
39142040.0	 300.9667053222656	 518.4617919921875	 70564.5234375
39142132.0	 301.00146484375	 518.8110961914062	 68620.3515625
39142216.0	 301.0372619628906	 517.8688354492188	 69931.7890625
39142308.0	 300.19781494140625	 524.7255249023438	 71562.5546875
39142396.0	 300.31396484375	 526.4276733398438	 70547.2734375
39142488.0	 300.4334716796875	 515.6351318359375	 69794.0390625
39142576.0	 300.5277404785156	 518.6245727539062	 71373.75
39142668.0	 300.97406005859375	 517.0595703125	 68261.3046875
39142756.0	 299.83819580078125	 523.9151000976562	 73605.71875
39142848.0	 300.2596740722656	 518.0108032226562	 70359.4140625
39142936.0	 299.97174072265625	 520.8729858398438	 70916.6875
39143028.0	 299.2408752441406	 521.9995727539062	 72213.28125
39143116.0	 299.6994323730469	 523.48291015625	 72377.125
39143208.0	 299.8825988769531	 521.0151977539062	 73121.359375
39143296.0	 299.8593444824219	 523.2865600585938	 71880.640625
39143476.0	 300.3567810058594	 515.38232421875	 68878.234375
39143564.0	 299.59454345703125	 520.144775390625	 70206.4375
39143652.0	 300.0732421875	 516.8135375976562	 69751.2578125
39143744.0	 300.068603515625	 519.5227661132812	 70367.9453125
39143832.0	 299.4693298339844	 528.30810546875	 72583.8359375
39143924.0	 299.928466796875	 522.1333618164062	 71549.8984375
39144012.0	 299.4176025390625	 521.234130859375	 71017.9609375
39144104.0	 298.44390869140625	 523.5042724609375	 73586.84375
39144192.0	 298.912109375	 526.8179931640625	 70427.9765625
39144284.0	 299.02642822265625	 527.3427734375	 70843.8046875
39144372.0	 298.528076171875	 525.9139404296875	 72176.2109375
39144464.0	 298.3643493652344	 530.7894287109375	 75455.40625
39144548.0	 298.7630920410156	 525.5638427734375	 72480.84375
39144640.0	 299.0141906738281	 520.6209716796875	 71122.5703125
39144728.0	 298.50958251953125	 522.1917724609375	 70131.65625
39144824.0	 298.598388671875	 524.7800903320312	 71727.453125
39144908.0	 298.465087890625	 526.7039184570312	 69753.4140625
39145000.0	 298.0079650878906	 527.7106323242188	 71889.03125
39145088.0	 298.1339416503906	 520.4293823242188	 69387.2734375
39145180.0	 297.7382507324219	 525.6041870117188	 71855.0859375
39145272.0	 297.84912109375	 530.6327514648438	 70744.75
39145360.0	 297.875	 530.5794067382812	 72723.375
39145452.0	 298.20355224609375	 524.5936279296875	 70884.6328125
39145540.0	 298.460205078125	 529.5530395507812	 73137.2734375
39145632.0	 298.9252014160156	 525.831298828125	 71564.0546875
39145720.0	 298.55267333984375	 524.6808471679688	 70051.6953125
39145812.0	 298.50921630859375	 521.6866455078125	 69545.328125
39145900.0	 298.0838317871094	 524.6431274414062	 70659.40625
39145988.0	 297.58416748046875	 533.24853515625	 73367.5546875
39146076.0	 297.96441650390625	 527.8092651367188	 70885.359375
39146168.0	 297.9811096191406	 531.3492431640625	 72564.3984375
39146256.0	 298.7437744140625	 525.5665283203125	 69898.453125
39146436.0	 298.2194519042969	 527.5753784179688	 72770.4765625
39146528.0	 299.668212890625	 522.5177001953125	 69302.046875
39146616.0	 299.3011169433594	 525.0617065429688	 72293.8046875
39146708.0	 299.15704345703125	 524.942626953125	 72867.125
39146796.0	 299.4757385253906	 528.0294189453125	 72803.015625
39146888.0	 300.491943359375	 524.6803588867188	 69001.3984375
39146972.0	 300.1338806152344	 520.5439453125	 67447.6640625
39147068.0	 300.1857604980469	 520.0482177734375	 68707.5546875
39147152.0	 299.8548278808594	 525.9259033203125	 72521.578125
39147244.0	 300.6388854980469	 524.6362915039062	 69934.2734375
39147332.0	 300.69696044921875	 519.9817504882812	 69544.5234375
39147424.0	 300.7507019042969	 519.62255859375	 70447.65625
39147512.0	 300.3195495605469	 521.0784912109375	 70657.0234375
39147604.0	 300.3432922363281	 520.93212890625	 70068.046875
39147692.0	 300.7856140136719	 523.8802490234375	 70270.28125
39147784.0	 300.74029541015625	 521.2743530273438	 69157.9453125
39147872.0	 300.25164794921875	 522.8162841796875	 71795.984375
39147964.0	 300.3040466308594	 521.6944580078125	 70708.09375
39148052.0	 300.319580078125	 527.0086059570312	 71818.1015625
39148144.0	 300.9149169921875	 518.2130737304688	 68758.96875
39148232.0	 301.2966003417969	 520.3749389648438	 69275.4375
39148320.0	 300.2296447753906	 521.906494140625	 69712.15625
39148412.0	 300.3796691894531	 520.29296875	 69441.78125
39148504.0	 300.3554382324219	 516.4080810546875	 67660.0078125
39148592.0	 300.0191345214844	 518.822998046875	 68555.4140625
39148680.0	 299.060791015625	 526.8594970703125	 71989.4296875
39148768.0	 300.0318908691406	 518.1093139648438	 67929.640625
39148860.0	 299.9190979003906	 523.4181518554688	 69142.265625
39148948.0	 299.74713134765625	 526.5530395507812	 70306.5078125
39149040.0	 299.7729187011719	 523.0042114257812	 70965.7109375
39149128.0	 299.5282287597656	 528.0739135742188	 71818.0390625
39149216.0	 299.4819641113281	 524.3028564453125	 71553.96875
39149400.0	 299.3374938964844	 523.8508911132812	 70798.140625
39149488.0	 299.05462646484375	 524.67529296875	 71556.8515625
39149576.0	 299.3794250488281	 523.6986694335938	 69162.96875
39149664.0	 299.47052001953125	 521.5323486328125	 68913.5859375
39149756.0	 299.7490234375	 522.158935546875	 68873.0625
39149844.0	 299.5543212890625	 522.2412719726562	 70039.859375
39149936.0	 299.3585205078125	 528.4785766601562	 71202.28125
39150024.0	 299.742919921875	 519.8822021484375	 68751.8671875
39150112.0	 299.4914245605469	 527.7835083007812	 70866.40625
39150204.0	 299.3310852050781	 524.24365234375	 70198.9453125
39150296.0	 299.53515625	 522.0524291992188	 69040.8828125
39150384.0	 299.2668762207031	 524.02978515625	 70038.2109375
39150476.0	 300.1956787109375	 522.0390625	 68896.6875
39150564.0	 299.6953430175781	 526.5499877929688	 70281.953125
39150656.0	 299.52569580078125	 525.6015625	 70952.8671875
39150744.0	 299.4537353515625	 530.4189453125	 73635.6328125
39150832.0	 300.1111755371094	 525.8180541992188	 70947.1015625
39150920.0	 300.1885986328125	 525.2980346679688	 69939.09375
39151012.0	 300.1891174316406	 527.8803100585938	 71895.8515625
39151100.0	 301.0960998535156	 517.2882080078125	 70428.4296875
39151192.0	 301.2715759277344	 516.43798828125	 70866.4140625
39151280.0	 300.8959655761719	 521.820556640625	 71492.8515625
39151372.0	 301.2886962890625	 518.5206298828125	 69145.59375
39151460.0	 300.9981689453125	 520.1506958007812	 69443.671875
39151552.0	 301.54364013671875	 518.5171508789062	 67868.7578125
39151640.0	 301.12298583984375	 522.7199096679688	 70844.34375
39151732.0	 301.1677551269531	 523.2727661132812	 70506.6171875
39151816.0	 301.2403259277344	 522.0562744140625	 71055.75
39151912.0	 300.6040954589844	 525.2285766601562	 70322.8828125
39151996.0	 300.4986877441406	 522.5746459960938	 69860.09375
39152092.0	 300.49688720703125	 523.827880859375	 71838.75
39152176.0	 300.4231262207031	 522.6495971679688	 70898.890625
39152356.0	 299.86077880859375	 522.1160278320312	 70005.2421875
39152448.0	 300.4263610839844	 520.6602172851562	 71467.8828125
39152536.0	 299.36749267578125	 530.050048828125	 74171.2734375
39152628.0	 299.4445495605469	 526.072021484375	 72455.78125
39152716.0	 299.7927551269531	 522.0234375	 71813.65625
39152808.0	 300.24530029296875	 519.7139282226562	 72170.5546875
39152896.0	 300.7475280761719	 516.985595703125	 69393.578125
39152988.0	 300.3385009765625	 520.5609130859375	 70705.5859375
39153076.0	 300.1699523925781	 522.32421875	 70425.140625
39153168.0	 299.5616455078125	 528.0203857421875	 72599.9765625
39153256.0	 299.35943603515625	 525.5928955078125	 70308.7265625
39153348.0	 299.7984619140625	 523.3869018554688	 71915.7890625
39153436.0	 299.74993896484375	 521.288330078125	 68282.078125
39153524.0	 299.47137451171875	 523.4791259765625	 69758.09375
39153612.0	 299.9690856933594	 521.4918212890625	 67648.7734375
39153704.0	 299.571044921875	 522.9122924804688	 69571.7265625
39153792.0	 300.35906982421875	 517.4478149414062	 70145.9140625
39153884.0	 299.9820556640625	 523.13671875	 70694.8046875
39153972.0	 298.8999938964844	 519.6614379882812	 69285.625
39154064.0	 298.21697998046875	 526.305908203125	 71093.4140625
39154152.0	 298.045654296875	 529.33740234375	 73262.1875
39154244.0	 298.3284606933594	 520.7288818359375	 70145.4765625
39154332.0	 298.731689453125	 520.3456420898438	 67952.140625
39154420.0	 298.9248962402344	 525.1704711914062	 70823.65625
39154512.0	 299.5711975097656	 521.9798583984375	 69662.9921875
39154600.0	 299.52557373046875	 524.34619140625	 70667.2421875
39154688.0	 299.27105712890625	 523.595947265625	 70919.6875
39154780.0	 299.08319091796875	 519.3328857421875	 70271.7890625
39154868.0	 299.9637756347656	 518.8500366210938	 69037.78125
39154960.0	 299.72332763671875	 525.0950317382812	 71085.46875
39155048.0	 299.4015808105469	 520.0559692382812	 70571.9296875
39155140.0	 299.7170715332031	 518.2714233398438	 69538.421875
39155320.0	 300.1712951660156	 516.0025634765625	 70484.609375
39155408.0	 299.9304504394531	 515.4849243164062	 70639.5078125
39155496.0	 299.8604736328125	 529.0615844726562	 72941.609375
39155588.0	 300.5303649902344	 527.7606201171875	 73535.5390625
39155680.0	 300.4001159667969	 518.1917114257812	 68610.75
39155768.0	 300.4487609863281	 522.1189575195312	 69069.921875
39155860.0	 299.71185302734375	 524.2030029296875	 70749.359375
39155948.0	 299.5386047363281	 523.8280639648438	 70155.5703125
39156036.0	 298.95428466796875	 528.0659790039062	 72909.1484375
39156124.0	 299.7088928222656	 519.4347534179688	 68991.1640625
39156216.0	 297.18719482421875	 519.1381225585938	 69499.953125
39156304.0	 297.2320251464844	 522.3897705078125	 70974.46875
39156396.0	 297.3810119628906	 521.9203491210938	 69621.515625
39156484.0	 297.373779296875	 524.687255859375	 68795.5859375
39156576.0	 297.37762451171875	 521.0120849609375	 70123.8125
39156664.0	 297.86224365234375	 516.5869140625	 69616.296875
39156756.0	 297.124755859375	 516.1497192382812	 70021.09375
39156844.0	 297.0601806640625	 519.3088989257812	 70366.734375
39156932.0	 297.3581237792969	 516.2093505859375	 67164.53125
39157024.0	 297.11822509765625	 515.59423828125	 67370.5078125
39157112.0	 297.0642395019531	 522.4484252929688	 70821.546875
39157200.0	 297.1437072753906	 520.6721801757812	 69021.9921875
39157292.0	 297.1886291503906	 521.7006225585938	 68940.5390625
39157380.0	 296.9064025878906	 522.3553466796875	 69375.46875
39157472.0	 297.115234375	 517.8592529296875	 68857.3046875
39157560.0	 296.5908203125	 520.888671875	 70382.46875
39157652.0	 296.3286437988281	 527.7991333007812	 74593.9375
39157740.0	 296.3743896484375	 524.2973022460938	 71226.2109375
39157832.0	 294.2003479003906	 529.38427734375	 71207.5703125
39157920.0	 294.62786865234375	 527.657958984375	 70661.484375
39158008.0	 294.404296875	 531.6729125976562	 73669.6953125
39158100.0	 294.9163513183594	 529.8331909179688	 71456.4765625
39158280.0	 296.4202880859375	 523.0736694335938	 71164.6796875
39158368.0	 297.2208557128906	 517.132568359375	 67771.5546875
39158460.0	 297.0627746582031	 521.8223876953125	 70636.5
39158548.0	 297.2896728515625	 525.9351806640625	 70166.421875
39158636.0	 297.46728515625	 526.4126586914062	 71079.6640625
39158728.0	 297.17083740234375	 518.2724609375	 69803.6484375
39158816.0	 297.20257568359375	 524.773193359375	 72422.4296875
39158904.0	 297.107177734375	 519.8085327148438	 69847.03125
39158996.0	 297.5558776855469	 521.6319580078125	 69438.4453125
39159084.0	 297.529296875	 520.8341064453125	 70546.0
39159176.0	 297.05865478515625	 525.7801513671875	 72571.8984375
39159264.0	 297.19970703125	 525.3489990234375	 73909.1640625
39159356.0	 297.4009094238281	 524.93994140625	 67057.4765625
39159444.0	 297.5843505859375	 522.3364868164062	 67837.0546875
39159536.0	 297.1164245605469	 526.9309692382812	 71497.1640625
39159624.0	 297.06048583984375	 527.3927001953125	 69628.390625
39159712.0	 297.0032653808594	 525.0364379882812	 69771.890625
39159800.0	 298.3123474121094	 526.29736328125	 69577.71875
39159892.0	 297.9636535644531	 525.4082641601562	 72098.1171875
39159980.0	 298.1124267578125	 520.5469970703125	 70463.53125
39160072.0	 297.88739013671875	 524.34765625	 70087.75
39160160.0	 296.599853515625	 528.0726318359375	 71670.171875
39160252.0	 298.01617431640625	 528.19580078125	 68117.40625
39160340.0	 297.93280029296875	 520.773193359375	 70552.5859375
39160432.0	 297.38006591796875	 523.3980102539062	 68896.3125
39160520.0	 297.56097412109375	 524.2652587890625	 69870.3046875
39160612.0	 297.0128479003906	 522.3033447265625	 72463.8515625
39160700.0	 296.0491943359375	 524.9081420898438	 70897.53125
39160792.0	 296.200927734375	 522.8124389648438	 69420.6796875
39160880.0	 296.1036682128906	 528.114501953125	 72258.3046875
39160972.0	 296.7120361328125	 528.0821533203125	 70011.296875
39161060.0	 297.0907287597656	 525.536376953125	 69673.796875
39161240.0	 296.4777526855469	 526.9874877929688	 73075.0859375
39161328.0	 297.2899475097656	 524.4882202148438	 69317.2578125
39161416.0	 297.65045166015625	 523.263671875	 69096.2109375
39161508.0	 296.925048828125	 526.5589599609375	 71656.0625
39161596.0	 297.00335693359375	 528.38671875	 71060.0625
39161688.0	 297.7510681152344	 527.2724609375	 70763.1875
39161776.0	 297.01190185546875	 522.8675537109375	 69583.453125
39161868.0	 294.9190673828125	 531.84521484375	 72360.8984375
39161956.0	 296.80474853515625	 527.7284545898438	 69700.5390625
39162048.0	 296.9898376464844	 530.818115234375	 70438.015625
39162136.0	 296.826904296875	 526.1473999023438	 68528.1875
39162224.0	 296.8243713378906	 528.6473999023438	 68082.8984375
39162312.0	 296.43524169921875	 527.3629760742188	 72318.25
39162408.0	 296.0518493652344	 530.0750122070312	 70843.5859375
39162496.0	 296.13104248046875	 529.5130004882812	 69317.5
39162584.0	 296.60064697265625	 530.5407104492188	 71391.640625
39162672.0	 297.3727722167969	 534.5156860351562	 70354.171875
39162764.0	 297.10296630859375	 522.9410400390625	 68552.65625
39162852.0	 297.0845947265625	 523.7015380859375	 67320.953125
39162944.0	 296.1700134277344	 525.5411376953125	 67658.71875
39163032.0	 295.2262268066406	 526.1312255859375	 68942.9375
39163124.0	 297.9818420410156	 531.0970458984375	 70845.6875
39163212.0	 298.4992980957031	 518.8340454101562	 69089.1484375
39163304.0	 296.7425231933594	 527.595703125	 68260.390625
39163392.0	 296.95538330078125	 536.4712524414062	 70683.9921875
39163484.0	 298.1469421386719	 521.8861694335938	 68069.1484375
39163572.0	 297.3351745605469	 527.2529907226562	 66789.4453125
39163664.0	 297.80047607421875	 526.7327880859375	 66620.328125
39163752.0	 298.3280334472656	 529.97412109375	 68814.1015625
39163840.0	 298.5876159667969	 522.1732788085938	 67166.578125
39163928.0	 297.99847412109375	 527.8762817382812	 71382.4921875
39164024.0	 298.5018310546875	 528.5781860351562	 70564.015625
39164200.0	 298.8843688964844	 520.5408325195312	 69019.3515625
39164288.0	 298.23675537109375	 518.0360717773438	 66982.59375
39164376.0	 298.24066162109375	 528.7218627929688	 70189.4765625
39164468.0	 295.93511962890625	 534.4432373046875	 72871.2734375
39164556.0	 296.7677001953125	 536.2313842773438	 73989.375
39164648.0	 296.56884765625	 535.7911376953125	 71537.28125
39164736.0	 296.4673767089844	 526.95947265625	 70694.5703125
39164828.0	 297.2480773925781	 530.0872802734375	 69977.640625
39164916.0	 298.3084411621094	 521.302001953125	 67292.0
39165008.0	 297.7952880859375	 530.9216918945312	 73011.0859375
39165096.0	 298.986572265625	 529.8720092773438	 72033.8515625
39165188.0	 298.9215087890625	 524.0060424804688	 72352.84375
39165276.0	 299.656494140625	 518.56494140625	 69524.078125
39165364.0	 299.024658203125	 516.9605102539062	 70112.0234375
39165452.0	 298.43670654296875	 520.1656494140625	 68757.796875
39165544.0	 297.4348449707031	 524.9854125976562	 72406.171875
39165636.0	 297.57562255859375	 521.7274780273438	 69080.359375
39165728.0	 298.9029541015625	 522.388916015625	 71130.2265625
39165816.0	 297.9968566894531	 524.748779296875	 72124.9765625
39165904.0	 297.93865966796875	 520.8914184570312	 70286.484375
39165992.0	 299.1117858886719	 506.5798645019531	 67843.171875
39166084.0	 299.4778137207031	 541.0121459960938	 72545.5625
39166172.0	 300.5145568847656	 519.661865234375	 71004.671875
39166264.0	 300.8077392578125	 522.2492065429688	 71451.96875
39166352.0	 296.361328125	 519.3221435546875	 68727.015625
39166444.0	 298.2066345214844	 505.63983154296875	 68344.296875
39166532.0	 299.393798828125	 516.2738647460938	 70426.265625
39166624.0	 299.55096435546875	 531.5298461914062	 75160.1953125
39166712.0	 300.9267578125	 516.2440185546875	 70729.0859375
39166804.0	 303.3581237792969	 494.1376037597656	 68622.8125
39166892.0	 300.4710693359375	 509.936767578125	 66100.0546875
39166980.0	 299.47015380859375	 512.6641845703125	 67764.0
39167160.0	 300.443359375	 510.8437805175781	 68290.6328125
39167248.0	 301.0059509277344	 515.2548828125	 71002.09375
39167340.0	 301.8154296875	 510.654541015625	 74671.0625
39167428.0	 302.4012145996094	 508.27496337890625	 69274.703125
39167520.0	 301.2747802734375	 515.243896484375	 70596.90625
39167608.0	 300.126953125	 517.7794799804688	 70262.1171875
39167700.0	 300.4648132324219	 516.1167602539062	 69958.2890625
39167788.0	 299.9590759277344	 516.5924072265625	 69425.4453125
39167876.0	 300.23516845703125	 515.316162109375	 71245.6875
39107036.0	 274.63616943359375	 275.80078125	 52546.828125
39107128.0	 273.7755126953125	 273.4359436035156	 47668.68359375
39107224.0	 266.10430908203125	 286.30718994140625	 62523.65625
39107320.0	 266.56939697265625	 280.6727294921875	 58892.546875
39107416.0	 265.2933044433594	 285.50396728515625	 61005.66796875
39107508.0	 263.20806884765625	 282.96856689453125	 67053.4453125
39107604.0	 264.9483337402344	 282.6574401855469	 60956.20703125
39107700.0	 271.68438720703125	 285.7434387207031	 58197.69921875
39108460.0	 260.43310546875	 284.2353820800781	 64201.28515625
39108508.0	 256.9044189453125	 257.1280212402344	 47454.59375
39108552.0	 258.0198669433594	 288.361572265625	 56895.60546875
39108604.0	 259.7204284667969	 289.52569580078125	 58367.47265625
39108652.0	 261.57757568359375	 279.8173522949219	 57377.18359375
39108696.0	 266.1324157714844	 291.3802185058594	 56224.3359375
39108744.0	 272.6948547363281	 298.0964050292969	 54868.2265625
39108792.0	 272.2548522949219	 308.86529541015625	 59778.0234375
39108840.0	 270.25213623046875	 291.1600341796875	 53422.71484375
39108888.0	 265.4005126953125	 290.11505126953125	 54061.765625
39108936.0	 265.9140319824219	 280.1111145019531	 55246.72265625
39108984.0	 268.0442199707031	 276.8660583496094	 52391.8515625
39109028.0	 269.5516357421875	 294.4743957519531	 54998.87890625
39109080.0	 270.6131591796875	 294.651123046875	 53085.1171875
39109128.0	 270.81549072265625	 292.71514892578125	 51840.296875
39109172.0	 272.2172546386719	 304.96820068359375	 61459.3984375
39109224.0	 271.38702392578125	 296.76416015625	 48613.45703125
39109268.0	 272.42047119140625	 289.064208984375	 55993.5625
39109320.0	 274.37725830078125	 295.6834716796875	 52712.0625
39109368.0	 270.152099609375	 282.73565673828125	 48750.33203125
39109412.0	 267.863037109375	 293.1267395019531	 55729.21875
39109464.0	 273.53656005859375	 296.0060119628906	 56432.3671875
39109508.0	 272.87945556640625	 299.4386901855469	 56868.8203125
39109556.0	 277.30413818359375	 289.37255859375	 55138.98046875
39109604.0	 275.3711242675781	 297.812744140625	 59572.328125
39109652.0	 272.4516906738281	 289.1246337890625	 53427.515625
39109700.0	 270.6560974121094	 292.2419128417969	 53208.234375
39109744.0	 268.6423645019531	 280.9809265136719	 56226.19140625
39109796.0	 266.44573974609375	 285.9715270996094	 60565.31640625
39109844.0	 267.10736083984375	 289.3762512207031	 59283.72265625
39109888.0	 267.32098388671875	 290.01312255859375	 54855.90625
39110032.0	 268.981689453125	 283.7032165527344	 53158.8203125
39110080.0	 270.73809814453125	 291.2134704589844	 52668.49609375
39110128.0	 272.4527282714844	 288.568115234375	 61184.125
39110176.0	 269.1551513671875	 279.1146240234375	 51666.22265625
39110220.0	 265.4502868652344	 265.3765563964844	 52367.1875
39110268.0	 265.1118469238281	 272.5263671875	 61698.8359375
39110320.0	 264.1274108886719	 278.418212890625	 54954.4609375
39110364.0	 264.09210205078125	 282.4786682128906	 59401.609375
39110412.0	 266.7343444824219	 283.4187316894531	 58294.3203125
39110456.0	 269.1279296875	 287.65728759765625	 61182.6484375
39110504.0	 273.6716613769531	 287.4807434082031	 57425.55078125
39110556.0	 269.9447937011719	 289.77923583984375	 58983.81640625
39110600.0	 273.1688232421875	 278.5045471191406	 50824.91796875
39110648.0	 275.1121520996094	 269.22296142578125	 51599.78125
39110696.0	 274.9873046875	 293.07171630859375	 47492.8671875
39110744.0	 275.4779052734375	 290.3853759765625	 52465.546875
39110792.0	 273.1932373046875	 291.1441345214844	 55999.13671875
39110840.0	 274.61358642578125	 289.5851745605469	 51412.0859375
39110888.0	 274.0098876953125	 294.0408630371094	 52273.74609375
39110936.0	 273.768310546875	 288.52044677734375	 53622.23828125
39110980.0	 270.9080505371094	 281.3699035644531	 54365.27734375
39111028.0	 268.99810791015625	 291.1172790527344	 55218.48046875
39111076.0	 269.1962890625	 276.9422912597656	 57035.45703125
39111124.0	 268.16302490234375	 286.5196533203125	 59884.81640625
39111172.0	 264.2613220214844	 268.08819580078125	 58600.35546875
39111216.0	 266.4566650390625	 280.6822204589844	 52369.9921875
39111268.0	 274.3914489746094	 282.4991455078125	 54805.90625
39111312.0	 280.663330078125	 298.05560302734375	 67161.3125
39111364.0	 284.63165283203125	 292.6578369140625	 50190.11328125
39111412.0	 279.9960632324219	 279.4596862792969	 50002.14453125
39111456.0	 280.9126281738281	 322.6146240234375	 54228.140625
39111552.0	 289.2303771972656	 312.2373962402344	 35529.80078125
39111600.0	 290.46209716796875	 309.7886962890625	 45554.86328125
39111648.0	 303.3252868652344	 305.5313720703125	 46105.63671875
39111692.0	 303.563232421875	 306.0536193847656	 50660.68359375
39111744.0	 300.48406982421875	 299.7916564941406	 45996.375
39111788.0	 295.52838134765625	 289.09014892578125	 44111.91015625
39111836.0	 274.7373962402344	 290.96484375	 55932.6796875
39111884.0	 259.8781433105469	 279.8740539550781	 68182.1171875
39111932.0	 261.5849609375	 268.62908935546875	 76449.8515625
39111980.0	 268.3635559082031	 286.0885314941406	 65080.01953125
39112028.0	 275.77166748046875	 291.7037048339844	 57035.05078125
39112076.0	 278.4902648925781	 305.1209411621094	 56128.31640625
39112124.0	 279.70416259765625	 302.7137451171875	 51833.5
39112168.0	 283.152587890625	 307.45068359375	 50974.5234375
39112220.0	 285.7359313964844	 299.53692626953125	 53396.3125
39112264.0	 286.16387939453125	 298.99285888671875	 50271.1015625
39112312.0	 284.11663818359375	 316.81671142578125	 53719.68359375
39112360.0	 287.759521484375	 294.1016845703125	 48128.89453125
39112404.0	 286.75506591796875	 290.4400939941406	 46747.921875
39112456.0	 285.6911315917969	 297.88995361328125	 49170.01953125
39112500.0	 289.620361328125	 306.5101013183594	 53085.4375
39112548.0	 289.1060791015625	 311.6550598144531	 56260.23046875
39112596.0	 291.60382080078125	 297.1567687988281	 48465.6953125
39112644.0	 292.085693359375	 301.625244140625	 47575.39453125
39112692.0	 292.6156311035156	 300.3312072753906	 46561.21484375
39112740.0	 290.31195068359375	 309.1632385253906	 51522.8203125
39112784.0	 276.3818054199219	 286.7352294921875	 50688.62890625
39112836.0	 269.48321533203125	 288.78619384765625	 59875.78515625
39112880.0	 268.80767822265625	 289.4792785644531	 63252.75
39112928.0	 274.9438781738281	 309.9291687011719	 58512.296875
39112980.0	 283.1679382324219	 315.8277282714844	 54913.56640625
39113024.0	 291.2063293457031	 302.564453125	 45954.2421875
39113120.0	 292.4260559082031	 316.076416015625	 49970.7109375
39113168.0	 293.1879577636719	 303.38714599609375	 50166.0234375
39113216.0	 294.23052978515625	 308.7197265625	 46279.62890625
39113260.0	 293.7302551269531	 294.6045837402344	 42016.75390625
39113312.0	 291.8164367675781	 311.8563232421875	 48022.5234375
39113356.0	 293.4226989746094	 311.6132507324219	 55335.94921875
39113404.0	 298.1034851074219	 283.3822326660156	 41381.31640625
39113452.0	 295.12652587890625	 309.6034851074219	 47507.3515625
39113500.0	 292.7425842285156	 297.3306579589844	 44299.6484375
39113548.0	 286.40203857421875	 307.7732849121094	 51190.73046875
39113592.0	 291.9704895019531	 303.6581115722656	 52050.984375
39113644.0	 291.8079833984375	 295.426513671875	 42900.28125
39113692.0	 288.6695251464844	 312.4880676269531	 50969.4375
39113736.0	 283.5333557128906	 306.07720947265625	 57150.3046875
39113784.0	 286.2777099609375	 308.2694091796875	 49294.0390625
39113832.0	 284.90191650390625	 290.16961669921875	 46930.21484375
39113880.0	 283.11932373046875	 310.5801086425781	 53420.50390625
39113928.0	 280.42822265625	 291.1264953613281	 55739.37890625
39113972.0	 277.1875305175781	 283.8894348144531	 56834.90625
39114020.0	 278.0639343261719	 282.3470764160156	 52793.48828125
39114068.0	 280.179443359375	 299.9480285644531	 53215.8046875
39114116.0	 281.5256652832031	 305.660888671875	 54769.76953125
39114164.0	 285.97967529296875	 308.3306884765625	 54250.51953125
39114212.0	 288.7869567871094	 301.1163330078125	 51984.48046875
39114260.0	 288.8326721191406	 295.306884765625	 42715.8984375
39114304.0	 287.9632873535156	 308.3741149902344	 45298.20703125
39114356.0	 293.045166015625	 300.5022888183594	 49340.5078125
39114404.0	 292.86480712890625	 310.61590576171875	 50619.20703125
39114448.0	 299.4359436035156	 304.4277648925781	 48338.71484375
39114496.0	 306.4729309082031	 284.314208984375	 47907.10546875
39114540.0	 306.8438720703125	 286.1064453125	 45950.4140625
39114592.0	 301.9356384277344	 281.2447509765625	 39047.171875
39114684.0	 279.9561462402344	 315.3852233886719	 41396.171875
39114736.0	 279.06805419921875	 285.06640625	 49364.52734375
39114780.0	 278.8489685058594	 293.5968017578125	 57324.02734375
39114828.0	 280.2332458496094	 301.0369873046875	 54738.828125
39114880.0	 273.1094055175781	 292.9473876953125	 55205.96484375
39114924.0	 278.0229187011719	 282.1706848144531	 50057.08984375
39114972.0	 275.63580322265625	 294.38262939453125	 51929.73828125
39115020.0	 274.58880615234375	 291.2865905761719	 56946.58984375
39115068.0	 275.7189636230469	 295.4347229003906	 53065.7578125
39115116.0	 277.3592224121094	 306.6982727050781	 59969.9296875
39115160.0	 281.3479919433594	 306.67156982421875	 55233.6796875
39115212.0	 285.40191650390625	 295.4976501464844	 46707.88671875
39115256.0	 281.081298828125	 284.4817199707031	 50013.7890625
39115304.0	 281.51953125	 303.0931396484375	 55883.7734375
39115352.0	 286.0826721191406	 296.4090576171875	 52340.8125
39115396.0	 282.6368713378906	 285.3797302246094	 52603.61328125
39115448.0	 277.32574462890625	 284.2378845214844	 52993.671875
39115492.0	 276.83197021484375	 299.74835205078125	 55040.703125
39115540.0	 279.8887939453125	 287.7562561035156	 53786.23046875
39115588.0	 280.8738708496094	 306.3287658691406	 50814.28125
39115636.0	 286.6502990722656	 307.7594299316406	 52498.38671875
39115684.0	 292.94970703125	 299.23974609375	 54033.98828125
39115732.0	 296.28631591796875	 297.9897766113281	 45298.40234375
39115780.0	 296.9659118652344	 297.7557678222656	 45983.87109375
39115828.0	 284.382568359375	 290.80206298828125	 48327.05859375
39115872.0	 262.8937683105469	 280.0030517578125	 63006.9140625
39115920.0	 251.9697723388672	 246.8880157470703	 57736.03515625
39115968.0	 249.56185913085938	 222.55892944335938	 47209.375
39116108.0	 255.9272003173828	 253.3114471435547	 53551.671875
39116160.0	 256.796142578125	 275.04266357421875	 73840.59375
39116304.0	 266.6481018066406	 297.1497802734375	 58139.1796875
39116348.0	 268.5069580078125	 283.2351989746094	 55756.5078125
39116396.0	 270.07763671875	 281.3585205078125	 62813.33203125
39116448.0	 272.0357666015625	 297.27899169921875	 51992.7734375
39116492.0	 262.09429931640625	 276.10296630859375	 61841.49609375
39116540.0	 258.04986572265625	 248.13809204101562	 58581.9140625
39116584.0	 264.262451171875	 282.51800537109375	 60873.42578125
39116636.0	 265.3159484863281	 286.50531005859375	 62440.41015625
39116684.0	 268.4383544921875	 303.4635925292969	 59407.27734375
39116728.0	 276.75042724609375	 291.3100280761719	 51590.3671875
39116776.0	 275.8454895019531	 286.3496398925781	 57249.66015625
39116824.0	 274.827392578125	 292.3746032714844	 52125.15625
39116872.0	 277.235107421875	 305.993408203125	 60071.86328125
39116920.0	 278.336181640625	 294.4134521484375	 48557.87109375
39116968.0	 276.9887390136719	 288.2032775878906	 52107.62109375
39117012.0	 270.7460021972656	 280.6905212402344	 55534.15625
39117060.0	 273.4420471191406	 298.338134765625	 56839.88671875
39117108.0	 271.8623352050781	 283.2482604980469	 63578.9140625
39117156.0	 269.1469421386719	 290.5132141113281	 54194.76953125
39117204.0	 276.68408203125	 289.1883239746094	 52994.0390625
39117252.0	 274.4486389160156	 288.6766357421875	 57912.57421875
39117296.0	 276.70245361328125	 296.775146484375	 58254.07421875
39117348.0	 280.2168273925781	 286.07916259765625	 46477.69140625
39117396.0	 284.2781677246094	 298.2675476074219	 49030.78125
39117440.0	 281.09954833984375	 288.4704284667969	 48421.86328125
39117488.0	 280.48883056640625	 297.4367980957031	 50342.19140625
39117532.0	 282.3963623046875	 305.0001525878906	 54982.7734375
39117584.0	 279.3097839355469	 282.18359375	 50108.9921875
39117632.0	 270.7829284667969	 290.1869812011719	 55186.50390625
39117676.0	 278.4610290527344	 292.93975830078125	 54503.0546875
39117724.0	 273.9017028808594	 294.2973327636719	 55728.453125
39117820.0	 282.88775634765625	 300.2734680175781	 39433.65234375
39117868.0	 284.7127990722656	 286.74993896484375	 43549.43359375
39117916.0	 282.90972900390625	 285.8700866699219	 50067.1796875
39117964.0	 281.05096435546875	 293.25714111328125	 54858.78125
39118008.0	 289.35595703125	 298.2351379394531	 51323.72265625
39118060.0	 291.7749328613281	 300.3721008300781	 48315.453125
39118108.0	 292.5767822265625	 299.57391357421875	 53992.61328125
39118156.0	 294.7941589355469	 291.20294189453125	 47475.515625
39118204.0	 292.6210632324219	 304.81585693359375	 45557.8203125
39118248.0	 291.8276672363281	 299.4018249511719	 47158.92578125
39118296.0	 295.44610595703125	 293.13873291015625	 48485.98828125
39118348.0	 292.2433776855469	 305.7957763671875	 47874.9765625
39118392.0	 293.3501281738281	 285.9192810058594	 38668.39453125
39118440.0	 292.57501220703125	 290.22802734375	 49175.0390625
39118484.0	 293.6940612792969	 301.15576171875	 46623.2265625
39118532.0	 294.9833679199219	 299.3733215332031	 46170.9140625
39118584.0	 295.27655029296875	 292.4260559082031	 44091.1640625
39118628.0	 294.4082946777344	 289.47930908203125	 45744.08203125
39118676.0	 296.6569519042969	 289.5977783203125	 43349.61328125
39118724.0	 294.8601379394531	 298.7478332519531	 45435.1171875
39118772.0	 293.2452697753906	 280.9439697265625	 42120.484375
39118820.0	 288.6382751464844	 294.3789367675781	 45329.3203125
39118868.0	 286.9153137207031	 295.570068359375	 46766.92578125
39118916.0	 288.7679138183594	 297.85333251953125	 48914.31640625
39118960.0	 285.31964111328125	 307.3104553222656	 57589.0703125
39119008.0	 288.8721923828125	 300.2686462402344	 50721.296875
39119056.0	 287.7331237792969	 301.6509094238281	 48362.76953125
39119104.0	 287.8051452636719	 307.2752380371094	 50492.68359375
39119152.0	 294.3609619140625	 329.3702697753906	 53540.9609375
39119196.0	 298.8474426269531	 281.53167724609375	 43056.6640625
39119244.0	 296.94512939453125	 298.0750732421875	 45339.66015625
39119296.0	 298.5420837402344	 289.8680725097656	 49541.671875
39119388.0	 293.99383544921875	 293.88226318359375	 38034.67578125
39119432.0	 294.0820007324219	 303.1797790527344	 53089.328125
39119484.0	 292.13189697265625	 291.9139404296875	 46772.33984375
39119532.0	 296.45111083984375	 311.2073669433594	 50795.53515625
39119576.0	 305.9185485839844	 301.9123229980469	 53197.296875
39119624.0	 304.7767333984375	 287.0496826171875	 47269.0703125
39119672.0	 299.39208984375	 283.3459167480469	 48232.23046875
39119720.0	 306.8675842285156	 303.9267883300781	 58439.73828125
39119772.0	 309.8283386230469	 302.0079040527344	 55748.953125
39119816.0	 312.9515380859375	 274.986572265625	 54702.0078125
39119864.0	 315.6258850097656	 273.1135559082031	 67242.2421875
39119908.0	 313.32159423828125	 291.2695617675781	 58166.9609375
39119960.0	 316.4331970214844	 296.1300354003906	 74422.3125
39120008.0	 319.8365478515625	 258.9840087890625	 47993.453125
39120052.0	 304.1690979003906	 277.3701171875	 46617.14453125
39120104.0	 298.7290344238281	 291.1468200683594	 42292.96484375
39120148.0	 291.0689697265625	 301.4688415527344	 46628.8828125
39120196.0	 290.0641784667969	 296.01043701171875	 48843.578125
39120244.0	 291.98345947265625	 299.8502502441406	 47297.7109375
39120292.0	 293.5710754394531	 292.1023254394531	 41784.4765625
39120340.0	 285.7889099121094	 294.03338623046875	 49613.2890625
39120384.0	 287.3026123046875	 292.1025085449219	 50358.16796875
39120432.0	 285.48590087890625	 305.6200866699219	 50091.4140625
39120484.0	 288.5113220214844	 298.6982116699219	 49202.3359375
39120528.0	 288.07025146484375	 303.6626281738281	 51167.71875
39120576.0	 291.43145751953125	 281.22900390625	 48117.62109375
39120620.0	 292.6982421875	 291.4077453613281	 43613.14453125
39120668.0	 291.1571350097656	 300.6177062988281	 45844.5625
39120720.0	 289.0833435058594	 307.01275634765625	 50955.7421875
39120764.0	 291.6981506347656	 303.8033142089844	 50273.78515625
39120812.0	 292.1869201660156	 298.7648620605469	 49296.328125
39120860.0	 290.4955749511719	 303.3270263671875	 49927.0390625
39120956.0	 287.64862060546875	 311.82342529296875	 53188.12109375
39121004.0	 289.2984619140625	 306.19287109375	 46755.64453125
39121052.0	 292.1923522949219	 295.306884765625	 48897.625
39121096.0	 289.99200439453125	 295.9419250488281	 48773.01171875
39121144.0	 287.4593200683594	 289.894287109375	 46171.5546875
39121196.0	 287.76611328125	 304.4396057128906	 49993.92578125
39121240.0	 288.34222412109375	 302.9629821777344	 50427.7109375
39121288.0	 293.1053771972656	 302.1695861816406	 39773.21875
39121332.0	 291.8427734375	 300.3956298828125	 48519.5078125
39121380.0	 289.83160400390625	 291.6346435546875	 44962.20703125
39121432.0	 290.3160095214844	 305.2094421386719	 48191.6171875
39121476.0	 290.7462463378906	 303.6959228515625	 48891.96875
39121524.0	 294.5746154785156	 299.9705810546875	 50684.73828125
39121572.0	 297.2195129394531	 296.84552001953125	 46759.2265625
39121620.0	 291.3376770019531	 292.8985900878906	 46388.23046875
39121668.0	 295.5661926269531	 306.2447814941406	 49265.4140625
39121716.0	 296.64892578125	 293.7514343261719	 47728.359375
39121764.0	 295.3472595214844	 297.7287292480469	 45147.1171875
39121808.0	 289.45269775390625	 291.295166015625	 43267.4921875
39121860.0	 287.15997314453125	 302.70330810546875	 49030.6328125
39121908.0	 287.95538330078125	 303.358154296875	 48054.1171875
39121952.0	 293.9691467285156	 299.3816223144531	 47680.82421875
39122004.0	 293.8243103027344	 298.9786071777344	 41735.6015625
39122044.0	 296.61688232421875	 297.5011901855469	 46236.7578125
39122188.0	 303.7909240722656	 281.9109191894531	 43017.88671875
39122240.0	 297.43414306640625	 292.1924743652344	 44746.234375
39122280.0	 301.766845703125	 301.62225341796875	 53276.35546875
39122332.0	 303.185546875	 306.1291198730469	 49140.74609375
39122380.0	 303.41552734375	 286.5387878417969	 43517.9609375
39122424.0	 300.6808166503906	 291.4775695800781	 44882.24609375
39122520.0	 303.68438720703125	 301.9590148925781	 50575.765625
39122568.0	 301.9834899902344	 296.5234069824219	 47807.15625
39122620.0	 302.1204528808594	 283.7540283203125	 43820.64453125
39122664.0	 300.8946228027344	 324.32855224609375	 64394.09765625
39122712.0	 303.2014465332031	 289.0567321777344	 47278.265625
39122756.0	 304.42144775390625	 300.44927978515625	 45461.33984375
39122808.0	 308.144775390625	 273.0323181152344	 42749.44921875
39122856.0	 306.5419616699219	 290.20428466796875	 46050.59765625
39122900.0	 307.4823303222656	 293.9127502441406	 51807.7890625
39122952.0	 305.719482421875	 298.2586669921875	 54520.8125
39122992.0	 308.55694580078125	 283.1061706542969	 45447.140625
39123044.0	 303.64874267578125	 290.40625	 53047.140625
39123096.0	 301.2422790527344	 290.9083251953125	 47254.53515625
39123140.0	 299.5567932128906	 301.1710510253906	 51408.625
39123188.0	 298.8751525878906	 285.9020690917969	 45037.15234375
39123232.0	 300.60888671875	 297.0782470703125	 48101.93359375
39123664.0	 297.378662109375	 268.4509582519531	 45853.75390625
39123756.0	 304.2569885253906	 306.1377868652344	 53267.19921875
39123852.0	 305.06536865234375	 303.61346435546875	 58856.41015625
39123944.0	 307.63592529296875	 294.87127685546875	 60025.43359375
39124044.0	 305.1968078613281	 289.7677917480469	 51918.01171875
39124136.0	 305.2093811035156	 286.9432373046875	 56676.71875
39124232.0	 294.7785949707031	 291.1297912597656	 54987.2265625
39124328.0	 290.6055908203125	 288.4238586425781	 55701.1953125
39124420.0	 299.20965576171875	 316.9723205566406	 58329.921875
39124516.0	 304.5035095214844	 275.3187561035156	 51413.90625
39124612.0	 299.441650390625	 280.46844482421875	 50985.5078125
39124704.0	 292.72283935546875	 302.6955871582031	 57909.3984375
39124800.0	 294.7861633300781	 282.5125732421875	 54916.47265625
39124896.0	 290.281982421875	 294.0677490234375	 58892.41796875
39124992.0	 294.64129638671875	 298.8795471191406	 50272.21875
39125088.0	 291.6895446777344	 287.22760009765625	 50349.95703125
39125180.0	 296.7099609375	 313.1188049316406	 50490.36328125
39125276.0	 298.69720458984375	 289.96258544921875	 46053.81640625
39125372.0	 292.2130126953125	 291.9617004394531	 50870.1640625
39125468.0	 290.8003234863281	 292.5627746582031	 48836.61328125
39125564.0	 295.1160583496094	 286.1263122558594	 50415.4375
39125656.0	 295.8772277832031	 291.46185302734375	 44641.9609375
39125752.0	 285.9942626953125	 300.2148742675781	 49467.2421875
39125844.0	 278.1430969238281	 281.890869140625	 55609.3203125
39125944.0	 281.41522216796875	 283.4706726074219	 51645.9375
39126036.0	 282.6838073730469	 261.97772216796875	 46778.96875
39126132.0	 273.4589538574219	 289.63983154296875	 59112.1953125
39126224.0	 273.5927734375	 292.70037841796875	 59937.140625
39126320.0	 283.3046875	 294.0450134277344	 59462.19140625
39126416.0	 276.5032653808594	 291.6028137207031	 57970.95703125
39126512.0	 270.62548828125	 271.443359375	 62008.4921875
39126608.0	 274.2496337890625	 266.0911560058594	 58097.7109375
39126796.0	 269.1968078613281	 297.5337219238281	 78975.0703125
39126892.0	 267.2001953125	 269.73309326171875	 58082.11328125
39126988.0	 272.5921630859375	 261.9598083496094	 57421.609375
39127084.0	 270.89227294921875	 298.38671875	 66316.0546875
39127176.0	 270.2001037597656	 272.3431091308594	 60647.19140625
39127268.0	 271.6501770019531	 286.06927490234375	 58782.2109375
39127368.0	 268.0989685058594	 285.55572509765625	 61645.296875
39127460.0	 280.30499267578125	 296.4043884277344	 57862.359375
39127556.0	 280.6820068359375	 301.57855224609375	 52819.55859375
39127648.0	 277.64764404296875	 279.77484130859375	 51394.5078125
39127744.0	 270.1548767089844	 294.10906982421875	 57620.8125
39127844.0	 268.99664306640625	 297.7286682128906	 61748.55859375
39127936.0	 261.0851745605469	 279.5359191894531	 66763.8984375
39128032.0	 259.1269836425781	 259.23529052734375	 67540.3203125
39128124.0	 253.6387176513672	 254.14576721191406	 64289.6328125
39128220.0	 262.61236572265625	 275.15277099609375	 69440.0
39128320.0	 263.2139587402344	 277.3267822265625	 68227.34375
39128508.0	 267.7916259765625	 297.763427734375	 60852.8125
39128600.0	 289.0387878417969	 288.94110107421875	 45704.44140625
39128696.0	 287.4406433105469	 277.72412109375	 45882.5703125
39128792.0	 266.1109313964844	 266.4494323730469	 54924.2734375
39128884.0	 268.13494873046875	 268.26910400390625	 54173.8671875
39128980.0	 268.9693603515625	 272.2530212402344	 55433.625
39129076.0	 271.0941467285156	 279.65887451171875	 54784.0703125
39129168.0	 270.7642822265625	 273.0538024902344	 56458.5
39129268.0	 272.5790710449219	 276.51708984375	 54515.60546875
39129360.0	 276.2272033691406	 272.5168151855469	 50778.4609375
39129456.0	 277.3572692871094	 284.8330993652344	 50799.50390625
39129552.0	 275.4029541015625	 299.19921875	 56160.796875
39129644.0	 276.2998046875	 295.70404052734375	 55794.80859375
39129740.0	 282.14056396484375	 289.2317199707031	 52493.5234375
39129932.0	 284.0999755859375	 306.7315979003906	 64770.828125
39130024.0	 287.1805725097656	 331.00701904296875	 62664.13671875
39130120.0	 296.10430908203125	 276.5558166503906	 40118.6875
39130216.0	 286.1097106933594	 300.5506591796875	 51373.359375
39130312.0	 283.3445129394531	 284.277587890625	 49677.046875
39130404.0	 285.9303283691406	 294.6795349121094	 51672.0078125
39130500.0	 285.3124694824219	 284.60260009765625	 52298.89453125
39130592.0	 284.7419128417969	 280.64404296875	 48415.10546875
39130692.0	 285.96661376953125	 302.17138671875	 49033.484375
39130788.0	 290.92559814453125	 293.20404052734375	 48420.14453125
39130880.0	 289.8355407714844	 287.94610595703125	 48151.45703125
39130976.0	 292.2009582519531	 285.36407470703125	 47153.953125
39131068.0	 292.6559143066406	 291.9835510253906	 48018.875
39131164.0	 294.1492004394531	 297.17315673828125	 45879.49609375
39131260.0	 294.96783447265625	 293.7989807128906	 46879.0703125
39131356.0	 294.6943664550781	 291.3483581542969	 48047.41796875
39131448.0	 296.2189636230469	 296.7650451660156	 46563.0859375
39131544.0	 299.0437927246094	 292.2778625488281	 48552.8046875
39131640.0	 293.763671875	 295.2192077636719	 47131.96875
39131736.0	 295.94500732421875	 300.05926513671875	 45923.25
39131832.0	 293.9123229980469	 296.09130859375	 49568.15234375
39131924.0	 293.6225280761719	 286.4090576171875	 43836.34375
39132020.0	 294.2582702636719	 291.9596252441406	 47765.86328125
39132112.0	 297.4638977050781	 293.2948303222656	 47312.35546875
39132212.0	 291.1085205078125	 273.7308654785156	 41797.98046875
39132308.0	 274.4533996582031	 283.0712585449219	 71848.9375
39132400.0	 273.0226745605469	 281.54833984375	 66639.6328125
39132492.0	 272.05523681640625	 290.13116455078125	 80521.734375
39132588.0	 276.078125	 277.0746154785156	 59411.8203125
39132684.0	 272.51568603515625	 274.13812255859375	 57335.1953125
39132780.0	 271.67218017578125	 277.6337890625	 70568.1171875
39132876.0	 273.09039306640625	 284.904052734375	 58336.66015625
39133060.0	 273.39990234375	 303.9399108886719	 99110.0234375
39133164.0	 274.2626037597656	 266.2102355957031	 71182.7109375
39133256.0	 273.7334289550781	 278.2729187011719	 58068.88671875
39133348.0	 273.1826477050781	 277.01861572265625	 64969.59375
39133444.0	 273.5244445800781	 277.0776062011719	 67663.15625
39133540.0	 272.94134521484375	 280.7944641113281	 52672.75390625
39133636.0	 273.2400817871094	 295.4751892089844	 55471.53515625
39133732.0	 276.9463195800781	 275.8654479980469	 50515.11328125
39133824.0	 278.9159851074219	 285.8074645996094	 54019.8828125
39133920.0	 277.20965576171875	 284.3633728027344	 59080.0234375
39134012.0	 276.3443603515625	 278.6448669433594	 49840.74609375
39134104.0	 281.0401306152344	 280.2112121582031	 55323.94921875
39134204.0	 283.728515625	 265.6495666503906	 41595.875
39134296.0	 284.0085144042969	 282.3734436035156	 48639.52734375
39134392.0	 276.64971923828125	 271.5398254394531	 49950.94921875
39134580.0	 278.8301696777344	 284.1661071777344	 53227.9140625
39134680.0	 278.5003356933594	 284.0058288574219	 49119.3828125
39134776.0	 279.1280517578125	 272.13861083984375	 42678.5078125
39134868.0	 282.19805908203125	 278.9266357421875	 45749.28515625
39134964.0	 280.3612365722656	 280.26141357421875	 47696.9921875
39135056.0	 281.3609619140625	 283.1904296875	 48489.28515625
39135156.0	 276.34149169921875	 278.40411376953125	 51275.2265625
39135248.0	 276.9735107421875	 278.3311462402344	 48495.796875
39135344.0	 277.38623046875	 274.68389892578125	 48342.515625
39135440.0	 276.0055847167969	 280.0869445800781	 53878.9765625
39135532.0	 280.4231872558594	 281.40057373046875	 51177.578125
39135632.0	 280.0321960449219	 277.55694580078125	 46950.44140625
39135724.0	 278.55419921875	 281.93646240234375	 49755.65625
39135820.0	 277.9072265625	 275.3788757324219	 45730.3046875
39135912.0	 277.5135498046875	 278.2940368652344	 47368.57421875
39136008.0	 279.0150451660156	 269.7489318847656	 48630.0625
39136200.0	 263.5617980957031	 278.35272216796875	 53488.67578125
39136292.0	 268.3078308105469	 275.386474609375	 52717.65625
39136388.0	 268.87677001953125	 273.9127502441406	 54053.4609375
39136480.0	 270.83929443359375	 272.6065673828125	 50638.71484375
39136576.0	 270.6903991699219	 274.5882568359375	 51569.71484375
39136676.0	 275.9093933105469	 278.2994384765625	 52009.19921875
39136768.0	 273.6593322753906	 273.739013671875	 49695.265625
39136864.0	 271.4295959472656	 282.6448059082031	 56875.05078125
39136956.0	 271.2813720703125	 276.8633117675781	 50649.01171875
39137052.0	 270.6230773925781	 267.4423828125	 49457.828125
39137148.0	 276.62591552734375	 289.58111572265625	 50717.484375
39137244.0	 279.20733642578125	 288.7000732421875	 51385.83984375
39137336.0	 274.76788330078125	 281.154052734375	 49575.79296875
39137432.0	 269.5699157714844	 277.3232727050781	 50904.74609375
39137528.0	 271.66949462890625	 278.4881591796875	 50762.00390625
39137624.0	 272.06256103515625	 277.6788635253906	 47215.5546875
39137720.0	 267.3983459472656	 275.7743225097656	 53039.8515625
39137812.0	 271.87042236328125	 283.0798034667969	 48799.453125
39137904.0	 265.2748107910156	 269.9181823730469	 50076.06640625
39138000.0	 265.2479248046875	 276.912841796875	 52626.72265625
39138096.0	 269.8974609375	 269.98492431640625	 51865.6171875
39138192.0	 264.9996643066406	 271.98486328125	 47666.03125
39138288.0	 266.5132751464844	 289.1944274902344	 55032.77734375
39138384.0	 263.84600830078125	 285.8946533203125	 54051.18359375
39138476.0	 267.9552001953125	 271.2107849121094	 49652.546875
39138568.0	 270.92901611328125	 297.6571044921875	 53392.3046875
39138668.0	 278.97760009765625	 273.3007507324219	 50122.39453125
39138764.0	 280.76263427734375	 292.4456481933594	 49174.6484375
39138856.0	 283.8262023925781	 272.9933166503906	 43665.1953125
39138952.0	 280.9527893066406	 270.38311767578125	 45009.3203125
39139044.0	 276.97467041015625	 292.3099365234375	 49865.4609375
39139140.0	 280.2451477050781	 289.2535400390625	 48335.97265625
39139332.0	 273.4417724609375	 329.10150146484375	 79322.78125
39139424.0	 280.4449462890625	 288.13775634765625	 48502.3046875
39139520.0	 279.0351257324219	 272.06268310546875	 46760.83203125
39139616.0	 281.2904968261719	 277.5241394042969	 46884.609375
39139712.0	 282.251220703125	 289.40655517578125	 48227.40234375
39139808.0	 281.98846435546875	 273.13433837890625	 40099.62109375
39139900.0	 283.5705261230469	 296.3507385253906	 47598.5625
39139996.0	 281.1133728027344	 289.4872131347656	 43501.59375
39140096.0	 280.20526123046875	 270.5475158691406	 41092.984375
39140188.0	 275.9559631347656	 289.2783508300781	 50310.99609375
39140284.0	 279.2164611816406	 284.1734924316406	 45463.8359375
39140376.0	 276.7539367675781	 293.94073486328125	 49350.2578125
39140472.0	 280.10906982421875	 295.5165710449219	 50861.07421875
39140664.0	 282.112548828125	 280.854736328125	 43443.73046875
39140756.0	 284.72027587890625	 277.1416320800781	 42991.62890625
39140852.0	 283.439697265625	 279.59515380859375	 46243.24609375
39140944.0	 285.9382019042969	 295.5592956542969	 44099.43359375
39141040.0	 284.53826904296875	 276.0596618652344	 41118.91015625
39141136.0	 282.2884521484375	 294.298828125	 48882.16796875
39141232.0	 283.2505798339844	 294.0127258300781	 45782.125
39141328.0	 281.1897277832031	 289.0576171875	 45718.50390625
39141420.0	 284.71832275390625	 280.42254638671875	 42096.265625
39141516.0	 282.5331115722656	 291.77801513671875	 44676.74609375
39141616.0	 281.8365783691406	 292.8650207519531	 54114.13671875
39141708.0	 278.6260986328125	 278.52838134765625	 43440.875
39141800.0	 280.684326171875	 289.17449951171875	 44989.0078125
39141896.0	 283.80242919921875	 286.4423522949219	 45512.00390625
39141988.0	 282.5551452636719	 284.4145202636719	 43637.421875
39142084.0	 281.8442687988281	 287.06097412109375	 46499.84765625
39142180.0	 281.9598083496094	 287.4631042480469	 47120.64453125
39142276.0	 284.00921630859375	 286.2903747558594	 45866.3984375
39142464.0	 278.60296630859375	 299.8271789550781	 76903.4765625
39142560.0	 283.48150634765625	 273.9670715332031	 43373.5546875
39142656.0	 284.9658203125	 290.2542724609375	 44860.90234375
39142752.0	 278.2046813964844	 274.9639892578125	 46308.58984375
39142844.0	 277.3868408203125	 283.356689453125	 47210.96875
39142936.0	 278.1930236816406	 282.4203796386719	 48357.53125
39143032.0	 281.2696533203125	 275.4200439453125	 44025.11328125
39143132.0	 281.665771484375	 290.59423828125	 47732.921875
39143224.0	 286.3703308105469	 296.5964660644531	 47206.46875
39143320.0	 287.0970458984375	 287.117431640625	 48163.26171875
39143416.0	 284.7676696777344	 278.1297302246094	 43376.3125
39143508.0	 285.0511169433594	 278.86566162109375	 42731.734375
39143604.0	 285.93096923828125	 283.8174133300781	 46114.125
39143700.0	 283.5303039550781	 271.7085876464844	 43158.76953125
39143796.0	 285.578369140625	 290.685302734375	 45689.87890625
39143888.0	 288.9080505371094	 275.3888854980469	 42361.51953125
39143984.0	 286.76385498046875	 292.88128662109375	 47631.109375
39144076.0	 285.773681640625	 280.66241455078125	 44757.61328125
39144176.0	 283.8382873535156	 281.7847900390625	 45356.37890625
39144272.0	 283.8208923339844	 291.0328369140625	 46729.625
39144364.0	 281.6780700683594	 269.3316955566406	 43613.18359375
39144460.0	 279.5811462402344	 295.9742736816406	 46677.046875
39144552.0	 288.6316833496094	 269.9659729003906	 43680.25
39144648.0	 283.7955017089844	 264.75335693359375	 43189.4453125
39144744.0	 283.8778381347656	 288.02392578125	 44648.46875
39144840.0	 282.32611083984375	 282.63690185546875	 44529.14453125
39144936.0	 281.3966369628906	 279.7822570800781	 43745.39453125
39145028.0	 277.901611328125	 289.00860595703125	 54288.58984375
39145124.0	 275.5195617675781	 291.464111328125	 48917.34765625
39145220.0	 276.31414794921875	 273.59429931640625	 46100.6875
39145316.0	 270.7682189941406	 277.88861083984375	 50994.55859375
39145408.0	 271.1160583496094	 292.9620666503906	 52233.6953125
39145596.0	 274.781494140625	 313.8984069824219	 68060.6015625
39145696.0	 281.7361145019531	 276.0599670410156	 46913.18359375
39145788.0	 284.5882568359375	 279.27166748046875	 46080.921875
39145884.0	 280.7270202636719	 273.9289245605469	 46694.88671875
39145976.0	 286.6443176269531	 293.5165710449219	 50769.44140625
39146072.0	 290.7846374511719	 282.0147399902344	 45736.69921875
39146168.0	 288.3671875	 278.3429870605469	 43096.05078125
39146264.0	 283.5827941894531	 283.0021667480469	 47210.296875
39146360.0	 283.1654052734375	 277.3244934082031	 48476.00390625
39146452.0	 284.4768371582031	 277.7108154296875	 45277.83203125
39146548.0	 286.7969055175781	 297.72430419921875	 48464.08984375
39146740.0	 285.5437316894531	 290.2826232910156	 47062.91796875
39146836.0	 282.7993469238281	 291.04779052734375	 48153.4453125
39146928.0	 284.39788818359375	 283.8197021484375	 45707.08203125
39147024.0	 284.6776123046875	 279.8471984863281	 46065.72265625
39147116.0	 285.8958435058594	 289.50164794921875	 47685.85546875
39147212.0	 292.2000732421875	 286.0842590332031	 42402.94921875
39147308.0	 285.6062927246094	 284.5066833496094	 45359.00390625
39147404.0	 285.1283874511719	 265.8471374511719	 42700.21875
39147500.0	 277.5821838378906	 279.03961181640625	 54138.359375
39147592.0	 281.08038330078125	 286.4331359863281	 53026.80078125
39147684.0	 273.3056640625	 270.57147216796875	 52634.17578125
39147784.0	 292.7231750488281	 289.1237487792969	 45750.66796875
39147880.0	 292.46368408203125	 287.7449951171875	 41915.5
39147972.0	 290.6746826171875	 283.01361083984375	 43072.02734375
39148064.0	 283.4180908203125	 299.2910461425781	 50861.0625
39148160.0	 297.5965576171875	 278.8716125488281	 41824.328125
39148260.0	 297.38690185546875	 287.78521728515625	 46112.39453125
39148356.0	 294.4091491699219	 276.6480407714844	 42477.7578125
39148448.0	 296.925537109375	 282.7821350097656	 41097.35546875
39148544.0	 297.0549621582031	 286.8079833984375	 45015.2578125
39148732.0	 290.28411865234375	 296.1705627441406	 66065.9296875
39148828.0	 297.65447998046875	 276.1871337890625	 42278.98046875
39148920.0	 302.971435546875	 276.5037841796875	 40589.8359375
39149016.0	 296.8557434082031	 295.2944030761719	 45112.83203125
39149112.0	 302.4743957519531	 294.6543273925781	 45018.70703125
39149204.0	 302.090087890625	 274.81805419921875	 42160.32421875
39149304.0	 302.4569091796875	 278.3541259765625	 42075.328125
39149396.0	 301.8730163574219	 286.8777160644531	 44837.53125
39149492.0	 303.5848083496094	 263.759033203125	 39537.28515625
39149584.0	 304.4344787597656	 291.9038391113281	 45832.21875
39149680.0	 307.3343200683594	 267.91156005859375	 41848.06640625
39149772.0	 309.3186340332031	 274.1167907714844	 44594.75390625
39149872.0	 310.850830078125	 255.84300231933594	 41473.265625
39149968.0	 309.76495361328125	 256.11041259765625	 40234.00390625
39150060.0	 310.9991760253906	 258.4415588378906	 41994.625
39150156.0	 311.556396484375	 259.2266540527344	 43005.67578125
39150248.0	 314.7552490234375	 256.4869384765625	 43424.0625
39150348.0	 312.7332763671875	 247.5595703125	 38439.95703125
39150444.0	 308.8615417480469	 260.255615234375	 41285.43359375
39150536.0	 304.67657470703125	 276.3580322265625	 45497.9921875
39150628.0	 303.4963684082031	 269.79852294921875	 44952.171875
39150724.0	 303.0267333984375	 258.4566345214844	 38940.390625
39150820.0	 294.02630615234375	 295.8857727050781	 45615.25390625
39150916.0	 300.7098388671875	 279.2540283203125	 41761.12890625
39151012.0	 300.5330505371094	 277.8977966308594	 42702.55078125
39151104.0	 299.2475891113281	 285.973388671875	 43184.79296875
39151200.0	 303.0384826660156	 292.4789733886719	 46500.5859375
39151292.0	 306.8638000488281	 273.7583923339844	 43642.32421875
39151392.0	 303.8771057128906	 273.7723083496094	 42541.23828125
39151484.0	 303.0238342285156	 273.7545471191406	 44806.73828125
39151580.0	 301.5494384765625	 273.2640075683594	 41629.29296875
39151676.0	 304.4688720703125	 280.1544189453125	 42212.66015625
39151864.0	 299.97601318359375	 272.7684631347656	 41170.75390625
39151960.0	 299.9960021972656	 286.41961669921875	 45032.03515625
39152056.0	 298.91668701171875	 283.2216796875	 43793.421875
39152148.0	 300.36126708984375	 280.6211853027344	 42589.5625
39152244.0	 300.5527038574219	 280.5436706542969	 45136.0625
39152340.0	 302.0862121582031	 276.4261169433594	 43057.9453125
39152436.0	 300.9725036621094	 275.49481201171875	 41617.87890625
39152532.0	 301.79217529296875	 279.28326416015625	 42201.37109375
39152624.0	 299.2843933105469	 283.7753601074219	 43615.0703125
39152812.0	 298.4371643066406	 280.5191955566406	 40120.71875
39152908.0	 298.00628662109375	 286.4455261230469	 46761.97265625
39153004.0	 300.704345703125	 274.9732666015625	 41820.796875
39153100.0	 299.0301208496094	 273.00439453125	 39110.26171875
39153192.0	 298.7290344238281	 274.788818359375	 39018.7421875
39153288.0	 302.6685791015625	 285.4276123046875	 43813.17578125
39153384.0	 302.9440002441406	 277.91314697265625	 42144.3359375
39153476.0	 298.63739013671875	 271.3045349121094	 38282.39453125
39153576.0	 298.9180603027344	 290.99407958984375	 44891.66015625
39153672.0	 301.88409423828125	 286.094482421875	 47788.890625
39153764.0	 300.2166748046875	 276.53265380859375	 41805.90234375
39153856.0	 299.583251953125	 277.93743896484375	 41637.74609375
39153952.0	 300.6389465332031	 280.48907470703125	 45026.01171875
39154048.0	 297.4521179199219	 276.5324401855469	 43780.6875
39154144.0	 298.4664611816406	 288.4307861328125	 47241.25390625
39154240.0	 305.35614013671875	 265.5453186035156	 41040.53515625
39154332.0	 302.64422607421875	 260.13482666015625	 38890.6171875
39154428.0	 297.5650939941406	 277.665283203125	 41771.1171875
39154520.0	 298.7283020019531	 286.7261962890625	 41948.26171875
39154620.0	 300.7483215332031	 287.6717224121094	 43584.84765625
39154712.0	 301.19189453125	 277.600341796875	 40752.58203125
39154808.0	 302.72796630859375	 279.7660217285156	 43101.421875
39154996.0	 300.4569396972656	 283.43292236328125	 39797.1796875
39155096.0	 303.9455261230469	 273.3538513183594	 41773.42578125
39155188.0	 300.82293701171875	 278.6106262207031	 44017.6328125
39155284.0	 304.6257019042969	 267.7841796875	 42181.9140625
39155376.0	 304.5290222167969	 277.5960693359375	 44498.51953125
39155472.0	 302.8665466308594	 265.7242736816406	 41372.5078125
39155568.0	 300.696044921875	 282.9232177734375	 45218.875
39155664.0	 300.3603820800781	 284.09918212890625	 43304.62890625
39155760.0	 300.22711181640625	 283.78253173828125	 45600.4375
39155852.0	 300.7439270019531	 267.67437744140625	 37677.8125
39155948.0	 299.9128112792969	 281.9812927246094	 45773.43359375
39156040.0	 300.2158508300781	 273.0696716308594	 41663.4375
39156132.0	 300.02203369140625	 269.2892150878906	 41353.5
39156232.0	 304.76629638671875	 275.7594299316406	 40715.18359375
39156328.0	 302.8505859375	 280.4862365722656	 43766.08203125
39156420.0	 298.2206726074219	 266.3994140625	 39350.8671875
39156516.0	 298.9777526855469	 277.6945495605469	 41123.5390625
39156612.0	 298.37689208984375	 283.4537658691406	 42499.6484375
39156708.0	 297.7822265625	 282.84796142578125	 42669.59765625
39156804.0	 296.9170227050781	 288.37310791015625	 43198.46875
39156896.0	 296.15447998046875	 283.9436950683594	 42177.40234375
39156992.0	 297.0419006347656	 278.9400634765625	 41741.84375
39157088.0	 297.9524230957031	 273.1168518066406	 37234.33984375
39157180.0	 297.691650390625	 280.56634521484375	 40105.6484375
39157276.0	 298.7046813964844	 269.17938232421875	 39365.48828125
39157372.0	 295.0169677734375	 275.1381530761719	 40789.953125
39157468.0	 291.4494323730469	 285.158203125	 44096.21484375
39157560.0	 292.9851379394531	 295.7384033203125	 46236.54296875
39157652.0	 296.9241638183594	 284.623779296875	 42215.84765625
39157748.0	 295.13470458984375	 290.48004150390625	 43563.1328125
39157844.0	 293.9297790527344	 285.8763732910156	 45234.0
39157940.0	 304.9083251953125	 280.047119140625	 44195.87109375
39158128.0	 298.3718566894531	 270.4818420410156	 35975.79296875
39158224.0	 297.7977294921875	 287.9605407714844	 42502.1171875
39158324.0	 316.6841735839844	 304.87200927734375	 62773.203125
39158416.0	 316.14373779296875	 258.48284912109375	 58908.01171875
39158512.0	 316.1983947753906	 278.357666015625	 46460.37109375
39158604.0	 307.0344543457031	 267.87066650390625	 42570.46484375
39158700.0	 301.6290588378906	 260.00750732421875	 45181.23046875
39158892.0	 298.0151062011719	 285.0254211425781	 43364.16015625
39158984.0	 297.95147705078125	 282.8364562988281	 42347.71484375
39159080.0	 298.5258483886719	 286.1439208984375	 41653.1171875
39159172.0	 298.5364074707031	 289.2595520019531	 43233.44921875
39159268.0	 299.6996154785156	 277.19866943359375	 42476.80859375
39159364.0	 296.818603515625	 293.31866455078125	 44887.796875
39159460.0	 296.2723693847656	 285.51123046875	 45347.71875
39159556.0	 297.7071228027344	 282.938720703125	 43192.17578125
39159652.0	 296.8392639160156	 277.96533203125	 44765.84765625
39159744.0	 296.3341979980469	 279.5202331542969	 41211.484375
39159836.0	 296.8941955566406	 287.4953918457031	 43287.84765625
39159936.0	 294.6722106933594	 292.36370849609375	 44214.69140625
39160032.0	 299.6649169921875	 292.5534973144531	 42602.015625
39160124.0	 299.4752502441406	 279.10546875	 37032.3828125
39160220.0	 296.4106750488281	 294.4913330078125	 41969.36328125
39160312.0	 295.55633544921875	 290.71728515625	 46111.3203125
39160408.0	 297.4953308105469	 265.0699768066406	 41081.94921875
39160504.0	 293.9017028808594	 293.0000915527344	 45910.48046875
39160600.0	 295.7249450683594	 292.132080078125	 43205.5859375
39160692.0	 295.9867858886719	 281.24749755859375	 42861.078125
39160788.0	 296.2752380371094	 296.92120361328125	 44109.2578125
39160884.0	 293.1406555175781	 282.0595397949219	 47739.73828125
39160976.0	 297.6894836425781	 292.90997314453125	 45452.4453125
39161076.0	 292.39599609375	 298.0865478515625	 56136.90234375
39161264.0	 296.6185302734375	 282.533203125	 42431.796875
39161356.0	 296.3005676269531	 284.9144592285156	 43145.4765625
39161452.0	 297.4278564453125	 283.4000549316406	 42805.64453125
39161548.0	 297.6920166015625	 287.98870849609375	 47340.48828125
39161644.0	 297.29302978515625	 279.03533935546875	 42191.46484375
39161740.0	 297.9505920410156	 280.0298767089844	 43789.1953125
39161832.0	 296.5412902832031	 292.13702392578125	 53212.66796875
39161928.0	 299.4906921386719	 287.37786865234375	 43810.8984375
39162024.0	 298.7589111328125	 287.7480773925781	 44998.25
39162116.0	 298.6944885253906	 281.5867919921875	 45559.4140625
39162212.0	 299.4349365234375	 288.5054931640625	 45093.90234375
39162308.0	 299.8260192871094	 288.95367431640625	 43143.34765625
39162400.0	 299.0273132324219	 281.3785095214844	 45866.83203125
39162496.0	 300.6181945800781	 283.41082763671875	 44066.07421875
39162592.0	 298.69775390625	 287.4905700683594	 41828.16015625
39162784.0	 300.27252197265625	 274.6425476074219	 42011.26953125
39162876.0	 299.999267578125	 283.35540771484375	 44531.171875
39162968.0	 297.83660888671875	 293.3375244140625	 47986.734375
39163064.0	 296.21728515625	 282.7982177734375	 42148.58203125
39163160.0	 293.6137390136719	 296.6689758300781	 43926.32421875
39163256.0	 292.99444580078125	 290.1966247558594	 40318.1796875
39163352.0	 298.5411682128906	 302.3477783203125	 43258.52734375
39163448.0	 296.0799560546875	 277.1239013671875	 40530.859375
39163540.0	 291.7622985839844	 325.9822998046875	 48300.69140625
39163636.0	 296.802490234375	 299.4812316894531	 43180.4453125
39163732.0	 294.0129089355469	 287.56561279296875	 41687.4296875
39163828.0	 284.83837890625	 270.3872375488281	 39299.3828125
39163924.0	 287.8926086425781	 295.62042236328125	 45251.6875
39164016.0	 288.74237060546875	 291.4495544433594	 45285.73828125
39164108.0	 292.7114562988281	 298.65631103515625	 43305.55859375
39164204.0	 288.33416748046875	 284.7742919921875	 43139.265625
39164396.0	 297.73956298828125	 308.08660888671875	 51115.4609375
39164492.0	 304.32269287109375	 283.9961853027344	 43546.5078125
39164584.0	 299.5843811035156	 293.26959228515625	 47444.94921875
39164680.0	 301.2257385253906	 278.2882995605469	 42242.1640625
39164772.0	 298.2764892578125	 294.41986083984375	 45408.23046875
39164964.0	 298.98907470703125	 288.76580810546875	 42982.23828125
39165060.0	 299.859619140625	 286.2336730957031	 41561.1875
39165156.0	 301.3175964355469	 292.97344970703125	 42280.1796875
39165248.0	 298.95281982421875	 296.3537902832031	 45825.8046875
39165344.0	 299.9914855957031	 287.9698181152344	 41084.546875
39165444.0	 297.5666198730469	 289.0162658691406	 40719.69140625
39165536.0	 296.4593200683594	 297.8222961425781	 44881.48046875
39165632.0	 295.03741455078125	 296.0782470703125	 45441.921875
39165724.0	 293.9431457519531	 298.18841552734375	 45672.00390625
39165816.0	 296.500244140625	 287.5216369628906	 47313.2421875
39165912.0	 298.3765563964844	 279.14093017578125	 39604.23046875
39166008.0	 297.5162658691406	 285.2304992675781	 43360.6953125
39166104.0	 295.746826171875	 298.6860046386719	 43716.6953125
39166200.0	 294.85107421875	 281.8802795410156	 41781.94921875
39166292.0	 295.83050537109375	 281.2149658203125	 40552.2890625
39166388.0	 295.48114013671875	 285.3563232421875	 42632.0546875
39166484.0	 299.11224365234375	 295.3438720703125	 46899.30078125
39166580.0	 296.7433166503906	 299.8866271972656	 50665.26171875
39166676.0	 297.3993835449219	 283.6689147949219	 41735.68359375
39166772.0	 293.9956359863281	 282.12786865234375	 41907.56640625
39166864.0	 294.94219970703125	 288.19696044921875	 43409.12890625
39166956.0	 291.8199157714844	 288.1110534667969	 44860.56640625
39167056.0	 292.7491455078125	 293.5419921875	 46974.24609375
39167152.0	 292.9714050292969	 293.5232849121094	 46251.83203125
39167244.0	 292.6233825683594	 284.44036865234375	 42957.19921875
39167340.0	 293.01025390625	 290.5936584472656	 45063.984375
39167524.0	 290.0553283691406	 293.3631591796875	 60814.9609375
39167624.0	 289.7308044433594	 294.2913513183594	 47249.53515625
39167716.0	 291.345947265625	 298.923095703125	 50001.91796875
39167812.0	 293.7032165527344	 281.3290100097656	 40106.859375
39167908.0	 290.2253112792969	 281.12127685546875	 43093.51953125
