START:	 57.00000000000027
END:	 57.20000000000027

r [km]	 vr [km/s]	 np [cm-3]	 T [K]
39654916.0	 304.60260009765625	 495.2953186035156	 63310.8671875
39655004.0	 304.5614318847656	 496.8669128417969	 63267.74609375
39655092.0	 304.5043640136719	 497.0093078613281	 62400.40234375
39655184.0	 304.3394775390625	 497.60711669921875	 63159.2421875
39655272.0	 304.2955627441406	 497.8961181640625	 63313.1640625
39655360.0	 304.30914306640625	 496.8636474609375	 63687.1171875
39655448.0	 304.36065673828125	 495.5704040527344	 62792.76953125
39655540.0	 304.38555908203125	 495.36224365234375	 63330.87109375
39655628.0	 304.5262451171875	 497.59942626953125	 64022.89453125
39655716.0	 304.2906188964844	 500.6260070800781	 64991.46484375
39655808.0	 304.273193359375	 499.93719482421875	 65012.80078125
39655896.0	 304.58624267578125	 496.25262451171875	 63310.62890625
39655984.0	 304.7028503417969	 493.11395263671875	 62346.29296875
39656076.0	 304.4942321777344	 496.9520263671875	 65612.3046875
39656160.0	 304.5795593261719	 496.0117492675781	 64143.93359375
39656248.0	 304.7306823730469	 497.5403137207031	 64682.9140625
39656340.0	 304.2247314453125	 498.2421875	 66124.3984375
39656432.0	 304.28521728515625	 497.477294921875	 63845.09765625
39656520.0	 304.1840515136719	 497.13311767578125	 64519.62109375
39656608.0	 304.503662109375	 495.5483703613281	 63564.37109375
39656696.0	 304.2390441894531	 498.19586181640625	 65617.03125
39656784.0	 304.0588684082031	 496.2449035644531	 64573.93359375
39656876.0	 304.249755859375	 496.21649169921875	 65971.5859375
39656964.0	 303.69622802734375	 503.10845947265625	 66652.8046875
39657144.0	 305.0729064941406	 488.4642333984375	 59449.48046875
39657236.0	 303.9519348144531	 499.4770812988281	 65008.60546875
39657324.0	 304.413330078125	 491.64263916015625	 62023.05078125
39657412.0	 304.2381591796875	 498.92987060546875	 64561.5546875
39657500.0	 303.8994140625	 502.89642333984375	 66196.2890625
39657588.0	 304.1761169433594	 497.0797424316406	 64055.66796875
39657676.0	 303.76580810546875	 498.9564514160156	 65963.5859375
39657772.0	 304.2768859863281	 493.3782653808594	 61964.91015625
39657860.0	 304.15435791015625	 500.78857421875	 65886.3515625
39657948.0	 304.13494873046875	 495.8053894042969	 66652.6171875
39658036.0	 304.66033935546875	 494.70098876953125	 64328.44140625
39658128.0	 304.1646728515625	 500.7143249511719	 63739.11328125
39658212.0	 304.78985595703125	 493.00872802734375	 63214.54296875
39658300.0	 304.3546142578125	 496.0157165527344	 64958.84765625
39658392.0	 304.3018493652344	 499.106201171875	 64527.94921875
39658484.0	 304.7594299316406	 491.6409912109375	 63096.6796875
39658572.0	 304.9451904296875	 495.474365234375	 64456.53515625
39658660.0	 304.70391845703125	 493.506103515625	 64606.9140625
39658748.0	 304.9922180175781	 493.6025085449219	 63435.703125
39658836.0	 305.26727294921875	 491.861083984375	 63006.765625
39658928.0	 304.7010803222656	 491.9800720214844	 66817.3984375
39659016.0	 304.8961486816406	 493.91796875	 64137.859375
39659108.0	 304.91943359375	 496.8941650390625	 64822.9609375
39659196.0	 305.41131591796875	 496.34515380859375	 65524.83984375
39659284.0	 305.4571533203125	 492.33355712890625	 63497.9453125
39659372.0	 305.5103759765625	 492.92083740234375	 63859.74609375
39659464.0	 305.3870849609375	 493.2889709472656	 64954.0703125
39659552.0	 305.5486145019531	 493.584716796875	 65714.6171875
39659640.0	 305.3043212890625	 492.0891418457031	 64992.55078125
39659732.0	 305.7682189941406	 489.4315185546875	 63472.34765625
39659820.0	 305.5715637207031	 490.92071533203125	 64595.9375
39659908.0	 305.8908386230469	 489.3116149902344	 64611.59765625
39660088.0	 305.14794921875	 485.09503173828125	 62523.015625
39660176.0	 304.52105712890625	 494.2672119140625	 64899.484375
39660264.0	 305.0014343261719	 491.4773864746094	 64407.828125
39660352.0	 304.78863525390625	 491.3148498535156	 63644.5546875
39660444.0	 304.8150939941406	 496.6441955566406	 66596.8046875
39660532.0	 304.9363098144531	 490.99127197265625	 64526.09375
39660620.0	 304.8372497558594	 495.31634521484375	 65641.0625
39660712.0	 304.419189453125	 494.89239501953125	 65631.375
39660800.0	 304.6681823730469	 495.7401428222656	 65053.7890625
39660888.0	 304.4969787597656	 498.2724914550781	 65406.5078125
39660976.0	 304.6142272949219	 490.9957580566406	 62585.78515625
39661068.0	 303.5581359863281	 498.6123962402344	 67238.546875
39661160.0	 304.4165344238281	 494.46295166015625	 65133.41796875
39661248.0	 304.30987548828125	 497.8228454589844	 66325.4296875
39661336.0	 304.3896484375	 495.1944885253906	 63840.44921875
39661424.0	 304.921630859375	 493.74676513671875	 64780.265625
39661512.0	 304.97332763671875	 492.5973205566406	 64059.63671875
39661600.0	 304.81878662109375	 487.3781433105469	 63765.65625
39661692.0	 305.0177917480469	 492.4870910644531	 64318.15234375
39661784.0	 305.68914794921875	 486.4383239746094	 62877.01953125
39661872.0	 305.2826843261719	 492.30517578125	 63586.515625
39661964.0	 304.84625244140625	 491.92205810546875	 66243.9609375
39662052.0	 304.7699279785156	 493.88140869140625	 65739.5078125
39662140.0	 304.8749694824219	 495.55316162109375	 64812.17578125
39662228.0	 304.70428466796875	 497.451416015625	 66166.7578125
39662316.0	 305.1689758300781	 492.83782958984375	 66290.8671875
39662404.0	 304.9042053222656	 493.2640075683594	 66005.9140625
39662500.0	 304.9380798339844	 494.0731201171875	 68123.9375
39662584.0	 305.1711120605469	 490.561767578125	 65992.5078125
39662672.0	 305.3908386230469	 494.34857177734375	 65653.7109375
39662764.0	 305.37078857421875	 490.0757141113281	 65667.3046875
39662852.0	 305.1101989746094	 492.96221923828125	 67346.375
39663028.0	 306.23974609375	 477.4435119628906	 61763.54296875
39663120.0	 305.7219543457031	 486.88482666015625	 62892.6328125
39663208.0	 305.6874084472656	 489.15045166015625	 64259.6171875
39663300.0	 305.3371276855469	 495.7395935058594	 67670.5703125
39663388.0	 305.7560729980469	 495.63604736328125	 67088.0078125
39663476.0	 306.15472412109375	 487.5506286621094	 64167.15625
39663564.0	 305.7172546386719	 486.76434326171875	 65481.578125
39663656.0	 305.8623046875	 488.9775390625	 65838.328125
39663740.0	 306.32354736328125	 485.6929016113281	 63399.6484375
39663832.0	 305.891357421875	 488.49737548828125	 65564.3046875
39663924.0	 305.9215393066406	 492.55987548828125	 63448.94921875
39664012.0	 305.6165466308594	 493.3945617675781	 66137.8125
39664100.0	 305.840576171875	 487.7528076171875	 64155.84375
39664192.0	 305.5770263671875	 495.1654052734375	 66546.6484375
39664280.0	 305.5628967285156	 494.455078125	 67086.25
39664368.0	 305.24041748046875	 496.0660095214844	 67038.6484375
39664456.0	 305.27276611328125	 496.3340148925781	 68095.640625
39664548.0	 305.62548828125	 492.93719482421875	 66671.921875
39664636.0	 306.04266357421875	 489.1864013671875	 65445.1875
39664728.0	 305.9459533691406	 492.0815734863281	 65909.4296875
39664816.0	 305.5695495605469	 493.1644287109375	 67058.4453125
39664904.0	 305.8515930175781	 489.91937255859375	 63846.22265625
39664992.0	 305.4455871582031	 493.96392822265625	 66785.421875
39665080.0	 305.6098937988281	 487.69793701171875	 64756.83203125
39665168.0	 305.4921569824219	 495.3197021484375	 67176.453125
39665260.0	 305.9766845703125	 492.0061950683594	 64550.546875
39665348.0	 305.85040283203125	 489.5447692871094	 64090.72265625
39665440.0	 305.7389831542969	 495.47998046875	 66527.78125
39665528.0	 305.951171875	 489.7563171386719	 64423.1875
39665616.0	 305.7350769042969	 491.8903503417969	 65205.98828125
39665704.0	 305.4310607910156	 495.16229248046875	 65353.39453125
39665792.0	 305.1861267089844	 493.3955993652344	 67989.9765625
39665976.0	 305.7198486328125	 483.7222900390625	 63269.86328125
39666064.0	 305.42877197265625	 490.2862548828125	 64934.81640625
39666152.0	 305.2630615234375	 491.8537292480469	 66777.59375
39666240.0	 305.1525573730469	 490.5660705566406	 66595.765625
39666328.0	 304.65875244140625	 496.160888671875	 66990.265625
39666420.0	 305.21087646484375	 492.9756164550781	 63373.70703125
39666508.0	 305.7064208984375	 484.6477966308594	 63409.18359375
39666600.0	 304.9021301269531	 492.48895263671875	 68129.0625
39666688.0	 305.1362609863281	 494.7275085449219	 65533.2578125
39666776.0	 305.539794921875	 492.8768005371094	 65149.0625
39666864.0	 305.0513000488281	 492.76995849609375	 66554.2890625
39666956.0	 305.2634582519531	 490.1672058105469	 65182.7109375
39667044.0	 305.31317138671875	 492.6752624511719	 66352.2265625
39667132.0	 305.90869140625	 487.2309265136719	 63895.04296875
39667220.0	 305.88153076171875	 486.9534606933594	 64187.6796875
39667312.0	 305.9402770996094	 485.8625183105469	 63610.67578125
39667400.0	 305.830078125	 491.5180969238281	 65287.0859375
39667488.0	 305.483642578125	 494.3531799316406	 67086.1796875
39667576.0	 305.3565368652344	 492.51123046875	 66623.75
39667668.0	 305.733642578125	 490.1021423339844	 63627.82421875
39667756.0	 305.3915710449219	 492.0982666015625	 66730.515625
39667844.0	 305.5867919921875	 491.75750732421875	 66393.0
39667932.0	 305.0504455566406	 491.4714050292969	 66629.8515625
39668024.0	 305.0182189941406	 492.2663879394531	 66248.328125
39668112.0	 305.5904846191406	 492.7019958496094	 65026.046875
39668204.0	 305.3351135253906	 492.5438537597656	 65137.55078125
39668292.0	 305.9332275390625	 482.78851318359375	 63551.12890625
39668380.0	 305.7047119140625	 488.3912048339844	 65744.171875
39668468.0	 305.30218505859375	 492.1658935546875	 66583.8046875
39668560.0	 305.96270751953125	 492.12890625	 66267.3046875
39668648.0	 305.8460388183594	 489.8135986328125	 66201.25
39668740.0	 305.7210388183594	 490.4486389160156	 65870.71875
39668916.0	 305.6421203613281	 487.30126953125	 63255.8984375
39669004.0	 305.5272521972656	 494.1912841796875	 66596.5234375
39669096.0	 306.0741271972656	 488.2132873535156	 64999.06640625
39669184.0	 305.7188415527344	 492.56378173828125	 65335.3515625
39669272.0	 305.8141174316406	 492.7920837402344	 65820.625
39669360.0	 305.60736083984375	 489.2555236816406	 64575.6640625
39669452.0	 305.0789794921875	 491.0072326660156	 65285.6171875
39669540.0	 304.75665283203125	 494.9476623535156	 66882.5078125
39669632.0	 304.9376220703125	 494.3104248046875	 67050.3203125
39669720.0	 305.1270751953125	 491.09417724609375	 65682.1015625
39669808.0	 304.8469543457031	 488.2868957519531	 64625.8984375
39669896.0	 304.67840576171875	 493.2725524902344	 65994.5625
39669988.0	 304.1996154785156	 496.5774841308594	 67196.5859375
39670072.0	 304.0032043457031	 501.4149475097656	 69872.6953125
39670164.0	 304.7438659667969	 494.2132568359375	 65897.796875
39670252.0	 304.5944519042969	 494.9366760253906	 65712.75
39670344.0	 304.44720458984375	 486.57476806640625	 64700.1171875
39670432.0	 304.2596740722656	 491.7809143066406	 65936.84375
39670520.0	 304.24786376953125	 492.5867614746094	 65887.7109375
39670608.0	 304.48297119140625	 490.9676513671875	 64577.92578125
39670696.0	 304.28729248046875	 493.7702331542969	 68769.21875
39670788.0	 305.35772705078125	 490.6531066894531	 64572.1875
39670880.0	 304.853515625	 495.2681884765625	 66249.6953125
39670968.0	 304.8341979980469	 493.5737609863281	 66947.734375
39671060.0	 304.6460876464844	 496.02783203125	 67047.953125
39671148.0	 305.47235107421875	 494.0331115722656	 65786.484375
39671236.0	 304.9112854003906	 496.0132751464844	 66908.0234375
39671324.0	 304.5110778808594	 493.9505310058594	 64670.12109375
39671412.0	 305.0710144042969	 492.8987731933594	 65383.41796875
39671500.0	 305.79083251953125	 481.2205505371094	 61666.3515625
39671592.0	 304.7178955078125	 490.77496337890625	 66819.671875
39671680.0	 305.1979064941406	 489.575927734375	 64383.81640625
39671860.0	 304.9629821777344	 486.7552185058594	 62473.5546875
39671948.0	 304.720703125	 491.3060302734375	 64964.96875
39672036.0	 304.3755798339844	 493.75677490234375	 66394.953125
39672124.0	 304.2159729003906	 494.2935485839844	 67145.5078125
39672216.0	 304.0814514160156	 496.9902038574219	 68140.4375
39672308.0	 304.2691955566406	 494.01666259765625	 65475.7578125
39672396.0	 304.4023132324219	 492.04461669921875	 64683.796875
39672484.0	 303.8785400390625	 497.0442810058594	 68595.625
39672572.0	 303.9057312011719	 494.8163757324219	 67414.171875
39672660.0	 303.8450927734375	 493.4986877441406	 66232.1171875
39672752.0	 303.9804992675781	 499.89324951171875	 67753.8203125
39672836.0	 304.182861328125	 495.139404296875	 65969.6796875
39672928.0	 304.2648620605469	 497.2856140136719	 65649.0234375
39673020.0	 303.6148681640625	 492.9192199707031	 66168.828125
39673108.0	 303.7833557128906	 501.78472900390625	 67887.7421875
39673196.0	 303.78558349609375	 494.32403564453125	 65402.05078125
39673288.0	 304.0997619628906	 494.42333984375	 65328.96484375
39673376.0	 304.2313232421875	 492.8470764160156	 65064.0234375
39673464.0	 304.33306884765625	 490.8899230957031	 64202.59765625
39673552.0	 304.0036926269531	 495.7054443359375	 65238.234375
39673644.0	 303.7564697265625	 492.896728515625	 64922.32421875
39673736.0	 303.6651916503906	 495.5472412109375	 66815.9609375
39673824.0	 303.91064453125	 497.02532958984375	 66191.90625
39673912.0	 303.64923095703125	 497.41290283203125	 67066.15625
39674000.0	 304.31536865234375	 494.6566467285156	 64482.98046875
39674088.0	 303.7720642089844	 491.48382568359375	 65110.015625
39674180.0	 303.5857238769531	 496.5234069824219	 65754.953125
39674264.0	 303.23583984375	 493.07586669921875	 65203.5
39674356.0	 303.4395446777344	 493.8639221191406	 66426.625
39674444.0	 303.39801025390625	 499.0967712402344	 67557.2734375
39674536.0	 303.46575927734375	 493.29888916015625	 66865.7421875
39674624.0	 303.985107421875	 499.620361328125	 68257.421875
39674800.0	 305.3002014160156	 487.3961181640625	 62510.54296875
39674892.0	 304.4484558105469	 494.8207092285156	 66859.765625
39674980.0	 304.9045104980469	 486.72607421875	 64597.328125
39675068.0	 304.71697998046875	 490.1845703125	 66480.8046875
39675160.0	 304.59906005859375	 493.00042724609375	 66155.796875
39675248.0	 304.765625	 494.94342041015625	 66590.984375
39675336.0	 304.9818115234375	 485.7288818359375	 63872.84375
39675428.0	 304.77203369140625	 487.02667236328125	 64603.58203125
39675516.0	 304.19171142578125	 496.19207763671875	 67125.7421875
39675604.0	 304.0799560546875	 491.90753173828125	 65436.1640625
39675692.0	 304.2781677246094	 494.4486389160156	 65179.96875
39675780.0	 304.593994140625	 488.6706848144531	 64841.8984375
39675872.0	 304.6283874511719	 491.9481506347656	 66769.328125
39675964.0	 304.7527160644531	 487.1569519042969	 63866.8984375
39676052.0	 304.12890625	 494.5439147949219	 65717.84375
39676140.0	 304.6048583984375	 489.2900695800781	 65835.7421875
39676228.0	 304.04205322265625	 493.180908203125	 65934.5078125
39676316.0	 305.0537109375	 493.3719787597656	 65296.84375
39676404.0	 305.0685119628906	 491.73388671875	 65861.078125
39676496.0	 304.94293212890625	 492.4157409667969	 67070.28125
39676584.0	 304.99432373046875	 491.2357482910156	 66501.3671875
39676676.0	 304.9117431640625	 489.55902099609375	 64778.09375
39676764.0	 304.34967041015625	 492.2588806152344	 64779.6484375
39676856.0	 304.22344970703125	 489.22833251953125	 65188.26953125
39676944.0	 304.7426452636719	 489.3189697265625	 63522.63671875
39677032.0	 304.87042236328125	 487.1903076171875	 63584.24609375
39677120.0	 304.025634765625	 495.7323913574219	 67970.2578125
39677208.0	 304.37890625	 492.69677734375	 67246.9375
39677296.0	 304.7060241699219	 490.3169250488281	 65368.3515625
39677388.0	 304.3563232421875	 493.9841003417969	 65353.640625
39677476.0	 304.58074951171875	 498.81536865234375	 67555.6328125
39677568.0	 305.1844177246094	 490.4541320800781	 65360.09765625
39677744.0	 303.7978210449219	 488.26025390625	 61850.66015625
39677832.0	 303.8858947753906	 492.7440490722656	 62992.7109375
39677924.0	 304.44073486328125	 486.2803955078125	 63599.63671875
39678012.0	 304.3398132324219	 490.90582275390625	 63917.0234375
39678104.0	 303.9390563964844	 489.9440612792969	 65715.4453125
39678192.0	 303.8195495605469	 490.73443603515625	 66101.4921875
39678280.0	 304.19561767578125	 490.40496826171875	 65349.546875
39678368.0	 303.6990966796875	 488.8593444824219	 65104.7890625
39678460.0	 304.2794494628906	 491.2760009765625	 64222.9140625
39678548.0	 303.48126220703125	 496.5946350097656	 66293.9140625
39678636.0	 303.97821044921875	 490.1483154296875	 64714.96875
39678724.0	 304.03509521484375	 487.7649230957031	 63767.88671875
39678812.0	 303.5455627441406	 493.7685241699219	 66180.1640625
39678904.0	 304.24658203125	 490.7674255371094	 64358.96875
39678992.0	 304.01116943359375	 487.3819274902344	 63177.83203125
39679080.0	 303.89617919921875	 486.518798828125	 63413.96875
39679172.0	 303.6385192871094	 490.4129943847656	 66191.8046875
39679260.0	 303.2168884277344	 496.0111999511719	 67791.7734375
39679348.0	 303.7557067871094	 488.5388488769531	 63465.7421875
39679436.0	 303.73736572265625	 488.2332458496094	 66751.5859375
39679528.0	 303.86798095703125	 488.2502746582031	 65016.28125
39679616.0	 304.1315002441406	 490.74114990234375	 64946.55859375
39679708.0	 303.97955322265625	 490.91168212890625	 66375.453125
39679796.0	 303.58135986328125	 492.27239990234375	 66643.4921875
39679884.0	 303.7489318847656	 489.9342956542969	 64616.82421875
39679972.0	 302.46221923828125	 491.4441833496094	 66624.8671875
39680064.0	 302.8184509277344	 493.9806213378906	 66696.75
39680152.0	 303.363037109375	 494.9561767578125	 67611.2421875
39680240.0	 303.077880859375	 493.55511474609375	 67202.8125
39680332.0	 303.5455627441406	 497.12591552734375	 65621.9375
39680424.0	 303.2454833984375	 497.152587890625	 68398.59375
39680508.0	 303.83197021484375	 490.4195556640625	 63874.75390625
39680688.0	 304.3388366699219	 481.76104736328125	 61412.546875
39680776.0	 303.6695251464844	 495.12261962890625	 66605.125
39680864.0	 303.49273681640625	 492.14239501953125	 65588.03125
39680952.0	 303.564453125	 492.575927734375	 66543.6953125
39681040.0	 304.0122985839844	 491.001220703125	 63086.7734375
39681136.0	 303.40020751953125	 495.0661315917969	 67715.328125
39681224.0	 303.82666015625	 483.95013427734375	 62437.4609375
39681312.0	 303.61627197265625	 494.66033935546875	 65386.7421875
39681400.0	 303.49542236328125	 487.8899841308594	 64429.71484375
39681488.0	 303.6292419433594	 490.2626953125	 63562.28125
39681576.0	 303.6041259765625	 488.8865051269531	 64345.3359375
39681668.0	 303.44415283203125	 492.69573974609375	 66671.328125
39681756.0	 303.82928466796875	 491.1214294433594	 64155.73828125
39681848.0	 303.0931091308594	 490.8404235839844	 64631.09765625
39681936.0	 302.9949951171875	 495.3575744628906	 66230.8203125
39682028.0	 303.7592468261719	 491.75396728515625	 66077.609375
39682112.0	 303.9395751953125	 489.2586364746094	 63721.55078125
39682204.0	 303.3957214355469	 493.7679748535156	 66763.640625
39682292.0	 304.07513427734375	 486.8836669921875	 65808.5078125
39682380.0	 303.22918701171875	 488.20416259765625	 65074.31640625
39682468.0	 303.39630126953125	 494.0589599609375	 67476.875
39682560.0	 304.4268798828125	 489.6858825683594	 65550.5546875
39682652.0	 304.51629638671875	 487.34844970703125	 64608.0390625
39682740.0	 303.5661926269531	 491.72900390625	 65783.2109375
39682828.0	 303.5588684082031	 492.8802185058594	 66647.5
39682916.0	 303.34228515625	 488.7583923339844	 66171.84375
39683004.0	 303.5049133300781	 494.7766418457031	 64931.19140625
39683096.0	 303.3733215332031	 492.9884948730469	 64752.5703125
39683184.0	 303.4449157714844	 496.2756652832031	 65203.74609375
39683272.0	 302.7110595703125	 495.7957458496094	 69540.421875
39683360.0	 303.1683654785156	 493.52532958984375	 65033.1171875
39683452.0	 302.36676025390625	 495.5243225097656	 67114.609375
39683632.0	 302.7341003417969	 487.9068908691406	 62015.15625
39683720.0	 300.98394775390625	 507.8841857910156	 70491.234375
39683808.0	 301.30926513671875	 500.3036193847656	 69753.1640625
39683896.0	 301.8872985839844	 499.845703125	 67780.359375
39683988.0	 301.6407165527344	 503.3893127441406	 70099.375
39684072.0	 302.21270751953125	 497.67974853515625	 67124.4140625
39684164.0	 301.6938171386719	 504.98681640625	 71604.5390625
39684252.0	 301.86968994140625	 502.2769775390625	 70386.46875
39684344.0	 302.36529541015625	 496.62860107421875	 68352.0859375
39684432.0	 302.0224609375	 501.3134765625	 69958.15625
39684520.0	 302.6043395996094	 493.9395751953125	 67996.765625
39684612.0	 302.46563720703125	 498.3798828125	 68762.078125
39684700.0	 302.4341125488281	 498.2956848144531	 68428.2109375
39684788.0	 302.3970031738281	 497.3050231933594	 68986.375
39684876.0	 301.9585266113281	 494.164794921875	 68262.6640625
39684972.0	 301.6846008300781	 498.1063537597656	 70114.5390625
39685060.0	 302.33892822265625	 498.8634338378906	 67279.484375
39685148.0	 302.6257629394531	 497.22247314453125	 66884.2578125
39685236.0	 302.2586669921875	 501.8863525390625	 67974.15625
39685324.0	 301.8623962402344	 501.4382019042969	 69174.7578125
39685412.0	 301.6816101074219	 500.45233154296875	 70527.1484375
39685500.0	 301.7857971191406	 502.2121276855469	 68675.8203125
39685592.0	 302.3805236816406	 499.022216796875	 67737.9375
39685680.0	 302.3946533203125	 493.05145263671875	 66782.34375
39685772.0	 302.39398193359375	 489.9630126953125	 67281.1328125
39685860.0	 302.14788818359375	 496.1856384277344	 69428.3203125
39685948.0	 302.9273986816406	 490.2919006347656	 67025.4765625
39686036.0	 302.48101806640625	 497.3869934082031	 70395.53125
39686124.0	 302.295654296875	 497.19879150390625	 67681.8046875
39686212.0	 302.36859130859375	 499.7316589355469	 70288.546875
39686304.0	 302.53277587890625	 495.0403137207031	 67350.2265625
39686392.0	 302.6104431152344	 495.6008605957031	 67185.9609375
39686572.0	 302.70172119140625	 491.6625061035156	 64835.234375
39686660.0	 302.20855712890625	 497.4903869628906	 68020.6328125
39686748.0	 302.489990234375	 495.1990966796875	 67678.03125
39686840.0	 302.46917724609375	 495.0776672363281	 67705.5234375
39686928.0	 302.4584655761719	 491.1171875	 66849.921875
39687020.0	 302.3690185546875	 496.6825866699219	 66890.2421875
39687104.0	 302.7752685546875	 493.9909973144531	 65797.1171875
39687196.0	 302.26776123046875	 493.0862121582031	 66225.03125
39687288.0	 302.140380859375	 499.988525390625	 68356.8046875
39687376.0	 302.33837890625	 493.8674011230469	 66744.9140625
39687468.0	 302.1322021484375	 498.0440979003906	 66546.9453125
39687556.0	 302.4844665527344	 500.8411865234375	 66193.2421875
39687644.0	 302.6148681640625	 495.6435546875	 66359.1484375
39687732.0	 303.158935546875	 490.8128662109375	 65252.8671875
39687820.0	 302.5733947753906	 491.9461669921875	 66699.921875
39687908.0	 302.0914001464844	 500.4490661621094	 67515.734375
39687996.0	 301.8534240722656	 497.24859619140625	 67340.3125
39688092.0	 301.28656005859375	 502.6171569824219	 68089.75
39688176.0	 301.6675720214844	 502.4365539550781	 66977.0
39688264.0	 301.9516296386719	 500.2140808105469	 65524.69921875
39688356.0	 301.8447265625	 501.9731140136719	 67214.8203125
39688444.0	 301.8865966796875	 501.6263427734375	 66703.796875
39688532.0	 302.1644592285156	 498.0928039550781	 65055.83203125
39688620.0	 301.5816345214844	 500.94403076171875	 66658.125
39688708.0	 301.474853515625	 503.1485290527344	 67722.9609375
39688800.0	 301.4934997558594	 499.2427673339844	 65912.5546875
39688892.0	 301.5508117675781	 502.2850036621094	 67740.0625
39688980.0	 301.3912048339844	 498.3879699707031	 65778.140625
39689068.0	 301.7314453125	 498.9018859863281	 66091.296875
39689160.0	 301.39105224609375	 498.23895263671875	 67975.7734375
39689248.0	 302.3026123046875	 491.2619934082031	 63598.72265625
39689336.0	 301.9648132324219	 494.84222412109375	 65907.1171875
39689512.0	 302.6797790527344	 493.2749938964844	 64412.5234375
39689600.0	 301.80706787109375	 496.8498840332031	 65886.4921875
39689696.0	 301.6820373535156	 497.80682373046875	 66910.7265625
39689784.0	 301.5092468261719	 497.4986267089844	 67480.8046875
39689872.0	 301.48468017578125	 498.3325500488281	 69563.03125
39689960.0	 301.6427001953125	 495.4263000488281	 63813.59765625
39690048.0	 301.6015930175781	 498.9164123535156	 68869.4375
39690140.0	 301.3727722167969	 498.4669189453125	 67826.125
39690228.0	 301.29364013671875	 499.48382568359375	 67977.9453125
39690316.0	 301.62408447265625	 496.4792785644531	 64549.0625
39690404.0	 301.25830078125	 503.1421813964844	 67528.71875
39690496.0	 301.8526916503906	 502.1252746582031	 66310.453125
39690584.0	 301.93341064453125	 496.5863952636719	 66303.234375
39690672.0	 301.0682067871094	 503.8915710449219	 69087.5
39690760.0	 302.1612854003906	 495.8953552246094	 66383.6328125
39690852.0	 301.9252014160156	 497.07415771484375	 65483.3671875
39690940.0	 301.58062744140625	 499.143798828125	 66232.3125
39691028.0	 301.466796875	 498.02679443359375	 66582.1015625
39691116.0	 301.4508361816406	 499.64013671875	 68036.25
39691208.0	 301.50787353515625	 498.0225524902344	 66180.78125
39691296.0	 301.3726806640625	 500.8851623535156	 66945.9375
39691388.0	 301.0718994140625	 500.2344970703125	 68439.9453125
39691476.0	 301.5306396484375	 502.254638671875	 66953.03125
39691568.0	 301.03765869140625	 504.7733154296875	 68728.484375
39691656.0	 301.1513366699219	 503.6236877441406	 68281.28125
39691744.0	 301.1716613769531	 501.522216796875	 66910.484375
39691832.0	 301.9044189453125	 496.6756591796875	 66384.3046875
39691920.0	 301.7577819824219	 499.04296875	 65979.125
39692008.0	 302.0527038574219	 494.3331298828125	 65595.4140625
39692104.0	 301.94281005859375	 497.98907470703125	 66532.1640625
39692192.0	 302.1361999511719	 496.9696960449219	 64605.8125
39692280.0	 301.85809326171875	 499.06036376953125	 65975.1015625
39692456.0	 302.3761901855469	 487.4040222167969	 61998.58203125
39692544.0	 302.3462829589844	 495.98638916015625	 65830.40625
39692636.0	 302.56988525390625	 495.126708984375	 65030.2109375
39692720.0	 302.2246398925781	 498.66021728515625	 66571.1484375
39692812.0	 301.9638977050781	 498.7223815917969	 67880.9140625
39692904.0	 302.5321960449219	 494.21539306640625	 64655.2578125
39692992.0	 301.972900390625	 498.0848693847656	 66969.6953125
39693080.0	 302.0111083984375	 494.6941833496094	 65402.09375
39693168.0	 301.3759460449219	 501.4735107421875	 66758.9140625
39693260.0	 302.1460876464844	 493.16143798828125	 64352.40625
39693348.0	 301.93121337890625	 491.5527648925781	 65054.859375
39693436.0	 301.8733215332031	 497.5585021972656	 64734.69921875
39693524.0	 301.8219909667969	 496.0821838378906	 65582.828125
39693612.0	 302.4931335449219	 490.7071838378906	 63634.01953125
39693704.0	 301.96014404296875	 499.5457458496094	 67920.078125
39693796.0	 301.8989562988281	 499.7454833984375	 66154.5859375
39693884.0	 301.82537841796875	 494.45794677734375	 65119.52734375
39693972.0	 301.8252868652344	 494.7509765625	 64912.91015625
39694060.0	 301.8666687011719	 499.78948974609375	 65797.015625
39694152.0	 301.5809020996094	 502.5640563964844	 67426.46875
39694240.0	 301.4114990234375	 500.6009826660156	 68503.28125
39694328.0	 301.42205810546875	 504.0429992675781	 67331.6015625
39694416.0	 301.50933837890625	 497.93145751953125	 66299.3828125
39694504.0	 301.43646240234375	 501.8153381347656	 66926.0234375
39694596.0	 301.8553771972656	 497.4015197753906	 64739.41015625
39694688.0	 301.97039794921875	 489.5509948730469	 64893.89453125
39694776.0	 302.442138671875	 496.38665771484375	 64513.375
39694864.0	 302.1949157714844	 496.8419189453125	 67098.9296875
39694952.0	 302.4558410644531	 494.32257080078125	 65212.98828125
39695044.0	 301.1378479003906	 502.4051513671875	 67815.546875
39695132.0	 301.8544006347656	 495.1925354003906	 66559.671875
39695220.0	 301.8496398925781	 497.187255859375	 65498.98828125
39695400.0	 302.6924743652344	 488.8281555175781	 63046.7578125
39695488.0	 301.413818359375	 497.9751281738281	 67423.5234375
39695576.0	 301.2090148925781	 499.7132873535156	 67015.5234375
39695664.0	 301.2162170410156	 503.2821350097656	 67355.671875
39695756.0	 301.6697998046875	 500.42755126953125	 64956.18359375
39695844.0	 301.8140869140625	 496.4042663574219	 64977.69921875
39695932.0	 301.3238220214844	 500.3743591308594	 66116.359375
39696020.0	 301.0580749511719	 503.02557373046875	 68327.8828125
39696112.0	 301.90582275390625	 497.7539367675781	 64978.3515625
39696204.0	 301.8992004394531	 497.139892578125	 65775.4921875
39696292.0	 301.18841552734375	 501.8436279296875	 66843.9609375
39696380.0	 301.4042053222656	 499.2354736328125	 66246.0703125
39696468.0	 301.5589294433594	 500.51983642578125	 65574.6171875
39696556.0	 301.2616271972656	 499.32806396484375	 66993.546875
39696648.0	 301.26080322265625	 498.883544921875	 65645.4609375
39696736.0	 301.0721740722656	 503.8789978027344	 69472.1796875
39696824.0	 301.16796875	 497.7506103515625	 65947.2421875
39696912.0	 300.76763916015625	 505.78729248046875	 68994.421875
39697000.0	 300.4957275390625	 500.1247253417969	 66748.4765625
39697096.0	 300.92901611328125	 503.1712646484375	 65713.7265625
39697184.0	 300.7467346191406	 499.7181396484375	 67781.5078125
39697272.0	 300.5829772949219	 501.66632080078125	 67296.375
39697360.0	 299.8796081542969	 498.58929443359375	 67206.71875
39697448.0	 300.2051086425781	 498.30780029296875	 65646.8046875
39697536.0	 300.3852233886719	 503.9014587402344	 67197.21875
39697624.0	 299.74615478515625	 503.8195495605469	 69635.265625
39697716.0	 300.6178894042969	 499.7969970703125	 65404.6328125
39697804.0	 299.9345703125	 505.7218933105469	 68716.046875
39697896.0	 300.32659912109375	 502.388916015625	 68764.9140625
39697984.0	 300.13763427734375	 506.049072265625	 69573.34375
39698072.0	 300.2028503417969	 504.5740051269531	 69133.484375
39698164.0	 300.7168273925781	 500.2457580566406	 67367.7578125
39698344.0	 301.8176574707031	 491.92535400390625	 61943.80859375
39698432.0	 301.12188720703125	 497.2430419921875	 64525.09765625
39698520.0	 301.489013671875	 496.8534851074219	 65230.2734375
39698608.0	 300.62969970703125	 499.1986083984375	 67034.3203125
39698696.0	 300.7987976074219	 502.3489685058594	 67361.828125
39698788.0	 300.9149169921875	 502.1984558105469	 68057.0078125
39698876.0	 300.64453125	 498.5653381347656	 67047.9375
39698964.0	 301.1109313964844	 496.20220947265625	 67118.4140625
39699056.0	 301.1024475097656	 498.1180114746094	 65795.1015625
39699140.0	 301.1816101074219	 493.9505310058594	 64634.6484375
39699232.0	 300.84112548828125	 500.4922790527344	 65564.6328125
39699320.0	 300.1103515625	 504.64691162109375	 69975.8203125
39699408.0	 301.02935791015625	 498.6399230957031	 67133.25
39699496.0	 300.8424072265625	 501.9023742675781	 68597.1796875
39699588.0	 302.3619689941406	 498.0307922363281	 66263.53125
39699680.0	 302.0255126953125	 492.40301513671875	 69930.84375
39699768.0	 301.4518737792969	 498.0294189453125	 66035.96875
39699856.0	 302.1464538574219	 490.659912109375	 64181.20703125
39699944.0	 301.5897216796875	 494.0093078613281	 65294.46875
39700032.0	 301.2105712890625	 497.6854248046875	 66497.65625
39700124.0	 301.3356018066406	 496.1024169921875	 68669.1796875
39700212.0	 301.1361999511719	 498.6323547363281	 67821.0
39700300.0	 301.033935546875	 501.53045654296875	 68423.5625
39700388.0	 301.2666320800781	 495.6268005371094	 67573.546875
39700480.0	 301.5986633300781	 496.23590087890625	 67110.3046875
39700572.0	 301.1239318847656	 492.6026611328125	 64895.37890625
39700660.0	 301.3719482421875	 498.2467346191406	 68790.7265625
39700748.0	 301.35113525390625	 494.62554931640625	 67530.2578125
39700836.0	 301.5009460449219	 489.9664611816406	 66502.984375
39700928.0	 301.7181701660156	 491.010009765625	 66296.4609375
39701016.0	 301.3027038574219	 492.03509521484375	 66470.5078125
39701104.0	 301.134765625	 498.46234130859375	 67802.5390625
39701284.0	 301.93023681640625	 486.5749816894531	 62214.51171875
39701372.0	 301.1623840332031	 497.5555114746094	 68091.484375
39701464.0	 301.2459716796875	 495.4228820800781	 67936.828125
39701552.0	 301.2829284667969	 495.2221374511719	 67187.3203125
39701640.0	 301.2861633300781	 492.950927734375	 65355.69921875
39701728.0	 301.24658203125	 496.0462646484375	 66985.5
39701816.0	 300.92626953125	 495.86993408203125	 66693.421875
39701904.0	 301.26165771484375	 495.5543212890625	 67363.1640625
39701996.0	 300.93988037109375	 503.5992736816406	 70236.328125
39702084.0	 301.1596984863281	 503.03948974609375	 69748.3828125
39702176.0	 301.70672607421875	 491.6156005859375	 66935.2421875
39702264.0	 301.14715576171875	 498.5870056152344	 66846.09375
39702352.0	 301.1418762207031	 495.85198974609375	 65904.3828125
39702440.0	 301.14794921875	 496.43634033203125	 68641.6875
39702528.0	 301.1716613769531	 496.63616943359375	 67010.125
39702616.0	 301.6294250488281	 499.20904541015625	 66172.03125
39702708.0	 301.73699951171875	 493.8212585449219	 63560.62109375
39702796.0	 301.2260437011719	 498.44610595703125	 67911.6875
39702888.0	 301.9997253417969	 493.4032287597656	 65188.1796875
39702976.0	 301.1738586425781	 498.1999816894531	 65764.8984375
39703068.0	 302.18927001953125	 496.70355224609375	 65886.4296875
39703156.0	 301.7331237792969	 493.9895935058594	 66964.3125
39703244.0	 301.7492370605469	 495.021728515625	 66128.90625
39703336.0	 301.77392578125	 493.769287109375	 64984.21484375
39703420.0	 301.1372985839844	 495.8182067871094	 64717.4609375
39703512.0	 301.1578063964844	 494.9821472167969	 64631.6796875
39703600.0	 301.1076965332031	 501.50830078125	 68149.8046875
39703688.0	 300.9500732421875	 500.7742004394531	 68958.0234375
39703776.0	 301.59710693359375	 498.2198486328125	 66130.2421875
39703864.0	 301.03302001953125	 503.3511047363281	 67526.6796875
39703956.0	 300.6592712402344	 504.12127685546875	 69874.2890625
39704048.0	 301.3470153808594	 495.5166320800781	 65140.6015625
39704224.0	 301.8895263671875	 488.3392639160156	 61139.875
39704312.0	 300.86358642578125	 502.0242919921875	 66920.1015625
39704404.0	 300.8821105957031	 498.229736328125	 67287.0625
39704492.0	 301.07464599609375	 491.5280456542969	 65722.7734375
39704580.0	 300.68695068359375	 500.09710693359375	 66970.515625
39704668.0	 300.7574157714844	 498.1965637207031	 66833.625
39704756.0	 300.7689514160156	 501.4117431640625	 65367.65234375
39704848.0	 300.2660827636719	 506.5174560546875	 69166.6328125
39704940.0	 300.4514465332031	 504.017578125	 68902.0234375
39705024.0	 300.78265380859375	 501.2029113769531	 67278.5546875
39705116.0	 300.92742919921875	 496.06842041015625	 64506.7421875
39705204.0	 301.1779479980469	 496.3337097167969	 64511.16015625
39705296.0	 300.40313720703125	 497.57623291015625	 67975.0703125
39705384.0	 300.40777587890625	 498.4019775390625	 67139.9140625
39705472.0	 300.93853759765625	 500.34918212890625	 65729.5
39705560.0	 300.8346862792969	 500.6201171875	 65490.0625
39705648.0	 300.88262939453125	 498.6737365722656	 66112.46875
39705744.0	 301.257080078125	 499.2833557128906	 66082.859375
39705832.0	 300.99786376953125	 503.44927978515625	 68011.703125
39705920.0	 301.128173828125	 495.6448669433594	 64544.62890625
39706008.0	 301.2580871582031	 498.4542541503906	 65951.2421875
39706096.0	 300.7161865234375	 506.41204833984375	 67997.09375
39706184.0	 301.11895751953125	 500.4976806640625	 68333.1796875
39706276.0	 301.0652160644531	 500.5903625488281	 68059.7578125
39706364.0	 301.042724609375	 499.2969665527344	 65739.96875
39706452.0	 300.7475280761719	 497.6024169921875	 64959.98046875
39706540.0	 300.5741271972656	 494.9056396484375	 64093.65234375
39706632.0	 300.4483337402344	 503.80712890625	 65376.0859375
39706720.0	 300.7449951171875	 494.9834289550781	 63538.75
39706812.0	 300.2313232421875	 504.5012512207031	 66419.765625
39706896.0	 301.3106384277344	 497.242431640625	 63679.5234375
39706988.0	 300.19561767578125	 502.1910095214844	 68228.0546875
39707164.0	 300.8569030761719	 489.5908203125	 63630.171875
39707252.0	 300.1328430175781	 505.7383117675781	 67577.9453125
39707340.0	 300.2010803222656	 502.7886962890625	 67261.796875
39707428.0	 301.0794982910156	 498.9507141113281	 65590.0234375
39707524.0	 300.3605041503906	 505.23504638671875	 67678.53125
39707612.0	 300.6412658691406	 501.4638366699219	 66478.890625
39707700.0	 300.7950744628906	 498.4609680175781	 66626.0859375
39707792.0	 300.40875244140625	 500.87640380859375	 67286.984375
39707880.0	 300.26947021484375	 501.91986083984375	 68699.15625
39707968.0	 300.4064636230469	 503.3255920410156	 68192.265625
39708056.0	 300.3679504394531	 500.778564453125	 67085.90625
39708144.0	 300.4596862792969	 501.2296142578125	 67796.9765625
39708232.0	 300.5272521972656	 500.88568115234375	 67180.3828125
39708320.0	 300.7229309082031	 499.2457275390625	 67193.3515625
39708416.0	 300.5549011230469	 500.1474914550781	 68246.1484375
39708504.0	 300.92431640625	 499.3367919921875	 66583.40625
39708592.0	 300.8120422363281	 493.42730712890625	 65759.40625
39708680.0	 301.0843200683594	 494.7447509765625	 63952.6484375
39708768.0	 300.39251708984375	 501.0494689941406	 66985.515625
39708860.0	 300.8979187011719	 496.65582275390625	 66991.4765625
39708948.0	 300.3471374511719	 504.12359619140625	 67336.90625
39709036.0	 300.45654296875	 498.11419677734375	 66968.515625
39709124.0	 300.21795654296875	 506.8017272949219	 69647.0703125
39709216.0	 300.2113952636719	 505.1161193847656	 68453.296875
39709308.0	 300.0005798339844	 503.8624572753906	 69115.75
39709396.0	 300.3659362792969	 501.3299865722656	 68763.8828125
39709484.0	 300.5690612792969	 496.3884582519531	 66402.84375
39709572.0	 300.166748046875	 496.48974609375	 67515.40625
39709660.0	 300.10345458984375	 501.2389221191406	 68268.9609375
39709752.0	 300.2486267089844	 496.6458740234375	 66645.6484375
39709840.0	 300.70916748046875	 498.90997314453125	 67181.5
39709928.0	 300.7384338378906	 498.3839416503906	 67303.46875
39710108.0	 301.4305114746094	 490.37188720703125	 62062.07421875
39710200.0	 300.9288024902344	 500.35125732421875	 66891.2265625
39710288.0	 300.7268981933594	 500.3082580566406	 68282.84375
39710376.0	 301.38995361328125	 496.6292724609375	 66216.8984375
39710464.0	 301.1318359375	 497.0810241699219	 65571.4140625
39710556.0	 301.2851867675781	 498.6156005859375	 66555.8515625
39710644.0	 301.02093505859375	 495.6171875	 66492.2890625
39710732.0	 301.30523681640625	 499.9326477050781	 68331.7421875
39710820.0	 301.6348571777344	 501.21697998046875	 67337.8828125
39710908.0	 301.8745422363281	 495.7530822753906	 65970.984375
39710996.0	 301.50384521484375	 496.7493896484375	 67252.9375
39711088.0	 301.9466552734375	 494.3409118652344	 66922.78125
39711176.0	 300.72918701171875	 500.88433837890625	 71238.6875
39711268.0	 301.4398193359375	 496.6356506347656	 65892.9296875
39711356.0	 301.68292236328125	 498.9722595214844	 66453.84375
39711444.0	 301.8389587402344	 497.23284912109375	 65185.34765625
39711532.0	 301.66583251953125	 496.8533630371094	 66184.4609375
39711624.0	 301.6867980957031	 499.2567443847656	 68531.828125
39711712.0	 301.252685546875	 500.90997314453125	 68490.7890625
39711800.0	 301.52044677734375	 496.9274597167969	 66512.765625
39711888.0	 301.35919189453125	 501.5199279785156	 68321.5234375
39711976.0	 301.61041259765625	 496.5466613769531	 65647.8828125
39712072.0	 301.9237976074219	 495.2895812988281	 66007.8515625
39712160.0	 302.2397155761719	 489.2255554199219	 64481.30078125
39712248.0	 301.1665954589844	 499.9166564941406	 68991.2578125
39712336.0	 301.0461120605469	 503.36798095703125	 70348.2890625
39712428.0	 301.599365234375	 496.81549072265625	 67148.3125
39712516.0	 301.2481689453125	 499.8177490234375	 69130.546875
39712604.0	 301.6968688964844	 493.4178161621094	 66030.9140625
39712692.0	 301.7559509277344	 496.1449890136719	 66223.4921875
39712780.0	 302.0486145019531	 495.4335632324219	 66210.984375
39712868.0	 301.5191955566406	 501.2211608886719	 67885.75
39713052.0	 302.4600524902344	 489.1089782714844	 62800.671875
39713140.0	 301.5350341796875	 493.4764709472656	 67604.7421875
39713228.0	 301.1541748046875	 502.1375427246094	 70576.5234375
39713316.0	 302.0086975097656	 495.2712097167969	 66459.2109375
39713404.0	 301.9768371582031	 491.11431884765625	 67320.03125
39713496.0	 302.43157958984375	 490.3390808105469	 64909.65234375
39713584.0	 302.24468994140625	 494.9503479003906	 67964.6640625
39713672.0	 301.69732666015625	 498.28387451171875	 67232.5234375
39713760.0	 302.01116943359375	 495.8623352050781	 67451.6015625
39713848.0	 301.8233642578125	 496.71612548828125	 68223.546875
39713944.0	 301.892578125	 497.7565002441406	 66258.8828125
39714032.0	 301.7179260253906	 493.64715576171875	 66309.8828125
39714120.0	 301.20233154296875	 498.6637268066406	 66913.09375
39714208.0	 301.44268798828125	 494.3658447265625	 66858.7890625
39714300.0	 301.0657043457031	 502.3079528808594	 69191.9140625
39714388.0	 301.5997009277344	 495.6679382324219	 67516.8203125
39714476.0	 301.5668029785156	 500.5311584472656	 67308.9140625
39714564.0	 301.78643798828125	 496.0987548828125	 66801.9453125
39714652.0	 301.3354187011719	 499.4452819824219	 67504.1796875
39714740.0	 301.8584289550781	 492.8827819824219	 65940.8515625
39714832.0	 302.1898193359375	 492.69171142578125	 65518.96875
39714924.0	 301.01800537109375	 500.0274963378906	 69155.1875
39715012.0	 301.5708923339844	 493.4992370605469	 66615.8046875
39715100.0	 301.7198791503906	 495.1505432128906	 65394.76953125
39715188.0	 302.0541687011719	 497.0127258300781	 69110.6171875
39715276.0	 302.03607177734375	 494.2933349609375	 68339.8203125
39715368.0	 302.27496337890625	 494.4993591308594	 66148.25
39715456.0	 302.31854248046875	 493.35430908203125	 65990.3203125
39715544.0	 301.9332580566406	 497.416015625	 69073.2265625
39715632.0	 301.9371643066406	 495.1072082519531	 66943.2890625
39715720.0	 301.595703125	 493.01336669921875	 66670.9140625
39715808.0	 301.2693786621094	 497.10150146484375	 67739.40625
39715992.0	 302.1285400390625	 486.1708984375	 59608.71484375
39716080.0	 301.4478759765625	 493.221435546875	 66350.0859375
39716168.0	 300.996826171875	 498.5506591796875	 68435.578125
39716256.0	 301.1077880859375	 495.92608642578125	 65951.078125
39716348.0	 300.692626953125	 501.1262512207031	 67328.4609375
39716436.0	 300.5997619628906	 493.7011413574219	 65413.12109375
39716524.0	 300.3006591796875	 500.9411315917969	 67813.953125
39716612.0	 300.8388671875	 495.7689514160156	 66175.875
39716704.0	 300.6205749511719	 495.4760437011719	 64652.46484375
39716796.0	 300.3953857421875	 497.10272216796875	 66201.578125
39716884.0	 300.2049560546875	 497.2367248535156	 67112.9765625
39716972.0	 299.63189697265625	 504.6727600097656	 70298.046875
39717060.0	 300.12115478515625	 502.5610656738281	 67921.140625
39717152.0	 299.836181640625	 495.7161865234375	 67631.4453125
39717240.0	 299.967529296875	 495.3152160644531	 66425.390625
39717328.0	 299.500244140625	 497.3974609375	 67319.9453125
39717416.0	 299.05621337890625	 507.76361083984375	 68941.5078125
39717508.0	 299.7097473144531	 495.52239990234375	 65518.6640625
39717592.0	 299.17889404296875	 504.93365478515625	 68348.6875
39717684.0	 299.1236572265625	 498.3058166503906	 64772.94140625
39717776.0	 298.40631103515625	 502.5751953125	 68235.578125
39717864.0	 298.4319152832031	 499.6448669433594	 68045.453125
39717952.0	 298.65667724609375	 501.38201904296875	 66529.1640625
39718040.0	 297.8487548828125	 503.8316650390625	 70279.1484375
39718128.0	 298.8563232421875	 497.1579284667969	 66977.5859375
39718220.0	 297.7934265136719	 509.3071594238281	 70167.9375
39718308.0	 298.3064880371094	 500.7618408203125	 68086.921875
39718396.0	 297.8672790527344	 503.371826171875	 69401.0234375
39718484.0	 297.79522705078125	 501.23468017578125	 69254.40625
39718572.0	 298.10650634765625	 497.5497131347656	 68493.1171875
39718660.0	 298.2819519042969	 495.8490295410156	 65697.109375
39718756.0	 298.1263427734375	 504.7088317871094	 67202.921875
39718932.0	 297.8379821777344	 498.9505615234375	 64277.59765625
39719024.0	 298.1336364746094	 509.93682861328125	 70677.2734375
39719112.0	 298.5011901855469	 497.78814697265625	 67445.7421875
39719200.0	 298.5240478515625	 504.51800537109375	 68184.0078125
39719288.0	 299.9386291503906	 505.3399658203125	 70001.8359375
39719380.0	 301.0084228515625	 493.8155822753906	 67291.3125
39719464.0	 301.2891845703125	 496.01763916015625	 68014.2890625
39719556.0	 300.8846130371094	 494.7613220214844	 67372.9140625
39719644.0	 300.8731384277344	 499.73211669921875	 68183.734375
39719736.0	 301.7030944824219	 491.722900390625	 66954.3046875
39719824.0	 301.1351013183594	 494.58636474609375	 66030.8984375
39719912.0	 299.7641296386719	 506.1833801269531	 70291.34375
39720000.0	 300.2602233886719	 503.2801513671875	 68847.984375
39720092.0	 300.1138000488281	 496.9672546386719	 69523.2890625
39720180.0	 300.14630126953125	 498.0340270996094	 66590.46875
39720268.0	 298.2841491699219	 511.62506103515625	 70519.8828125
39720356.0	 298.555419921875	 501.5151062011719	 68692.75
39720444.0	 298.7485656738281	 505.952392578125	 68675.578125
39720532.0	 298.2200012207031	 500.4249572753906	 67788.3515625
39720624.0	 297.8298034667969	 498.8289489746094	 67652.2890625
39720712.0	 298.2680969238281	 501.2812805175781	 67830.765625
39720804.0	 297.1341247558594	 498.9924011230469	 65575.1640625
39720892.0	 296.48004150390625	 503.330322265625	 68705.78125
39720980.0	 296.42657470703125	 502.6103210449219	 67382.1328125
39721072.0	 296.38250732421875	 502.1828918457031	 68577.0390625
39721160.0	 296.6701354980469	 504.0858154296875	 67324.25
39721252.0	 297.40924072265625	 502.787841796875	 64836.01171875
39721336.0	 296.76324462890625	 512.9396362304688	 69261.6015625
39721428.0	 297.717529296875	 504.28875732421875	 64473.51953125
39721516.0	 298.2770080566406	 501.1449890136719	 65146.23828125
39721604.0	 297.6582336425781	 502.8304748535156	 68810.6796875
39721692.0	 298.7225341796875	 500.9179382324219	 64128.36328125
39721876.0	 299.6263122558594	 493.5278015136719	 62831.6640625
39721964.0	 298.7524108886719	 499.7127685546875	 67332.4375
39722052.0	 298.1350402832031	 503.9884338378906	 66275.59375
39722140.0	 299.12982177734375	 501.9984130859375	 63692.890625
39722232.0	 298.1263732910156	 501.88018798828125	 68766.8046875
39722316.0	 299.1082458496094	 503.2023010253906	 65329.35546875
39722408.0	 298.599365234375	 500.8340148925781	 64547.19921875
39722496.0	 297.7027893066406	 513.3740844726562	 69806.1875
39722584.0	 297.6086120605469	 506.4391174316406	 67317.125
39722672.0	 297.342041015625	 503.9517517089844	 67332.453125
39722764.0	 297.63970947265625	 509.3348388671875	 66398.234375
39722856.0	 298.2801208496094	 501.5272216796875	 66561.0625
39722944.0	 297.9792785644531	 503.3345947265625	 67366.5546875
39723032.0	 298.2297058105469	 501.2393798828125	 64046.15625
39723120.0	 298.07440185546875	 501.75738525390625	 65163.046875
39723208.0	 298.2251281738281	 497.2429504394531	 63895.28125
39723296.0	 298.54913330078125	 505.99859619140625	 64876.92578125
39723388.0	 298.2275695800781	 501.65850830078125	 64367.01171875
39723476.0	 298.0849304199219	 507.25701904296875	 67340.8203125
39723568.0	 298.18402099609375	 500.0768127441406	 65256.859375
39723656.0	 297.6301574707031	 503.6704406738281	 68213.2734375
39723744.0	 297.9466857910156	 507.5920715332031	 65996.984375
39723836.0	 297.6502380371094	 505.7336730957031	 66221.5859375
39723924.0	 297.31170654296875	 508.7379150390625	 67722.7421875
39724012.0	 297.4794006347656	 512.3636474609375	 66389.9140625
39724100.0	 297.3929748535156	 505.9305419921875	 66469.4921875
39724188.0	 297.9621276855469	 504.2823486328125	 65969.6015625
39724280.0	 297.4190979003906	 506.0193786621094	 67554.9140625
39724368.0	 297.8053283691406	 507.9400939941406	 67156.53125
39724456.0	 298.1473388671875	 508.18402099609375	 65677.5390625
39724544.0	 297.98883056640625	 504.32501220703125	 65059.07421875
39724636.0	 298.0674743652344	 506.4191589355469	 67287.9921875
39724816.0	 298.1933898925781	 494.5766296386719	 61223.0546875
39724904.0	 297.4071044921875	 511.7588195800781	 68667.2109375
39724992.0	 297.4791564941406	 509.3392333984375	 68331.203125
39725080.0	 297.06976318359375	 513.453369140625	 68992.8046875
39725168.0	 298.0428161621094	 505.19390869140625	 64884.48046875
39725260.0	 297.90057373046875	 502.0503845214844	 66357.1953125
39725348.0	 297.3585510253906	 506.75823974609375	 67811.03125
39725436.0	 297.7633056640625	 505.5139465332031	 64542.3984375
39725524.0	 298.0122375488281	 506.0948791503906	 67977.03125
39725612.0	 298.37176513671875	 502.8771057128906	 66082.9609375
39725704.0	 298.11553955078125	 503.9892578125	 64128.4921875
39725792.0	 297.6207580566406	 502.796142578125	 65560.6015625
39725884.0	 297.5455322265625	 504.1575927734375	 66328.25
39725972.0	 297.3123474121094	 506.36712646484375	 67489.1640625
39726064.0	 297.91168212890625	 502.244873046875	 65571.2421875
39726152.0	 298.7006530761719	 500.8445129394531	 64188.5
39726240.0	 297.61944580078125	 507.2439270019531	 68491.9609375
39726328.0	 297.97845458984375	 504.05419921875	 67914.5703125
39726416.0	 298.457763671875	 500.0053405761719	 65483.2265625
39726504.0	 298.7818603515625	 505.0947570800781	 65223.578125
39726596.0	 299.05438232421875	 502.8786926269531	 65913.109375
39726684.0	 298.12152099609375	 505.5231018066406	 67136.796875
39726772.0	 298.6808166503906	 504.7220458984375	 65823.40625
39726864.0	 298.66448974609375	 503.2413635253906	 67425.4375
39726952.0	 298.7829284667969	 500.11651611328125	 66376.1484375
39727044.0	 298.5581359863281	 505.6720275878906	 67253.1484375
39727132.0	 298.70550537109375	 502.8445739746094	 64897.4765625
39727220.0	 298.56939697265625	 503.8869934082031	 67100.53125
39727308.0	 298.6272277832031	 500.15277099609375	 65993.3984375
39727396.0	 298.8820495605469	 497.6907043457031	 63880.60546875
39727484.0	 298.77362060546875	 496.79998779296875	 64731.81640625
39727576.0	 298.2808837890625	 507.56512451171875	 68109.3125
39727752.0	 298.6311950683594	 499.6751708984375	 63674.8046875
39727840.0	 298.6043701171875	 500.2438049316406	 65231.63671875
39727932.0	 297.3070983886719	 507.0277099609375	 66011.1953125
39728024.0	 297.00482177734375	 501.8734436035156	 65406.1328125
39728112.0	 296.72662353515625	 509.9314880371094	 66558.6484375
39728200.0	 297.8058776855469	 498.4615783691406	 63462.21875
39728288.0	 296.87371826171875	 502.7920837402344	 65249.90234375
39728380.0	 297.2492980957031	 505.4258728027344	 67321.21875
39728468.0	 297.656005859375	 503.8836975097656	 64961.90234375
39728556.0	 297.7154235839844	 505.5528564453125	 66061.515625
39728644.0	 297.557861328125	 505.5832824707031	 66461.75
39728736.0	 297.50579833984375	 507.0238037109375	 66865.4609375
39728824.0	 297.98828125	 499.2210693359375	 65481.41796875
39728912.0	 297.8341369628906	 506.769287109375	 67276.671875
39729004.0	 298.0937805175781	 507.0222473144531	 65887.1015625
39729092.0	 297.885009765625	 502.5328063964844	 63895.5234375
39729180.0	 298.06329345703125	 498.5185852050781	 63404.515625
39729272.0	 297.9659729003906	 506.4971008300781	 66438.0859375
39729360.0	 298.19012451171875	 502.8659362792969	 64187.4765625
39729448.0	 297.66192626953125	 506.733642578125	 65684.0078125
39729536.0	 297.5958557128906	 506.6736145019531	 63960.37890625
39729624.0	 297.24517822265625	 505.98101806640625	 65805.15625
39729712.0	 298.15838623046875	 503.37286376953125	 62696.921875
39729804.0	 297.7384033203125	 509.1132507324219	 66579.0625
39729892.0	 298.043701171875	 500.5559997558594	 63143.12109375
39729980.0	 298.2806701660156	 495.71124267578125	 62079.01953125
39730072.0	 298.0168151855469	 502.09783935546875	 63220.32421875
39730160.0	 297.1520690917969	 503.3006591796875	 65452.203125
39730252.0	 297.6307373046875	 505.572998046875	 65071.8046875
39730340.0	 297.632080078125	 503.9796447753906	 66959.8828125
39730428.0	 298.1011657714844	 503.2798767089844	 63355.6875
39730516.0	 297.5588684082031	 501.08172607421875	 66003.2265625
39730696.0	 298.5627746582031	 495.1542663574219	 64236.88671875
39730784.0	 297.63641357421875	 507.7834167480469	 68154.921875
39730872.0	 297.94525146484375	 501.28369140625	 64921.37890625
39730960.0	 296.80908203125	 504.1902160644531	 67833.4375
39731048.0	 296.8221740722656	 505.39288330078125	 68728.390625
39731144.0	 296.9620361328125	 500.7170715332031	 65328.03515625
39731232.0	 296.6348571777344	 505.431884765625	 67171.96875
39731320.0	 296.76763916015625	 504.418212890625	 67432.671875
39731408.0	 297.29107666015625	 504.0170593261719	 66209.2890625
39731496.0	 297.0877685546875	 503.8275451660156	 68176.203125
39731588.0	 297.22247314453125	 509.4693298339844	 69240.2890625
39731676.0	 297.63348388671875	 503.3445739746094	 68105.0390625
39731764.0	 297.3384094238281	 502.9921875	 67763.7734375
39731852.0	 296.9954833984375	 502.9296875	 66158.1640625
39731940.0	 297.1882019042969	 499.3748779296875	 65899.65625
39732028.0	 296.8794860839844	 505.21087646484375	 69990.8515625
39732120.0	 297.06732177734375	 505.0189514160156	 66531.828125
39732208.0	 297.5058898925781	 501.43841552734375	 68242.5078125
39732300.0	 297.32763671875	 501.8341064453125	 68952.296875
39732388.0	 297.51483154296875	 501.8347473144531	 69541.9296875
39732476.0	 297.5003662109375	 500.197998046875	 66689.1796875
39732568.0	 296.9363098144531	 504.6745910644531	 67281.40625
39732656.0	 296.7808837890625	 501.7931823730469	 67637.90625
39732744.0	 297.03033447265625	 498.60992431640625	 68885.6640625
39732832.0	 297.1147766113281	 498.8338623046875	 66647.078125
39732924.0	 296.8702392578125	 499.9127197265625	 67397.6328125
39733012.0	 295.5071716308594	 513.7398071289062	 76086.3046875
39733100.0	 296.6848449707031	 506.888427734375	 69938.9765625
39733188.0	 296.43927001953125	 507.7727355957031	 69974.171875
39733276.0	 296.67626953125	 504.3316955566406	 68478.859375
39733372.0	 296.7614440917969	 503.6366882324219	 69194.1875
39733460.0	 296.6492004394531	 505.2984924316406	 67799.65625
39733636.0	 297.276123046875	 496.3441467285156	 62357.8671875
39733728.0	 296.6260986328125	 509.9496765136719	 69114.65625
39733816.0	 296.7242431640625	 509.4817810058594	 67625.0546875
39733904.0	 295.8685302734375	 510.6014404296875	 72080.984375
39733992.0	 296.3487243652344	 504.24090576171875	 68981.0859375
39734080.0	 296.0633544921875	 503.629150390625	 69450.96875
39734168.0	 296.44476318359375	 498.53302001953125	 65567.4453125
39734260.0	 296.1824035644531	 499.6023864746094	 66692.7421875
39734348.0	 295.786376953125	 499.6997985839844	 67015.1953125
39734436.0	 296.65142822265625	 508.4952697753906	 69709.609375
39734528.0	 296.8634948730469	 500.0435791015625	 64856.9453125
39734616.0	 296.5101318359375	 499.86297607421875	 65459.53515625
39734708.0	 296.8970642089844	 499.9954833984375	 65564.046875
39734796.0	 296.8822326660156	 497.7994384765625	 65298.57421875
39734884.0	 296.99810791015625	 501.186767578125	 67669.1796875
39734972.0	 296.87762451171875	 503.53369140625	 66723.8125
39735064.0	 297.81732177734375	 496.69561767578125	 66668.375
39735152.0	 297.4683532714844	 499.71478271484375	 65832.8125
39735240.0	 296.7889404296875	 505.8428039550781	 69560.3515625
39735328.0	 297.4532470703125	 502.747314453125	 65599.5390625
39735416.0	 297.57958984375	 501.42352294921875	 65507.53515625
39735504.0	 297.7491149902344	 502.3291931152344	 65907.859375
39735600.0	 298.4590759277344	 501.1372985839844	 64544.28515625
39735688.0	 298.1564025878906	 495.3168029785156	 63756.890625
39735776.0	 297.9765625	 502.7700500488281	 64270.8359375
39735864.0	 296.8623352050781	 501.8851623535156	 65291.953125
39735952.0	 297.123291015625	 496.7750244140625	 63106.58203125
39736044.0	 296.90240478515625	 502.2677307128906	 64336.27734375
39736132.0	 296.60302734375	 502.20440673828125	 65474.93359375
39736220.0	 295.7256774902344	 507.2370910644531	 64416.09375
39736308.0	 295.9747619628906	 503.39508056640625	 64437.4453125
39736396.0	 295.9376220703125	 509.2090148925781	 66185.9375
39736576.0	 296.0560302734375	 489.1091003417969	 60756.98828125
39736664.0	 295.06689453125	 501.45941162109375	 66312.6875
39736756.0	 294.7636413574219	 504.77496337890625	 68108.296875
39736844.0	 295.15020751953125	 500.06646728515625	 65722.5625
39736932.0	 293.9342346191406	 511.2730407714844	 66791.6328125
39737020.0	 294.2864685058594	 508.51739501953125	 67264.140625
39737112.0	 294.1021728515625	 510.9821472167969	 66775.1015625
39737204.0	 293.9842529296875	 511.33001708984375	 66218.390625
39737292.0	 294.74810791015625	 505.13555908203125	 66192.9921875
39737380.0	 295.2503662109375	 502.7846374511719	 62673.8828125
39737468.0	 295.0054931640625	 515.2013549804688	 66823.8125
39737556.0	 295.69451904296875	 505.0176696777344	 65571.953125
39737644.0	 295.19757080078125	 509.9796142578125	 66348.90625
39737736.0	 295.2255554199219	 509.34375	 67402.03125
39737824.0	 295.30914306640625	 508.8274841308594	 65919.921875
39737916.0	 296.0585632324219	 507.9704284667969	 64270.22265625
39738004.0	 295.994140625	 506.7065734863281	 65310.1015625
39738092.0	 296.4157409667969	 505.1371765136719	 62577.59765625
39738184.0	 295.9816589355469	 504.0595397949219	 66236.4765625
39738268.0	 296.087890625	 507.694580078125	 65501.6328125
39738360.0	 295.3895263671875	 509.21331787109375	 68590.6796875
39738448.0	 295.509765625	 505.9703369140625	 65242.86328125
39738536.0	 295.30029296875	 508.90087890625	 65599.3515625
39738624.0	 295.41278076171875	 507.6274108886719	 64173.21484375
39738712.0	 295.44866943359375	 508.70562744140625	 63863.796875
39738800.0	 295.6625061035156	 501.515869140625	 62871.5078125
39738892.0	 295.8238525390625	 505.6073303222656	 64225.078125
39738980.0	 296.07928466796875	 505.6589660644531	 64042.703125
39739072.0	 295.6136779785156	 509.9886169433594	 65779.78125
39739160.0	 295.5277099609375	 512.3756713867188	 64614.82421875
39739248.0	 295.68682861328125	 503.13897705078125	 61559.73828125
39739340.0	 296.2293395996094	 511.3604431152344	 65080.96484375
39739516.0	 297.09320068359375	 499.9832763671875	 61028.95703125
39739604.0	 296.30255126953125	 503.0035400390625	 62404.74609375
39739696.0	 295.7662658691406	 510.3778991699219	 64855.3515625
39739784.0	 295.397705078125	 513.0732421875	 66221.21875
39739872.0	 295.1366882324219	 512.9879760742188	 66128.140625
39739960.0	 296.10302734375	 506.7429504394531	 61764.8203125
39740048.0	 295.3631286621094	 509.9678649902344	 67103.328125
39740140.0	 295.5015869140625	 508.5873718261719	 63672.9609375
39740232.0	 295.9815368652344	 506.6697998046875	 62522.81640625
39740320.0	 296.2489013671875	 498.3798828125	 61178.5703125
39740408.0	 295.75225830078125	 507.89947509765625	 64336.0
39740500.0	 295.18157958984375	 509.58349609375	 67708.015625
39740588.0	 295.32440185546875	 509.9320983886719	 65958.25
39740676.0	 295.5738830566406	 503.5563659667969	 61363.9375
39740764.0	 295.22381591796875	 509.2412414550781	 64111.96484375
39740852.0	 295.1777648925781	 511.5365295410156	 66394.6875
39740944.0	 295.1642150878906	 507.7269592285156	 65615.2890625
39741032.0	 294.54351806640625	 508.2507629394531	 63584.09765625
39741120.0	 294.44482421875	 511.89642333984375	 67151.0390625
39741208.0	 294.24163818359375	 512.6741943359375	 63953.65234375
39741296.0	 294.1532897949219	 508.93377685546875	 64342.00390625
39741392.0	 293.63525390625	 513.1770629882812	 65658.5703125
39741480.0	 293.5895690917969	 512.9166870117188	 64290.12109375
39741568.0	 294.0652160644531	 512.10107421875	 63858.30078125
39741656.0	 293.5799865722656	 510.4999084472656	 65527.19140625
39741748.0	 293.6358337402344	 515.381103515625	 66144.875
39741836.0	 293.8300476074219	 511.0773620605469	 64248.5546875
39741924.0	 293.3375549316406	 515.6118774414062	 67473.625
39742012.0	 294.2677001953125	 507.943603515625	 63535.05078125
39742100.0	 294.51519775390625	 508.54681396484375	 65390.48046875
39742188.0	 294.7642822265625	 509.3365173339844	 63261.94921875
39742280.0	 295.29132080078125	 504.7596740722656	 63064.3125
39742456.0	 294.5533447265625	 512.43603515625	 67471.4765625
39742544.0	 295.3470458984375	 511.70672607421875	 66190.6796875
39742636.0	 295.79876708984375	 508.2939453125	 64256.83203125
39742728.0	 295.5574645996094	 512.2716674804688	 67282.734375
39742816.0	 295.2724609375	 508.44580078125	 65049.35546875
39742904.0	 295.3443908691406	 509.1039123535156	 65508.296875
39742992.0	 295.95928955078125	 507.30682373046875	 61317.84765625
39743084.0	 294.92547607421875	 514.446533203125	 66788.109375
39743172.0	 295.22442626953125	 510.3016052246094	 64371.09375
39743260.0	 295.7590026855469	 504.4525451660156	 63560.53515625
39743348.0	 295.2662048339844	 508.24957275390625	 63868.5703125
39743436.0	 294.7068786621094	 514.9284057617188	 67807.4921875
39743524.0	 295.6970520019531	 507.4952392578125	 64112.3515625
39743616.0	 295.540283203125	 506.3363037109375	 64276.265625
39743704.0	 295.1162109375	 509.308349609375	 64479.0234375
39743792.0	 295.09503173828125	 514.1326904296875	 66949.0859375
39743888.0	 295.7498474121094	 504.2189636230469	 63985.34765625
39743976.0	 294.90869140625	 508.83111572265625	 65672.859375
39744064.0	 295.2639465332031	 512.8121948242188	 66072.0625
39744152.0	 294.79052734375	 512.2299194335938	 65980.5625
39744240.0	 295.54510498046875	 506.6625061035156	 62652.546875
39744328.0	 295.70037841796875	 517.9015502929688	 66122.90625
39744420.0	 295.1505126953125	 511.4356994628906	 64801.62890625
39744504.0	 295.1131591796875	 511.89349365234375	 65213.1171875
39744596.0	 295.6453857421875	 508.0205383300781	 64777.3671875
39744684.0	 295.7247314453125	 502.59014892578125	 65153.09375
39744772.0	 295.2160339355469	 509.0804443359375	 68163.84375
39744864.0	 295.3493347167969	 511.99359130859375	 70171.1953125
39744952.0	 295.27044677734375	 510.03033447265625	 66867.265625
39745044.0	 295.2234802246094	 508.3347473144531	 66834.5234375
39745132.0	 295.5269775390625	 503.21044921875	 64027.1640625
39745220.0	 295.2659912109375	 504.7074890136719	 64442.28515625
39745400.0	 295.58935546875	 501.75927734375	 61128.62890625
39745488.0	 294.2101745605469	 514.431884765625	 72230.6953125
39745576.0	 294.84783935546875	 506.8001708984375	 65239.57421875
39745664.0	 294.7740783691406	 508.2684020996094	 65373.42578125
39745752.0	 294.4114685058594	 515.4766845703125	 66809.140625
39745844.0	 294.5968322753906	 513.8506469726562	 64940.1171875
39745932.0	 295.22161865234375	 511.6910400390625	 65557.4375
39746020.0	 294.6398620605469	 510.36029052734375	 65662.90625
39746112.0	 294.60711669921875	 514.3109130859375	 65938.546875
39746200.0	 294.2496643066406	 512.1376342773438	 65103.5234375
39746292.0	 294.461181640625	 515.4758911132812	 66463.484375
39746380.0	 294.7311096191406	 510.5704040527344	 63852.2265625
39746468.0	 294.46728515625	 511.7231140136719	 65611.1328125
39746556.0	 294.99871826171875	 506.4820861816406	 62384.515625
39746648.0	 294.6143798828125	 510.045166015625	 64792.2109375
39746736.0	 294.4674987792969	 512.2459106445312	 65635.578125
39746824.0	 294.1512756347656	 507.1536560058594	 64190.15625
39746912.0	 294.2967529296875	 511.25830078125	 64680.96875
39747000.0	 293.5179138183594	 516.6765747070312	 67139.7109375
39747088.0	 293.9681091308594	 512.550048828125	 63714.86328125
39747180.0	 294.2855529785156	 509.8112487792969	 62980.96484375
39747268.0	 294.07958984375	 511.0981750488281	 65145.89453125
39747356.0	 294.0760803222656	 510.0829772949219	 63870.9296875
39747444.0	 294.1287841796875	 510.4631042480469	 62637.83203125
39747536.0	 293.9312438964844	 513.8956298828125	 64703.24609375
39747628.0	 293.9794921875	 511.2510681152344	 66911.953125
39747716.0	 293.70654296875	 516.404296875	 66173.609375
39747804.0	 294.29669189453125	 509.5694580078125	 64272.515625
39747892.0	 294.1068115234375	 507.3173828125	 63080.2578125
39747984.0	 293.9483337402344	 507.1766052246094	 64100.59375
39748072.0	 293.24114990234375	 513.3761596679688	 65109.0859375
39748160.0	 293.071044921875	 512.2381591796875	 65359.2421875
39748336.0	 293.715576171875	 507.03826904296875	 63930.90234375
39748428.0	 292.7413024902344	 509.29742431640625	 65858.15625
39748516.0	 293.19549560546875	 515.0781860351562	 67771.1640625
39748604.0	 293.2925109863281	 513.24853515625	 65590.9453125
39748692.0	 293.60968017578125	 506.9268493652344	 64237.44921875
39748784.0	 294.154296875	 509.6940002441406	 64317.71875
39748876.0	 294.14532470703125	 514.5357055664062	 68115.515625
39748964.0	 294.12091064453125	 515.578369140625	 67687.6875
39749052.0	 294.5823974609375	 510.4546813964844	 66805.7109375
39749140.0	 294.2075500488281	 512.0435180664062	 66541.8046875
39749232.0	 293.7462463378906	 511.9634704589844	 68455.2109375
39749316.0	 294.0059509277344	 510.06964111328125	 66921.6015625
39749408.0	 294.4277648925781	 509.4072265625	 66707.2265625
39749496.0	 296.3409729003906	 496.9010314941406	 63256.4296875
39749588.0	 295.89178466796875	 491.64825439453125	 64218.96875
39749676.0	 296.4559631347656	 493.4480895996094	 63467.95703125
39749764.0	 296.0159606933594	 488.8037109375	 63633.66796875
39749852.0	 294.8238525390625	 490.88604736328125	 61671.96875
39749940.0	 295.6428527832031	 489.3356628417969	 60788.296875
39750028.0	 295.5006103515625	 491.5791320800781	 62040.5
39750120.0	 294.7530212402344	 499.0456237792969	 64840.42578125
39750212.0	 295.2171630859375	 492.3990783691406	 62587.8984375
39750300.0	 295.3865661621094	 491.90435791015625	 61823.53515625
39750388.0	 295.3299560546875	 494.037841796875	 64908.74609375
39750476.0	 295.100830078125	 490.0926208496094	 65798.875
39750564.0	 295.37249755859375	 486.6677551269531	 62233.87109375
39750656.0	 295.253173828125	 488.3349609375	 61863.0703125
39750744.0	 294.98785400390625	 493.5871887207031	 64057.21875
39750832.0	 294.88494873046875	 498.7478332519531	 65327.86328125
39750920.0	 294.29705810546875	 497.1747131347656	 66572.421875
39751012.0	 294.4371643066406	 494.0437316894531	 63808.39453125
39751100.0	 295.043701171875	 488.22210693359375	 61772.328125
39751276.0	 295.5637512207031	 483.3658447265625	 59923.38671875
39751364.0	 294.9378356933594	 499.75921630859375	 64944.94140625
39751460.0	 294.6312561035156	 508.206787109375	 68601.03125
39751548.0	 295.8391418457031	 497.53680419921875	 65557.2578125
39751636.0	 295.0152893066406	 495.6747131347656	 65445.375
39751724.0	 294.4551086425781	 496.84356689453125	 63923.05078125
39751816.0	 294.9166259765625	 494.96502685546875	 64757.953125
39751904.0	 294.62237548828125	 497.57421875	 66276.2734375
39751992.0	 295.6397399902344	 493.19403076171875	 63484.0
39752080.0	 295.5199890136719	 500.11297607421875	 65187.9921875
39752168.0	 295.844482421875	 497.6725158691406	 65525.3359375
39752256.0	 295.5825500488281	 493.1266174316406	 64900.2109375
39752348.0	 295.29046630859375	 494.55517578125	 64154.5703125
39752436.0	 295.2381896972656	 498.65936279296875	 64737.82421875
39752524.0	 294.54046630859375	 496.107421875	 65859.3984375
39752612.0	 294.4435729980469	 499.43975830078125	 67086.328125
39752700.0	 294.4581604003906	 499.2190246582031	 64578.7109375
39752792.0	 294.1361999511719	 496.8098449707031	 65134.53515625
39752880.0	 294.3594055175781	 497.8477478027344	 65730.6875
39752972.0	 294.85028076171875	 496.43853759765625	 63966.40625
39753060.0	 294.17901611328125	 503.2325744628906	 66204.5703125
39753152.0	 294.2543029785156	 502.1076965332031	 66572.875
39753240.0	 293.95587158203125	 500.6751708984375	 68606.2109375
39753328.0	 294.690673828125	 499.0969543457031	 64836.80859375
39753420.0	 294.166748046875	 499.037109375	 64739.41015625
39753508.0	 293.63592529296875	 498.11224365234375	 66188.1875
39753596.0	 293.2353210449219	 506.8357849121094	 67345.625
39753684.0	 293.47509765625	 504.0472412109375	 65722.640625
39753772.0	 293.4990234375	 499.1686096191406	 65682.9765625
39753860.0	 292.9833679199219	 503.6133728027344	 66872.5625
39753952.0	 293.5234680175781	 504.8675842285156	 67171.4765625
39754040.0	 292.8752136230469	 502.6830139160156	 67234.4375
39754220.0	 293.0446472167969	 495.1385498046875	 64205.0390625
39754308.0	 293.12628173828125	 502.1777648925781	 66465.90625
39754396.0	 292.1333312988281	 506.8550720214844	 72079.9609375
39754484.0	 292.3076171875	 505.604736328125	 68575.59375
39754576.0	 292.21044921875	 510.433349609375	 68417.234375
39754664.0	 292.2115173339844	 505.0075988769531	 68432.34375
39754752.0	 292.4394226074219	 501.2711181640625	 69608.7734375
39754840.0	 293.45648193359375	 492.9237060546875	 67039.515625
39754928.0	 292.7860107421875	 496.90765380859375	 68188.5546875
39755016.0	 290.50958251953125	 495.9011535644531	 69828.0703125
39755108.0	 289.4625549316406	 511.0444641113281	 72853.3671875
39755200.0	 289.593017578125	 508.9917297363281	 72960.7734375
39755288.0	 290.2169494628906	 510.5607604980469	 71577.3125
39755376.0	 289.5299987792969	 506.5283508300781	 70559.0546875
39755468.0	 287.77886962890625	 514.45166015625	 74120.609375
39755556.0	 289.5502014160156	 519.0765380859375	 73747.546875
39755648.0	 290.0877685546875	 513.9273681640625	 73959.8515625
39755736.0	 290.15399169921875	 506.67889404296875	 69589.2578125
39755824.0	 291.2164306640625	 500.4013671875	 67016.921875
39755912.0	 290.989501953125	 504.3156433105469	 68200.7890625
39756000.0	 291.04815673828125	 502.3686828613281	 68992.5546875
39756088.0	 290.9926452636719	 500.6531982421875	 68403.734375
39756180.0	 290.53155517578125	 506.70196533203125	 71426.3984375
39756268.0	 289.8321533203125	 487.41705322265625	 67764.9140625
39756356.0	 287.41943359375	 506.07537841796875	 71591.265625
39756444.0	 286.1107177734375	 490.3127746582031	 68597.5078125
39756532.0	 285.8731384277344	 492.662109375	 71727.171875
39756620.0	 286.4825134277344	 490.7162780761719	 70723.3125
39756712.0	 285.0932312011719	 494.07342529296875	 71555.59375
39756800.0	 284.0829162597656	 497.8445739746094	 72484.484375
39756892.0	 284.6795959472656	 502.0342712402344	 72016.2890625
39756984.0	 285.8199768066406	 495.2421875	 68154.78125
39757160.0	 287.2650146484375	 482.2203369140625	 63074.2421875
39757248.0	 285.3485412597656	 495.93231201171875	 69644.2109375
39757336.0	 283.6070556640625	 494.4160461425781	 71317.234375
39757428.0	 282.68829345703125	 499.4776306152344	 72185.1171875
39757516.0	 283.3516845703125	 483.71630859375	 68816.5625
39757604.0	 282.20660400390625	 492.2065124511719	 71666.1875
39757692.0	 282.8524475097656	 480.87078857421875	 66244.609375
39757784.0	 282.0730285644531	 488.69866943359375	 67777.421875
39757868.0	 282.1660461425781	 488.9582824707031	 70112.875
39757960.0	 281.96868896484375	 486.85162353515625	 67610.3671875
39758048.0	 280.8907470703125	 494.3388977050781	 72256.1953125
39758136.0	 281.5596618652344	 496.23992919921875	 70794.859375
39758224.0	 281.7549743652344	 490.7729187011719	 70302.6484375
39758316.0	 281.9245910644531	 487.5220947265625	 68079.0078125
39758408.0	 281.1946105957031	 483.166748046875	 67777.9140625
39758496.0	 281.75360107421875	 484.2537841796875	 66911.5703125
39758584.0	 281.1987609863281	 487.8062744140625	 70293.640625
39758672.0	 282.2674560546875	 485.89910888671875	 68096.640625
39758764.0	 284.44757080078125	 493.37017822265625	 66379.921875
39758852.0	 284.17535400390625	 493.5596923828125	 69072.5
39758940.0	 283.9185791015625	 479.14178466796875	 65585.8671875
39759028.0	 282.8291320800781	 489.17315673828125	 67780.3125
39759116.0	 282.7367248535156	 486.4105224609375	 66759.2265625
39759208.0	 281.8055114746094	 482.8329772949219	 66514.171875
39759296.0	 283.86480712890625	 497.3293762207031	 67687.578125
39759384.0	 282.37310791015625	 489.0131530761719	 66876.546875
39759472.0	 283.366455078125	 480.2165832519531	 65374.6015625
39759560.0	 281.52044677734375	 488.7381591796875	 69774.4296875
39759648.0	 281.3116455078125	 485.6799621582031	 68675.5078125
39759744.0	 282.0378723144531	 485.7978515625	 70242.4140625
39759832.0	 281.6105041503906	 489.2156982421875	 69402.7890625
39759924.0	 281.4388122558594	 484.6292724609375	 67053.703125
39760100.0	 280.3409729003906	 480.3276672363281	 68123.96875
39760188.0	 282.03997802734375	 477.8428039550781	 65131.3203125
39760276.0	 281.15789794921875	 480.21038818359375	 68493.1640625
39760368.0	 281.57000732421875	 475.47491455078125	 67356.9765625
39760456.0	 281.2077331542969	 470.2419738769531	 64407.921875
39760544.0	 280.94647216796875	 475.5395202636719	 66400.703125
39760632.0	 280.5904846191406	 473.4346923828125	 67689.7109375
39760720.0	 280.3540954589844	 475.7464904785156	 67175.71875
39760812.0	 281.1694030761719	 475.4908447265625	 68211.828125
39760896.0	 281.1313171386719	 481.02569580078125	 68486.2890625
39760988.0	 281.37799072265625	 480.2785949707031	 67486.1015625
39761076.0	 282.0494689941406	 477.910400390625	 67058.1640625
39761168.0	 282.491943359375	 488.18878173828125	 69250.3125
39761256.0	 281.5481262207031	 485.1070861816406	 67714.5625
39761344.0	 282.1054992675781	 481.4308776855469	 64781.7265625
39761436.0	 281.83343505859375	 480.3971252441406	 67413.2890625
39761524.0	 282.2008972167969	 481.619873046875	 67895.4453125
39761612.0	 283.2062683105469	 487.43463134765625	 68281.9609375
39761700.0	 282.4449462890625	 481.6366271972656	 66494.46875
39761792.0	 282.9954833984375	 488.4781799316406	 67773.171875
39761880.0	 284.5434265136719	 494.5165710449219	 69396.96875
39761968.0	 284.78387451171875	 512.0458984375	 72108.3984375
39762060.0	 284.85107421875	 497.50347900390625	 72013.3359375
39762148.0	 287.6382141113281	 492.95928955078125	 66053.0703125
39762236.0	 287.746337890625	 495.3450622558594	 66336.7734375
39762324.0	 287.6004638671875	 486.8857727050781	 63775.3671875
39762412.0	 288.6279602050781	 489.51177978515625	 64511.625
39762500.0	 288.5302734375	 496.87823486328125	 66239.9765625
39762592.0	 288.9095458984375	 492.2578125	 64980.90234375
39762684.0	 288.5724792480469	 493.3504943847656	 64735.3515625
39762772.0	 288.4803161621094	 491.5284423828125	 63243.5546875
39762860.0	 288.95977783203125	 496.27880859375	 65788.9375
39763040.0	 288.90545654296875	 494.4797058105469	 64418.6640625
39763128.0	 289.12353515625	 498.6394958496094	 67039.7890625
39763216.0	 288.4988708496094	 499.7557373046875	 71666.1875
39763304.0	 288.70025634765625	 498.0824279785156	 67801.5234375
39763396.0	 287.81475830078125	 495.7978210449219	 66250.3046875
39763484.0	 287.1160583496094	 498.53814697265625	 69224.6953125
39763572.0	 287.5869140625	 495.4065246582031	 67870.9453125
39763660.0	 286.3908996582031	 502.36181640625	 69224.7421875
39763748.0	 286.425048828125	 494.38641357421875	 67595.171875
39763840.0	 287.6392517089844	 497.5025634765625	 65757.5234375
39763924.0	 288.3683776855469	 508.67877197265625	 68481.171875
39764016.0	 291.3031311035156	 491.1856384277344	 62357.8515625
39764104.0	 291.57525634765625	 493.50787353515625	 62969.39453125
39764196.0	 290.4400634765625	 495.80859375	 64749.42578125
39764288.0	 290.88983154296875	 490.7288818359375	 63656.49609375
39764376.0	 290.48065185546875	 497.868408203125	 64868.515625
39764464.0	 289.86700439453125	 503.7399597167969	 67553.2421875
39764552.0	 289.100830078125	 492.62579345703125	 66174.359375
39764644.0	 288.5184020996094	 505.3716735839844	 65496.765625
39764732.0	 288.57342529296875	 494.5449523925781	 65019.546875
39764820.0	 285.2666931152344	 475.4383850097656	 62091.5625
39764908.0	 285.42022705078125	 467.8887023925781	 61655.5546875
39764996.0	 284.2275695800781	 460.5051574707031	 60304.578125
39765088.0	 284.3792419433594	 461.87701416015625	 60955.09375
39765176.0	 284.8351135253906	 463.2337951660156	 60025.5546875
39765264.0	 286.7506103515625	 466.972412109375	 59765.24609375
39765352.0	 286.8440856933594	 470.4903564453125	 59875.140625
39765440.0	 287.5366516113281	 475.8883361816406	 60052.609375
39765528.0	 289.5529479980469	 474.63909912109375	 59038.4296875
39765620.0	 290.7994689941406	 465.69720458984375	 56895.25
39765712.0	 290.1629333496094	 467.62518310546875	 61267.92578125
39765800.0	 291.7367248535156	 466.6713562011719	 58353.3125
39765976.0	 292.22357177734375	 455.72406005859375	 57398.4453125
39766068.0	 292.46307373046875	 460.5703430175781	 56318.39453125
39766156.0	 292.17236328125	 464.4704284667969	 57131.75390625
39766244.0	 292.17254638671875	 464.4115905761719	 59908.1484375
39766336.0	 292.4340515136719	 452.0834655761719	 59332.57421875
39766420.0	 292.3320617675781	 458.1595458984375	 62005.90234375
39766512.0	 292.4267272949219	 458.22503662109375	 59552.234375
39766600.0	 292.4537658691406	 461.5320129394531	 60903.12890625
39766692.0	 291.7287292480469	 462.7371826171875	 61758.91796875
39766776.0	 292.7722473144531	 454.6457824707031	 59418.01171875
39766868.0	 292.81829833984375	 455.30474853515625	 60516.8671875
39766956.0	 292.6773681640625	 449.4722595214844	 57213.5078125
39767048.0	 293.0720520019531	 444.7229919433594	 59229.2265625
39767132.0	 292.7728271484375	 433.12896728515625	 56522.0859375
39767224.0	 291.330322265625	 452.10601806640625	 63418.24609375
39767316.0	 291.63348388671875	 451.9561462402344	 60832.484375
39767404.0	 290.39910888671875	 458.77349853515625	 60981.18359375
39767492.0	 291.3568115234375	 460.7480773925781	 62841.14453125
39767584.0	 290.9081726074219	 456.8211364746094	 62403.94921875
39767672.0	 291.19488525390625	 460.3444519042969	 63642.71484375
39767760.0	 292.23046875	 449.1728515625	 60530.109375
39767848.0	 291.6209411621094	 459.89495849609375	 61383.4765625
39767936.0	 291.2445983886719	 452.4202575683594	 64999.73046875
39768024.0	 290.2033996582031	 461.2745361328125	 63788.078125
39768116.0	 288.54583740234375	 476.2706604003906	 68010.28125
39768204.0	 289.52178955078125	 472.36737060546875	 66161.9765625
39768292.0	 288.9660339355469	 467.7176818847656	 66416.2265625
39768380.0	 289.8569641113281	 460.25592041015625	 62634.8984375
39768472.0	 291.6479797363281	 430.6476745605469	 63912.859375
39768560.0	 294.7122802734375	 460.4367980957031	 62042.484375
39768648.0	 295.44439697265625	 448.09246826171875	 63422.625
39768740.0	 295.7718200683594	 452.900634765625	 62147.26953125
39768920.0	 294.6926574707031	 450.0685119628906	 55909.55859375
39769008.0	 295.02178955078125	 469.6708068847656	 66785.46875
39769096.0	 296.7864685058594	 467.2445373535156	 68244.0234375
39769184.0	 296.6497802734375	 438.7668762207031	 60843.49609375
39769272.0	 296.64508056640625	 456.492431640625	 66304.265625
39769364.0	 297.2000427246094	 427.58905029296875	 63935.36328125
39769452.0	 297.18499755859375	 445.4362487792969	 68270.53125
39769544.0	 296.8451843261719	 456.4179382324219	 68909.5859375
39769628.0	 294.6192626953125	 428.55352783203125	 62566.25390625
39769720.0	 294.0110168457031	 420.5912170410156	 61224.24609375
39769808.0	 295.7018737792969	 434.0555114746094	 67925.078125
39769896.0	 296.447509765625	 424.725830078125	 65028.734375
39769984.0	 296.578369140625	 450.97076416015625	 67416.3046875
39770072.0	 298.43048095703125	 436.9066162109375	 60970.1171875
39770164.0	 297.8334655761719	 453.5343322753906	 70416.9375
39770252.0	 298.523681640625	 437.9998779296875	 65550.6640625
39770340.0	 298.6049499511719	 443.3621520996094	 70006.25
39770428.0	 298.05767822265625	 448.7577819824219	 67021.0390625
39770520.0	 298.3863830566406	 447.1081237792969	 66882.203125
39770612.0	 298.393798828125	 445.1119384765625	 63835.4765625
39770700.0	 298.33172607421875	 435.4366760253906	 61475.8046875
39770788.0	 296.74578857421875	 444.6256103515625	 66451.9140625
39770876.0	 298.33966064453125	 437.2349853515625	 62494.74609375
39770968.0	 297.4364929199219	 428.39697265625	 60093.16796875
39771056.0	 298.3479919433594	 439.3180847167969	 61675.23046875
39771144.0	 297.9902648925781	 435.7110290527344	 62655.90234375
39771236.0	 297.8725280761719	 435.2812805175781	 63882.55078125
39771324.0	 298.01312255859375	 434.2351989746094	 63793.58984375
39771412.0	 298.50299072265625	 429.2059631347656	 61771.1875
39771500.0	 295.0604248046875	 390.113525390625	 55338.6171875
39771588.0	 293.52288818359375	 398.8178405761719	 57397.16796875
39771676.0	 293.3547668457031	 400.73236083984375	 60529.42578125
39771856.0	 294.0503234863281	 393.8287658691406	 55311.61328125
39771944.0	 293.6773986816406	 414.7034606933594	 62688.203125
39772036.0	 294.7085266113281	 398.41156005859375	 55551.5390625
39772124.0	 294.63763427734375	 403.4674987792969	 56750.96875
39772216.0	 294.3782653808594	 400.5506896972656	 57644.78515625
39772304.0	 293.4306640625	 402.1800231933594	 57416.27734375
39772392.0	 293.4966125488281	 402.4129638671875	 58719.60546875
39772480.0	 293.0097351074219	 396.23046875	 57647.05859375
39772568.0	 293.5514831542969	 401.4825744628906	 60318.2578125
39772660.0	 293.3971252441406	 404.600830078125	 57892.47265625
39772748.0	 294.453369140625	 397.1195373535156	 56075.33984375
39772836.0	 293.87945556640625	 396.9132080078125	 55435.16015625
39772924.0	 293.2769470214844	 404.0791015625	 59167.9296875
39773012.0	 293.0274963378906	 403.20208740234375	 57982.03125
39773104.0	 294.1530456542969	 402.3143615722656	 59537.6484375
39773192.0	 294.3092041015625	 394.4586486816406	 56120.8671875
39773284.0	 293.2962341308594	 405.2654724121094	 58512.4921875
39773372.0	 293.6145324707031	 407.17919921875	 59736.39453125
39773460.0	 293.37957763671875	 401.0319519042969	 60449.8203125
39773548.0	 293.6802673339844	 398.4895935058594	 57509.53125
39773636.0	 293.7855529785156	 400.6684265136719	 58035.5078125
39773724.0	 293.1761474609375	 400.64068603515625	 58389.44140625
39773816.0	 293.1810302734375	 400.44769287109375	 59151.23828125
39773908.0	 293.2425842285156	 410.5010986328125	 61414.0625
39773996.0	 294.3436279296875	 390.974853515625	 55923.66015625
39774084.0	 293.84002685546875	 401.8680114746094	 58513.9140625
39774172.0	 293.51708984375	 397.9873962402344	 58421.00390625
39774264.0	 293.2633056640625	 396.1654968261719	 59540.83984375
39774352.0	 297.5515441894531	 427.8896179199219	 64497.44140625
39774440.0	 294.1682434082031	 403.15850830078125	 58928.796875
39774528.0	 294.7818603515625	 433.0439147949219	 63909.55859375
39774616.0	 295.73590087890625	 435.0378112792969	 57252.75390625
39774796.0	 295.7151794433594	 417.0216979980469	 53618.43359375
39774884.0	 294.62158203125	 423.1065368652344	 57935.78515625
39774972.0	 292.5069274902344	 429.2164001464844	 70478.9609375
39775060.0	 293.4949645996094	 426.0092468261719	 61283.609375
39775152.0	 293.358642578125	 424.06365966796875	 65682.7421875
39775240.0	 294.2829284667969	 424.5813293457031	 60916.375
39775328.0	 294.50579833984375	 416.0469970703125	 60065.7109375
39775416.0	 294.1955871582031	 414.1463623046875	 59492.90625
39775508.0	 293.6928405761719	 405.5653381347656	 60229.234375
39775596.0	 294.44183349609375	 416.9827575683594	 58339.9296875
39775688.0	 294.33416748046875	 417.09625244140625	 59335.5703125
39775780.0	 293.6015930175781	 421.7401428222656	 61590.67578125
39775868.0	 294.69781494140625	 406.93609619140625	 56347.9296875
39775956.0	 294.2527770996094	 415.125	 60094.78515625
39776044.0	 295.0523681640625	 405.5503234863281	 55828.953125
39776132.0	 294.3752136230469	 409.6607971191406	 58811.359375
39776224.0	 295.4020080566406	 408.6249694824219	 55401.87109375
39776308.0	 294.0647277832031	 410.90789794921875	 61156.52734375
39776400.0	 292.7121887207031	 404.7691955566406	 59031.24609375
39776488.0	 294.1010437011719	 406.8036804199219	 58423.6484375
39776580.0	 294.0540466308594	 406.4224853515625	 58095.09765625
39776664.0	 293.76715087890625	 409.5100402832031	 63651.69921875
39776756.0	 293.738037109375	 401.560791015625	 58539.9921875
39776844.0	 294.88525390625	 403.84698486328125	 55238.60546875
39776932.0	 293.89776611328125	 406.4494934082031	 57758.4453125
39777020.0	 294.7618408203125	 403.93267822265625	 59119.03515625
39777108.0	 294.76727294921875	 405.98052978515625	 57700.0234375
39777200.0	 293.66644287109375	 411.9859619140625	 59520.6015625
39777288.0	 294.1475524902344	 407.27716064453125	 58220.70703125
39777376.0	 294.55377197265625	 398.4029235839844	 57449.85546875
39777472.0	 294.5473327636719	 401.98040771484375	 58076.59375
39777560.0	 293.4481201171875	 402.555419921875	 59223.04296875
39777736.0	 293.7397766113281	 404.3416748046875	 55601.1484375
39777828.0	 293.7280578613281	 412.4440002441406	 56830.34375
39777916.0	 294.1573486328125	 402.13165283203125	 55824.04296875
39778004.0	 293.92071533203125	 396.6995544433594	 56210.828125
39778092.0	 293.822509765625	 406.203125	 59168.97265625
39778180.0	 293.9385070800781	 403.1941833496094	 58971.671875
39778272.0	 294.44732666015625	 412.63531494140625	 60025.42578125
39778356.0	 295.37005615234375	 397.496337890625	 55541.4375
39778448.0	 295.0250244140625	 399.0716552734375	 57470.0
39778536.0	 294.3995666503906	 402.4359130859375	 55997.3671875
39778628.0	 293.5591125488281	 403.3948669433594	 59642.9296875
39778712.0	 294.8724365234375	 399.14239501953125	 57177.66015625
39778804.0	 294.783203125	 398.1621398925781	 58470.5234375
39778892.0	 294.5572204589844	 406.07122802734375	 59001.421875
39778980.0	 295.6690979003906	 395.066650390625	 54433.8359375
39779068.0	 294.726318359375	 409.8877868652344	 60968.734375
39779156.0	 294.0793151855469	 417.2677307128906	 61233.03515625
39779248.0	 293.3367614746094	 415.1541748046875	 63618.97265625
39779340.0	 293.90557861328125	 416.00244140625	 58335.390625
39779428.0	 292.7702331542969	 420.2121276855469	 63766.5
39779516.0	 294.0643310546875	 418.7264099121094	 59605.5234375
39779608.0	 294.50732421875	 432.09979248046875	 59865.6015625
39779696.0	 292.9288635253906	 422.4004821777344	 63184.2578125
39779784.0	 293.1929016113281	 411.05914306640625	 59441.84375
39779872.0	 292.4563903808594	 424.6520690917969	 63738.78515625
39779964.0	 293.29425048828125	 415.6971130371094	 61381.55078125
39780052.0	 292.5653381347656	 418.50390625	 60436.42578125
39780140.0	 291.4169006347656	 427.28350830078125	 61920.44140625
39780228.0	 291.6828308105469	 420.5447998046875	 61082.6953125
39780320.0	 290.710205078125	 424.1500549316406	 60061.4609375
39780404.0	 292.9132385253906	 404.952880859375	 59040.2109375
39780496.0	 292.9095458984375	 407.6598205566406	 60073.0
39780676.0	 293.02044677734375	 412.3158264160156	 57530.68359375
39780764.0	 292.5068664550781	 419.13800048828125	 61146.01171875
39780852.0	 292.38214111328125	 416.68597412109375	 61414.26171875
39780940.0	 292.1589050292969	 417.1296691894531	 58150.0078125
39781028.0	 290.1383056640625	 450.23345947265625	 61736.03515625
39781116.0	 289.7856750488281	 457.06036376953125	 60652.4453125
39781212.0	 290.991455078125	 458.47430419921875	 62267.77734375
39781300.0	 290.8924255371094	 460.5792236328125	 59724.33203125
39781388.0	 290.86151123046875	 452.28564453125	 61279.44921875
39781476.0	 291.05950927734375	 447.026611328125	 58487.27734375
39781564.0	 290.6351013183594	 450.5149230957031	 59530.0234375
39781656.0	 290.23504638671875	 460.9126892089844	 61337.328125
39781744.0	 290.9748840332031	 456.1955261230469	 61871.47265625
39781832.0	 290.7862243652344	 456.5829772949219	 60094.234375
39781920.0	 292.63092041015625	 448.5193176269531	 58309.828125
39782012.0	 290.4703369140625	 455.5101013183594	 58611.4765625
39782096.0	 289.97967529296875	 459.4342956542969	 61749.91796875
39782188.0	 291.10308837890625	 456.69970703125	 60170.12109375
39782276.0	 290.7054748535156	 445.4158935546875	 61731.3359375
39782368.0	 291.0947570800781	 440.08270263671875	 61108.9296875
39782456.0	 291.3323059082031	 442.0174865722656	 61766.39453125
39782544.0	 291.1196594238281	 437.3242492675781	 60976.546875
39782636.0	 290.1328430175781	 449.76202392578125	 63334.3671875
39782724.0	 289.5453186035156	 443.8205871582031	 60248.3359375
39782812.0	 289.2062683105469	 446.8628845214844	 60596.92578125
39782900.0	 288.01617431640625	 444.2043762207031	 60697.65234375
39782988.0	 288.0498352050781	 451.57122802734375	 62505.015625
39783076.0	 286.7411193847656	 448.4782409667969	 66740.03125
39783168.0	 290.09564208984375	 437.6415100097656	 63333.39453125
39783260.0	 287.5252380371094	 452.8267517089844	 64934.41015625
39783348.0	 289.2320861816406	 447.2039794921875	 62578.984375
39783436.0	 289.4517517089844	 441.5039367675781	 62022.39453125
39783616.0	 291.2568664550781	 443.1861877441406	 59049.98828125
39783704.0	 290.7303771972656	 442.9158935546875	 63601.015625
39783792.0	 291.8595886230469	 439.55584716796875	 59633.03515625
39783880.0	 291.25762939453125	 442.08233642578125	 61922.234375
39783968.0	 290.7796630859375	 442.7078552246094	 62860.37109375
39784060.0	 290.1857604980469	 448.6740417480469	 62284.63671875
39784148.0	 290.122802734375	 453.2332763671875	 63006.0234375
39784236.0	 291.7681884765625	 433.68365478515625	 59467.390625
39784324.0	 290.391357421875	 447.43695068359375	 62467.09375
39784412.0	 290.8724365234375	 446.09130859375	 61400.03515625
39784500.0	 290.8449401855469	 455.1527099609375	 66436.15625
39784592.0	 289.75726318359375	 455.8945617675781	 62585.16015625
39784684.0	 291.1768493652344	 438.33245849609375	 59914.7578125
39784768.0	 290.88433837890625	 444.9908142089844	 60670.90625
39784860.0	 290.5732727050781	 442.0614013671875	 60501.5
39784948.0	 289.07568359375	 452.6550598144531	 61644.9140625
39785036.0	 290.51068115234375	 448.1059875488281	 62482.21484375
39785124.0	 291.1639709472656	 441.9670104980469	 61860.62890625
39785220.0	 290.8153076171875	 439.9814758300781	 60706.671875
39785308.0	 291.5057373046875	 435.99444580078125	 61280.51171875
39785396.0	 291.36322021484375	 439.10693359375	 59623.88671875
39785484.0	 290.8994445800781	 444.36529541015625	 61610.21484375
39785576.0	 290.7159729003906	 453.627685546875	 62074.59765625
39785664.0	 290.962646484375	 451.97760009765625	 62291.9453125
39785752.0	 291.4716796875	 442.6302185058594	 61989.60546875
39785840.0	 291.0699462890625	 449.4927978515625	 60261.6015625
39785928.0	 290.2390441894531	 453.2471923828125	 60401.9140625
39786020.0	 291.08966064453125	 449.2977294921875	 61401.296875
39786104.0	 291.0636291503906	 449.8852233886719	 62511.19140625
39786196.0	 290.8861389160156	 450.44500732421875	 61750.25390625
39786284.0	 291.97003173828125	 449.2576904296875	 61112.85546875
39786372.0	 292.53582763671875	 441.0518493652344	 57881.90234375
39786552.0	 289.4920349121094	 447.90960693359375	 56594.203125
39786640.0	 289.5540771484375	 454.5269775390625	 60025.28125
39786728.0	 288.99493408203125	 456.3608703613281	 59219.8359375
39786820.0	 289.35760498046875	 450.66729736328125	 59427.296875
39786908.0	 291.49884033203125	 451.9279479980469	 57626.5546875
39786996.0	 287.9795837402344	 456.9757080078125	 60776.140625
39787084.0	 289.9122314453125	 457.56488037109375	 60061.9296875
39787172.0	 291.05657958984375	 454.0782165527344	 55603.57421875
39787268.0	 290.2049865722656	 445.0274353027344	 56851.1015625
39787356.0	 289.8526611328125	 453.3874816894531	 58477.9296875
39787444.0	 289.6756591796875	 459.61810302734375	 57692.0
39787536.0	 289.82550048828125	 462.997802734375	 57329.02734375
39787624.0	 291.64154052734375	 452.3233642578125	 54712.234375
39787712.0	 293.0732727050781	 452.49810791015625	 53652.2421875
39787800.0	 293.81158447265625	 450.1932373046875	 53017.6015625
39787888.0	 294.52362060546875	 448.3195495605469	 52687.25
39787976.0	 295.4527587890625	 441.9395446777344	 53142.83984375
39788064.0	 292.8892822265625	 444.2224426269531	 52340.78125
39788156.0	 292.47705078125	 456.1773681640625	 55871.5234375
39788244.0	 293.8274230957031	 450.09521484375	 52959.9375
39788336.0	 294.96832275390625	 440.32421875	 51460.80859375
39788420.0	 295.46954345703125	 449.8537902832031	 52528.59375
39788512.0	 296.82269287109375	 453.5664367675781	 55816.01171875
39788600.0	 299.55621337890625	 439.0932922363281	 54615.28515625
39788688.0	 292.5852355957031	 448.72064208984375	 54584.5625
39788776.0	 292.5274963378906	 433.0076599121094	 52916.80078125
39788864.0	 293.83648681640625	 429.38238525390625	 56640.83203125
39788956.0	 293.3634948730469	 427.09552001953125	 55801.4296875
39789044.0	 292.45135498046875	 431.6036682128906	 61611.4140625
39789136.0	 293.4233703613281	 428.4913330078125	 57224.23828125
39789224.0	 293.83026123046875	 429.644287109375	 57920.72265625
39789312.0	 293.6429138183594	 434.76409912109375	 61394.234375
39789492.0	 294.06524658203125	 418.2426452636719	 53557.67578125
39789584.0	 293.4366455078125	 430.4857482910156	 58810.734375
39789668.0	 294.5025329589844	 423.72064208984375	 54312.37109375
39789760.0	 293.2937316894531	 434.4811706542969	 56407.70703125
39789848.0	 294.6382141113281	 424.09527587890625	 55796.953125
39789936.0	 293.5303955078125	 429.54852294921875	 59580.04296875
39790028.0	 292.3092346191406	 430.8328552246094	 60459.65234375
39790116.0	 293.1810302734375	 432.68402099609375	 58866.19921875
39790204.0	 294.028564453125	 420.53369140625	 55358.109375
39790292.0	 293.41082763671875	 420.726806640625	 57333.6015625
39790380.0	 293.3855895996094	 419.7705383300781	 55062.65625
39790472.0	 293.7638244628906	 418.838134765625	 57643.9765625
39790560.0	 293.3595275878906	 420.88287353515625	 56334.46875
39790648.0	 294.0436706542969	 420.13934326171875	 56597.36328125
39790736.0	 293.7667541503906	 421.13720703125	 53133.5078125
39790824.0	 291.5978088378906	 423.1522521972656	 55735.26953125
39790916.0	 292.4423828125	 425.7037353515625	 56352.828125
39791004.0	 293.3763732910156	 427.8774719238281	 56583.27734375
39791092.0	 292.4395446777344	 429.70849609375	 60396.28515625
39791180.0	 292.0748291015625	 434.2815246582031	 57292.51953125
39791272.0	 292.5675354003906	 436.8238525390625	 58921.76171875
39791360.0	 291.8166809082031	 433.2218017578125	 54969.3515625
39791448.0	 291.2859802246094	 436.70989990234375	 57437.8046875
39791536.0	 291.910400390625	 437.5177001953125	 58863.94140625
39791628.0	 291.5956726074219	 433.2325439453125	 56242.41796875
39791720.0	 292.218505859375	 436.0411376953125	 58045.44140625
39791808.0	 290.527099609375	 436.82550048828125	 58573.46484375
39791896.0	 290.2200622558594	 444.7036437988281	 57877.58203125
39791988.0	 291.50372314453125	 437.4129943847656	 55304.02734375
39792076.0	 290.84039306640625	 440.9635925292969	 56607.0546875
39792164.0	 290.8267517089844	 441.5728454589844	 57169.45703125
39792252.0	 291.801513671875	 434.9554443359375	 55145.16796875
39792428.0	 292.0362548828125	 426.181396484375	 51524.9609375
39792520.0	 291.1923828125	 439.02960205078125	 56139.9375
39792608.0	 291.7480773925781	 436.11065673828125	 56170.671875
39792696.0	 290.8627624511719	 432.42486572265625	 54365.49609375
39792788.0	 290.5964660644531	 428.769287109375	 54927.82421875
39792876.0	 290.84588623046875	 435.21343994140625	 56777.23046875
39792964.0	 291.0091552734375	 431.2919006347656	 58206.21875
39793052.0	 291.9540710449219	 423.43194580078125	 55815.48046875
39793140.0	 293.4770202636719	 425.6995849609375	 54100.94140625
39793232.0	 293.2274475097656	 427.7261657714844	 57429.9765625
39793316.0	 293.8077697753906	 425.9820251464844	 56045.34765625
39793408.0	 294.25396728515625	 434.02764892578125	 57992.88671875
39793496.0	 295.42681884765625	 429.0723571777344	 58153.76953125
39793588.0	 294.95953369140625	 417.78570556640625	 54272.94140625
39793676.0	 294.0917053222656	 435.4389343261719	 57785.8515625
39793764.0	 294.8775939941406	 428.257080078125	 56334.4921875
39793856.0	 294.45458984375	 434.449462890625	 57932.77734375
39793940.0	 295.0307312011719	 434.7726745605469	 57113.01953125
39794036.0	 294.96527099609375	 431.5076904296875	 56323.76953125
