START:	 57.00000000000054
END:	 57.10000000000054

r [km]	 vr [km/s]	 np [cm-3]	 T [K]
39654916.0	 304.60260009765625	 495.2953186035156	 63310.8671875
39655004.0	 304.5614318847656	 496.8669128417969	 63267.74609375
39655092.0	 304.5043640136719	 497.0093078613281	 62400.40234375
39655184.0	 304.3394775390625	 497.60711669921875	 63159.2421875
39655272.0	 304.2955627441406	 497.8961181640625	 63313.1640625
39655360.0	 304.30914306640625	 496.8636474609375	 63687.1171875
39655448.0	 304.36065673828125	 495.5704040527344	 62792.76953125
39655540.0	 304.38555908203125	 495.36224365234375	 63330.87109375
39655628.0	 304.5262451171875	 497.59942626953125	 64022.89453125
39655716.0	 304.2906188964844	 500.6260070800781	 64991.46484375
39655808.0	 304.273193359375	 499.93719482421875	 65012.80078125
39655896.0	 304.58624267578125	 496.25262451171875	 63310.62890625
39655984.0	 304.7028503417969	 493.11395263671875	 62346.29296875
39656076.0	 304.4942321777344	 496.9520263671875	 65612.3046875
39656160.0	 304.5795593261719	 496.0117492675781	 64143.93359375
39656248.0	 304.7306823730469	 497.5403137207031	 64682.9140625
39656340.0	 304.2247314453125	 498.2421875	 66124.3984375
39656432.0	 304.28521728515625	 497.477294921875	 63845.09765625
39656520.0	 304.1840515136719	 497.13311767578125	 64519.62109375
39656608.0	 304.503662109375	 495.5483703613281	 63564.37109375
39656696.0	 304.2390441894531	 498.19586181640625	 65617.03125
39656784.0	 304.0588684082031	 496.2449035644531	 64573.93359375
39656876.0	 304.249755859375	 496.21649169921875	 65971.5859375
39656964.0	 303.69622802734375	 503.10845947265625	 66652.8046875
39657144.0	 305.0729064941406	 488.4642333984375	 59449.48046875
39657236.0	 303.9519348144531	 499.4770812988281	 65008.60546875
39657324.0	 304.413330078125	 491.64263916015625	 62023.05078125
39657412.0	 304.2381591796875	 498.92987060546875	 64561.5546875
39657500.0	 303.8994140625	 502.89642333984375	 66196.2890625
39657588.0	 304.1761169433594	 497.0797424316406	 64055.66796875
39657676.0	 303.76580810546875	 498.9564514160156	 65963.5859375
39657772.0	 304.2768859863281	 493.3782653808594	 61964.91015625
39657860.0	 304.15435791015625	 500.78857421875	 65886.3515625
39657948.0	 304.13494873046875	 495.8053894042969	 66652.6171875
39658036.0	 304.66033935546875	 494.70098876953125	 64328.44140625
39658128.0	 304.1646728515625	 500.7143249511719	 63739.11328125
39658212.0	 304.78985595703125	 493.00872802734375	 63214.54296875
39658300.0	 304.3546142578125	 496.0157165527344	 64958.84765625
39658392.0	 304.3018493652344	 499.106201171875	 64527.94921875
39658484.0	 304.7594299316406	 491.6409912109375	 63096.6796875
39658572.0	 304.9451904296875	 495.474365234375	 64456.53515625
39658660.0	 304.70391845703125	 493.506103515625	 64606.9140625
39658748.0	 304.9922180175781	 493.6025085449219	 63435.703125
39658836.0	 305.26727294921875	 491.861083984375	 63006.765625
39658928.0	 304.7010803222656	 491.9800720214844	 66817.3984375
39659016.0	 304.8961486816406	 493.91796875	 64137.859375
39659108.0	 304.91943359375	 496.8941650390625	 64822.9609375
39659196.0	 305.41131591796875	 496.34515380859375	 65524.83984375
39659284.0	 305.4571533203125	 492.33355712890625	 63497.9453125
39659372.0	 305.5103759765625	 492.92083740234375	 63859.74609375
39659464.0	 305.3870849609375	 493.2889709472656	 64954.0703125
39659552.0	 305.5486145019531	 493.584716796875	 65714.6171875
39659640.0	 305.3043212890625	 492.0891418457031	 64992.55078125
39659732.0	 305.7682189941406	 489.4315185546875	 63472.34765625
39659820.0	 305.5715637207031	 490.92071533203125	 64595.9375
39659908.0	 305.8908386230469	 489.3116149902344	 64611.59765625
39660088.0	 305.14794921875	 485.09503173828125	 62523.015625
39660176.0	 304.52105712890625	 494.2672119140625	 64899.484375
39660264.0	 305.0014343261719	 491.4773864746094	 64407.828125
39660352.0	 304.78863525390625	 491.3148498535156	 63644.5546875
39660444.0	 304.8150939941406	 496.6441955566406	 66596.8046875
39660532.0	 304.9363098144531	 490.99127197265625	 64526.09375
39660620.0	 304.8372497558594	 495.31634521484375	 65641.0625
39660712.0	 304.419189453125	 494.89239501953125	 65631.375
39660800.0	 304.6681823730469	 495.7401428222656	 65053.7890625
39660888.0	 304.4969787597656	 498.2724914550781	 65406.5078125
39660976.0	 304.6142272949219	 490.9957580566406	 62585.78515625
39661068.0	 303.5581359863281	 498.6123962402344	 67238.546875
39661160.0	 304.4165344238281	 494.46295166015625	 65133.41796875
39661248.0	 304.30987548828125	 497.8228454589844	 66325.4296875
39661336.0	 304.3896484375	 495.1944885253906	 63840.44921875
39661424.0	 304.921630859375	 493.74676513671875	 64780.265625
39661512.0	 304.97332763671875	 492.5973205566406	 64059.63671875
39661600.0	 304.81878662109375	 487.3781433105469	 63765.65625
39661692.0	 305.0177917480469	 492.4870910644531	 64318.15234375
39661784.0	 305.68914794921875	 486.4383239746094	 62877.01953125
39661872.0	 305.2826843261719	 492.30517578125	 63586.515625
39661964.0	 304.84625244140625	 491.92205810546875	 66243.9609375
39662052.0	 304.7699279785156	 493.88140869140625	 65739.5078125
39662140.0	 304.8749694824219	 495.55316162109375	 64812.17578125
39662228.0	 304.70428466796875	 497.451416015625	 66166.7578125
39662316.0	 305.1689758300781	 492.83782958984375	 66290.8671875
39662404.0	 304.9042053222656	 493.2640075683594	 66005.9140625
39662500.0	 304.9380798339844	 494.0731201171875	 68123.9375
39662584.0	 305.1711120605469	 490.561767578125	 65992.5078125
39662672.0	 305.3908386230469	 494.34857177734375	 65653.7109375
39662764.0	 305.37078857421875	 490.0757141113281	 65667.3046875
39662852.0	 305.1101989746094	 492.96221923828125	 67346.375
39663028.0	 306.23974609375	 477.4435119628906	 61763.54296875
39663120.0	 305.7219543457031	 486.88482666015625	 62892.6328125
39663208.0	 305.6874084472656	 489.15045166015625	 64259.6171875
39663300.0	 305.3371276855469	 495.7395935058594	 67670.5703125
39663388.0	 305.7560729980469	 495.63604736328125	 67088.0078125
39663476.0	 306.15472412109375	 487.5506286621094	 64167.15625
39663564.0	 305.7172546386719	 486.76434326171875	 65481.578125
39663656.0	 305.8623046875	 488.9775390625	 65838.328125
39663740.0	 306.32354736328125	 485.6929016113281	 63399.6484375
39663832.0	 305.891357421875	 488.49737548828125	 65564.3046875
39663924.0	 305.9215393066406	 492.55987548828125	 63448.94921875
39664012.0	 305.6165466308594	 493.3945617675781	 66137.8125
39664100.0	 305.840576171875	 487.7528076171875	 64155.84375
39664192.0	 305.5770263671875	 495.1654052734375	 66546.6484375
39664280.0	 305.5628967285156	 494.455078125	 67086.25
39664368.0	 305.24041748046875	 496.0660095214844	 67038.6484375
39664456.0	 305.27276611328125	 496.3340148925781	 68095.640625
39664548.0	 305.62548828125	 492.93719482421875	 66671.921875
39664636.0	 306.04266357421875	 489.1864013671875	 65445.1875
39664728.0	 305.9459533691406	 492.0815734863281	 65909.4296875
39664816.0	 305.5695495605469	 493.1644287109375	 67058.4453125
39664904.0	 305.8515930175781	 489.91937255859375	 63846.22265625
39664992.0	 305.4455871582031	 493.96392822265625	 66785.421875
39665080.0	 305.6098937988281	 487.69793701171875	 64756.83203125
39665168.0	 305.4921569824219	 495.3197021484375	 67176.453125
39665260.0	 305.9766845703125	 492.0061950683594	 64550.546875
39665348.0	 305.85040283203125	 489.5447692871094	 64090.72265625
39665440.0	 305.7389831542969	 495.47998046875	 66527.78125
39665528.0	 305.951171875	 489.7563171386719	 64423.1875
39665616.0	 305.7350769042969	 491.8903503417969	 65205.98828125
39665704.0	 305.4310607910156	 495.16229248046875	 65353.39453125
39665792.0	 305.1861267089844	 493.3955993652344	 67989.9765625
39665976.0	 305.7198486328125	 483.7222900390625	 63269.86328125
39666064.0	 305.42877197265625	 490.2862548828125	 64934.81640625
39666152.0	 305.2630615234375	 491.8537292480469	 66777.59375
39666240.0	 305.1525573730469	 490.5660705566406	 66595.765625
39666328.0	 304.65875244140625	 496.160888671875	 66990.265625
39666420.0	 305.21087646484375	 492.9756164550781	 63373.70703125
39666508.0	 305.7064208984375	 484.6477966308594	 63409.18359375
39666600.0	 304.9021301269531	 492.48895263671875	 68129.0625
39666688.0	 305.1362609863281	 494.7275085449219	 65533.2578125
39666776.0	 305.539794921875	 492.8768005371094	 65149.0625
39666864.0	 305.0513000488281	 492.76995849609375	 66554.2890625
39666956.0	 305.2634582519531	 490.1672058105469	 65182.7109375
39667044.0	 305.31317138671875	 492.6752624511719	 66352.2265625
39667132.0	 305.90869140625	 487.2309265136719	 63895.04296875
39667220.0	 305.88153076171875	 486.9534606933594	 64187.6796875
39667312.0	 305.9402770996094	 485.8625183105469	 63610.67578125
39667400.0	 305.830078125	 491.5180969238281	 65287.0859375
39667488.0	 305.483642578125	 494.3531799316406	 67086.1796875
39667576.0	 305.3565368652344	 492.51123046875	 66623.75
39667668.0	 305.733642578125	 490.1021423339844	 63627.82421875
39667756.0	 305.3915710449219	 492.0982666015625	 66730.515625
39667844.0	 305.5867919921875	 491.75750732421875	 66393.0
39667932.0	 305.0504455566406	 491.4714050292969	 66629.8515625
39668024.0	 305.0182189941406	 492.2663879394531	 66248.328125
39668112.0	 305.5904846191406	 492.7019958496094	 65026.046875
39668204.0	 305.3351135253906	 492.5438537597656	 65137.55078125
39668292.0	 305.9332275390625	 482.78851318359375	 63551.12890625
39668380.0	 305.7047119140625	 488.3912048339844	 65744.171875
39668468.0	 305.30218505859375	 492.1658935546875	 66583.8046875
39668560.0	 305.96270751953125	 492.12890625	 66267.3046875
39668648.0	 305.8460388183594	 489.8135986328125	 66201.25
39668740.0	 305.7210388183594	 490.4486389160156	 65870.71875
39668916.0	 305.6421203613281	 487.30126953125	 63255.8984375
39669004.0	 305.5272521972656	 494.1912841796875	 66596.5234375
39669096.0	 306.0741271972656	 488.2132873535156	 64999.06640625
39669184.0	 305.7188415527344	 492.56378173828125	 65335.3515625
39669272.0	 305.8141174316406	 492.7920837402344	 65820.625
39669360.0	 305.60736083984375	 489.2555236816406	 64575.6640625
39669452.0	 305.0789794921875	 491.0072326660156	 65285.6171875
39669540.0	 304.75665283203125	 494.9476623535156	 66882.5078125
39669632.0	 304.9376220703125	 494.3104248046875	 67050.3203125
39669720.0	 305.1270751953125	 491.09417724609375	 65682.1015625
39669808.0	 304.8469543457031	 488.2868957519531	 64625.8984375
39669896.0	 304.67840576171875	 493.2725524902344	 65994.5625
39669988.0	 304.1996154785156	 496.5774841308594	 67196.5859375
39670072.0	 304.0032043457031	 501.4149475097656	 69872.6953125
39670164.0	 304.7438659667969	 494.2132568359375	 65897.796875
39670252.0	 304.5944519042969	 494.9366760253906	 65712.75
39670344.0	 304.44720458984375	 486.57476806640625	 64700.1171875
39670432.0	 304.2596740722656	 491.7809143066406	 65936.84375
39670520.0	 304.24786376953125	 492.5867614746094	 65887.7109375
39670608.0	 304.48297119140625	 490.9676513671875	 64577.92578125
39670696.0	 304.28729248046875	 493.7702331542969	 68769.21875
39670788.0	 305.35772705078125	 490.6531066894531	 64572.1875
39670880.0	 304.853515625	 495.2681884765625	 66249.6953125
39670968.0	 304.8341979980469	 493.5737609863281	 66947.734375
39671060.0	 304.6460876464844	 496.02783203125	 67047.953125
39671148.0	 305.47235107421875	 494.0331115722656	 65786.484375
39671236.0	 304.9112854003906	 496.0132751464844	 66908.0234375
39671324.0	 304.5110778808594	 493.9505310058594	 64670.12109375
39671412.0	 305.0710144042969	 492.8987731933594	 65383.41796875
39671500.0	 305.79083251953125	 481.2205505371094	 61666.3515625
39671592.0	 304.7178955078125	 490.77496337890625	 66819.671875
39671680.0	 305.1979064941406	 489.575927734375	 64383.81640625
39671860.0	 304.9629821777344	 486.7552185058594	 62473.5546875
39671948.0	 304.720703125	 491.3060302734375	 64964.96875
39672036.0	 304.3755798339844	 493.75677490234375	 66394.953125
39672124.0	 304.2159729003906	 494.2935485839844	 67145.5078125
39672216.0	 304.0814514160156	 496.9902038574219	 68140.4375
39672308.0	 304.2691955566406	 494.01666259765625	 65475.7578125
39672396.0	 304.4023132324219	 492.04461669921875	 64683.796875
39672484.0	 303.8785400390625	 497.0442810058594	 68595.625
39672572.0	 303.9057312011719	 494.8163757324219	 67414.171875
39672660.0	 303.8450927734375	 493.4986877441406	 66232.1171875
39672752.0	 303.9804992675781	 499.89324951171875	 67753.8203125
39672836.0	 304.182861328125	 495.139404296875	 65969.6796875
39672928.0	 304.2648620605469	 497.2856140136719	 65649.0234375
39673020.0	 303.6148681640625	 492.9192199707031	 66168.828125
39673108.0	 303.7833557128906	 501.78472900390625	 67887.7421875
39673196.0	 303.78558349609375	 494.32403564453125	 65402.05078125
39673288.0	 304.0997619628906	 494.42333984375	 65328.96484375
39673376.0	 304.2313232421875	 492.8470764160156	 65064.0234375
39673464.0	 304.33306884765625	 490.8899230957031	 64202.59765625
39673552.0	 304.0036926269531	 495.7054443359375	 65238.234375
39673644.0	 303.7564697265625	 492.896728515625	 64922.32421875
39673736.0	 303.6651916503906	 495.5472412109375	 66815.9609375
39673824.0	 303.91064453125	 497.02532958984375	 66191.90625
39673912.0	 303.64923095703125	 497.41290283203125	 67066.15625
39674000.0	 304.31536865234375	 494.6566467285156	 64482.98046875
39674088.0	 303.7720642089844	 491.48382568359375	 65110.015625
39674180.0	 303.5857238769531	 496.5234069824219	 65754.953125
39674264.0	 303.23583984375	 493.07586669921875	 65203.5
39674356.0	 303.4395446777344	 493.8639221191406	 66426.625
39674444.0	 303.39801025390625	 499.0967712402344	 67557.2734375
39674536.0	 303.46575927734375	 493.29888916015625	 66865.7421875
39674624.0	 303.985107421875	 499.620361328125	 68257.421875
39674800.0	 305.3002014160156	 487.3961181640625	 62510.54296875
39674892.0	 304.4484558105469	 494.8207092285156	 66859.765625
39674980.0	 304.9045104980469	 486.72607421875	 64597.328125
39675068.0	 304.71697998046875	 490.1845703125	 66480.8046875
39675160.0	 304.59906005859375	 493.00042724609375	 66155.796875
39675248.0	 304.765625	 494.94342041015625	 66590.984375
39675336.0	 304.9818115234375	 485.7288818359375	 63872.84375
39675428.0	 304.77203369140625	 487.02667236328125	 64603.58203125
39675516.0	 304.19171142578125	 496.19207763671875	 67125.7421875
39675604.0	 304.0799560546875	 491.90753173828125	 65436.1640625
39675692.0	 304.2781677246094	 494.4486389160156	 65179.96875
39675780.0	 304.593994140625	 488.6706848144531	 64841.8984375
39675872.0	 304.6283874511719	 491.9481506347656	 66769.328125
39675964.0	 304.7527160644531	 487.1569519042969	 63866.8984375
39676052.0	 304.12890625	 494.5439147949219	 65717.84375
39676140.0	 304.6048583984375	 489.2900695800781	 65835.7421875
39676228.0	 304.04205322265625	 493.180908203125	 65934.5078125
39676316.0	 305.0537109375	 493.3719787597656	 65296.84375
39676404.0	 305.0685119628906	 491.73388671875	 65861.078125
39676496.0	 304.94293212890625	 492.4157409667969	 67070.28125
39676584.0	 304.99432373046875	 491.2357482910156	 66501.3671875
39676676.0	 304.9117431640625	 489.55902099609375	 64778.09375
39676764.0	 304.34967041015625	 492.2588806152344	 64779.6484375
39676856.0	 304.22344970703125	 489.22833251953125	 65188.26953125
39676944.0	 304.7426452636719	 489.3189697265625	 63522.63671875
39677032.0	 304.87042236328125	 487.1903076171875	 63584.24609375
39677120.0	 304.025634765625	 495.7323913574219	 67970.2578125
39677208.0	 304.37890625	 492.69677734375	 67246.9375
39677296.0	 304.7060241699219	 490.3169250488281	 65368.3515625
39677388.0	 304.3563232421875	 493.9841003417969	 65353.640625
39677476.0	 304.58074951171875	 498.81536865234375	 67555.6328125
39677568.0	 305.1844177246094	 490.4541320800781	 65360.09765625
39677744.0	 303.7978210449219	 488.26025390625	 61850.66015625
39677832.0	 303.8858947753906	 492.7440490722656	 62992.7109375
39677924.0	 304.44073486328125	 486.2803955078125	 63599.63671875
39678012.0	 304.3398132324219	 490.90582275390625	 63917.0234375
39678104.0	 303.9390563964844	 489.9440612792969	 65715.4453125
39678192.0	 303.8195495605469	 490.73443603515625	 66101.4921875
39678280.0	 304.19561767578125	 490.40496826171875	 65349.546875
39678368.0	 303.6990966796875	 488.8593444824219	 65104.7890625
39678460.0	 304.2794494628906	 491.2760009765625	 64222.9140625
39678548.0	 303.48126220703125	 496.5946350097656	 66293.9140625
39678636.0	 303.97821044921875	 490.1483154296875	 64714.96875
39678724.0	 304.03509521484375	 487.7649230957031	 63767.88671875
39678812.0	 303.5455627441406	 493.7685241699219	 66180.1640625
39678904.0	 304.24658203125	 490.7674255371094	 64358.96875
39678992.0	 304.01116943359375	 487.3819274902344	 63177.83203125
39679080.0	 303.89617919921875	 486.518798828125	 63413.96875
39679172.0	 303.6385192871094	 490.4129943847656	 66191.8046875
39679260.0	 303.2168884277344	 496.0111999511719	 67791.7734375
39679348.0	 303.7557067871094	 488.5388488769531	 63465.7421875
39679436.0	 303.73736572265625	 488.2332458496094	 66751.5859375
39679528.0	 303.86798095703125	 488.2502746582031	 65016.28125
39679616.0	 304.1315002441406	 490.74114990234375	 64946.55859375
39679708.0	 303.97955322265625	 490.91168212890625	 66375.453125
39679796.0	 303.58135986328125	 492.27239990234375	 66643.4921875
39679884.0	 303.7489318847656	 489.9342956542969	 64616.82421875
39679972.0	 302.46221923828125	 491.4441833496094	 66624.8671875
39680064.0	 302.8184509277344	 493.9806213378906	 66696.75
39680152.0	 303.363037109375	 494.9561767578125	 67611.2421875
39680240.0	 303.077880859375	 493.55511474609375	 67202.8125
39680332.0	 303.5455627441406	 497.12591552734375	 65621.9375
39680424.0	 303.2454833984375	 497.152587890625	 68398.59375
39680508.0	 303.83197021484375	 490.4195556640625	 63874.75390625
39680688.0	 304.3388366699219	 481.76104736328125	 61412.546875
39680776.0	 303.6695251464844	 495.12261962890625	 66605.125
39680864.0	 303.49273681640625	 492.14239501953125	 65588.03125
39680952.0	 303.564453125	 492.575927734375	 66543.6953125
39681040.0	 304.0122985839844	 491.001220703125	 63086.7734375
39681136.0	 303.40020751953125	 495.0661315917969	 67715.328125
39681224.0	 303.82666015625	 483.95013427734375	 62437.4609375
39681312.0	 303.61627197265625	 494.66033935546875	 65386.7421875
39681400.0	 303.49542236328125	 487.8899841308594	 64429.71484375
39681488.0	 303.6292419433594	 490.2626953125	 63562.28125
39681576.0	 303.6041259765625	 488.8865051269531	 64345.3359375
39681668.0	 303.44415283203125	 492.69573974609375	 66671.328125
39681756.0	 303.82928466796875	 491.1214294433594	 64155.73828125
39681848.0	 303.0931091308594	 490.8404235839844	 64631.09765625
39681936.0	 302.9949951171875	 495.3575744628906	 66230.8203125
39682028.0	 303.7592468261719	 491.75396728515625	 66077.609375
39682112.0	 303.9395751953125	 489.2586364746094	 63721.55078125
39682204.0	 303.3957214355469	 493.7679748535156	 66763.640625
39682292.0	 304.07513427734375	 486.8836669921875	 65808.5078125
39682380.0	 303.22918701171875	 488.20416259765625	 65074.31640625
39682468.0	 303.39630126953125	 494.0589599609375	 67476.875
39682560.0	 304.4268798828125	 489.6858825683594	 65550.5546875
39682652.0	 304.51629638671875	 487.34844970703125	 64608.0390625
39682740.0	 303.5661926269531	 491.72900390625	 65783.2109375
39682828.0	 303.5588684082031	 492.8802185058594	 66647.5
39682916.0	 303.34228515625	 488.7583923339844	 66171.84375
39683004.0	 303.5049133300781	 494.7766418457031	 64931.19140625
39683096.0	 303.3733215332031	 492.9884948730469	 64752.5703125
39683184.0	 303.4449157714844	 496.2756652832031	 65203.74609375
39683272.0	 302.7110595703125	 495.7957458496094	 69540.421875
39683360.0	 303.1683654785156	 493.52532958984375	 65033.1171875
39683452.0	 302.36676025390625	 495.5243225097656	 67114.609375
39683632.0	 302.7341003417969	 487.9068908691406	 62015.15625
39683720.0	 300.98394775390625	 507.8841857910156	 70491.234375
39683808.0	 301.30926513671875	 500.3036193847656	 69753.1640625
39683896.0	 301.8872985839844	 499.845703125	 67780.359375
39683988.0	 301.6407165527344	 503.3893127441406	 70099.375
39684072.0	 302.21270751953125	 497.67974853515625	 67124.4140625
39684164.0	 301.6938171386719	 504.98681640625	 71604.5390625
39684252.0	 301.86968994140625	 502.2769775390625	 70386.46875
39684344.0	 302.36529541015625	 496.62860107421875	 68352.0859375
39684432.0	 302.0224609375	 501.3134765625	 69958.15625
39684520.0	 302.6043395996094	 493.9395751953125	 67996.765625
39684612.0	 302.46563720703125	 498.3798828125	 68762.078125
39684700.0	 302.4341125488281	 498.2956848144531	 68428.2109375
39684788.0	 302.3970031738281	 497.3050231933594	 68986.375
39684876.0	 301.9585266113281	 494.164794921875	 68262.6640625
39684972.0	 301.6846008300781	 498.1063537597656	 70114.5390625
39685060.0	 302.33892822265625	 498.8634338378906	 67279.484375
39685148.0	 302.6257629394531	 497.22247314453125	 66884.2578125
39685236.0	 302.2586669921875	 501.8863525390625	 67974.15625
39685324.0	 301.8623962402344	 501.4382019042969	 69174.7578125
39685412.0	 301.6816101074219	 500.45233154296875	 70527.1484375
39685500.0	 301.7857971191406	 502.2121276855469	 68675.8203125
39685592.0	 302.3805236816406	 499.022216796875	 67737.9375
39685680.0	 302.3946533203125	 493.05145263671875	 66782.34375
39685772.0	 302.39398193359375	 489.9630126953125	 67281.1328125
39685860.0	 302.14788818359375	 496.1856384277344	 69428.3203125
39685948.0	 302.9273986816406	 490.2919006347656	 67025.4765625
39686036.0	 302.48101806640625	 497.3869934082031	 70395.53125
39686124.0	 302.295654296875	 497.19879150390625	 67681.8046875
39686212.0	 302.36859130859375	 499.7316589355469	 70288.546875
39686304.0	 302.53277587890625	 495.0403137207031	 67350.2265625
39686392.0	 302.6104431152344	 495.6008605957031	 67185.9609375
39686572.0	 302.70172119140625	 491.6625061035156	 64835.234375
39686660.0	 302.20855712890625	 497.4903869628906	 68020.6328125
39686748.0	 302.489990234375	 495.1990966796875	 67678.03125
39686840.0	 302.46917724609375	 495.0776672363281	 67705.5234375
39686928.0	 302.4584655761719	 491.1171875	 66849.921875
39687020.0	 302.3690185546875	 496.6825866699219	 66890.2421875
39687104.0	 302.7752685546875	 493.9909973144531	 65797.1171875
39687196.0	 302.26776123046875	 493.0862121582031	 66225.03125
39687288.0	 302.140380859375	 499.988525390625	 68356.8046875
39687376.0	 302.33837890625	 493.8674011230469	 66744.9140625
39687468.0	 302.1322021484375	 498.0440979003906	 66546.9453125
39687556.0	 302.4844665527344	 500.8411865234375	 66193.2421875
39687644.0	 302.6148681640625	 495.6435546875	 66359.1484375
39687732.0	 303.158935546875	 490.8128662109375	 65252.8671875
39687820.0	 302.5733947753906	 491.9461669921875	 66699.921875
39687908.0	 302.0914001464844	 500.4490661621094	 67515.734375
39687996.0	 301.8534240722656	 497.24859619140625	 67340.3125
39688092.0	 301.28656005859375	 502.6171569824219	 68089.75
39688176.0	 301.6675720214844	 502.4365539550781	 66977.0
39688264.0	 301.9516296386719	 500.2140808105469	 65524.69921875
39688356.0	 301.8447265625	 501.9731140136719	 67214.8203125
39688444.0	 301.8865966796875	 501.6263427734375	 66703.796875
39688532.0	 302.1644592285156	 498.0928039550781	 65055.83203125
39688620.0	 301.5816345214844	 500.94403076171875	 66658.125
39688708.0	 301.474853515625	 503.1485290527344	 67722.9609375
39688800.0	 301.4934997558594	 499.2427673339844	 65912.5546875
39688892.0	 301.5508117675781	 502.2850036621094	 67740.0625
39688980.0	 301.3912048339844	 498.3879699707031	 65778.140625
39689068.0	 301.7314453125	 498.9018859863281	 66091.296875
39689160.0	 301.39105224609375	 498.23895263671875	 67975.7734375
39689248.0	 302.3026123046875	 491.2619934082031	 63598.72265625
39689336.0	 301.9648132324219	 494.84222412109375	 65907.1171875
39689512.0	 302.6797790527344	 493.2749938964844	 64412.5234375
39689600.0	 301.80706787109375	 496.8498840332031	 65886.4921875
39689696.0	 301.6820373535156	 497.80682373046875	 66910.7265625
39689784.0	 301.5092468261719	 497.4986267089844	 67480.8046875
39689872.0	 301.48468017578125	 498.3325500488281	 69563.03125
39689960.0	 301.6427001953125	 495.4263000488281	 63813.59765625
39690048.0	 301.6015930175781	 498.9164123535156	 68869.4375
39690140.0	 301.3727722167969	 498.4669189453125	 67826.125
39690228.0	 301.29364013671875	 499.48382568359375	 67977.9453125
39690316.0	 301.62408447265625	 496.4792785644531	 64549.0625
39690404.0	 301.25830078125	 503.1421813964844	 67528.71875
39690496.0	 301.8526916503906	 502.1252746582031	 66310.453125
39690584.0	 301.93341064453125	 496.5863952636719	 66303.234375
39690672.0	 301.0682067871094	 503.8915710449219	 69087.5
39690760.0	 302.1612854003906	 495.8953552246094	 66383.6328125
39690852.0	 301.9252014160156	 497.07415771484375	 65483.3671875
39690940.0	 301.58062744140625	 499.143798828125	 66232.3125
39691028.0	 301.466796875	 498.02679443359375	 66582.1015625
39691116.0	 301.4508361816406	 499.64013671875	 68036.25
39691208.0	 301.50787353515625	 498.0225524902344	 66180.78125
39691296.0	 301.3726806640625	 500.8851623535156	 66945.9375
39691388.0	 301.0718994140625	 500.2344970703125	 68439.9453125
39691476.0	 301.5306396484375	 502.254638671875	 66953.03125
39691568.0	 301.03765869140625	 504.7733154296875	 68728.484375
39691656.0	 301.1513366699219	 503.6236877441406	 68281.28125
39691744.0	 301.1716613769531	 501.522216796875	 66910.484375
39691832.0	 301.9044189453125	 496.6756591796875	 66384.3046875
39691920.0	 301.7577819824219	 499.04296875	 65979.125
39692008.0	 302.0527038574219	 494.3331298828125	 65595.4140625
39692104.0	 301.94281005859375	 497.98907470703125	 66532.1640625
39692192.0	 302.1361999511719	 496.9696960449219	 64605.8125
39692280.0	 301.85809326171875	 499.06036376953125	 65975.1015625
39692456.0	 302.3761901855469	 487.4040222167969	 61998.58203125
39692544.0	 302.3462829589844	 495.98638916015625	 65830.40625
39692636.0	 302.56988525390625	 495.126708984375	 65030.2109375
39692720.0	 302.2246398925781	 498.66021728515625	 66571.1484375
39692812.0	 301.9638977050781	 498.7223815917969	 67880.9140625
39692904.0	 302.5321960449219	 494.21539306640625	 64655.2578125
39692992.0	 301.972900390625	 498.0848693847656	 66969.6953125
39693080.0	 302.0111083984375	 494.6941833496094	 65402.09375
39693168.0	 301.3759460449219	 501.4735107421875	 66758.9140625
39693260.0	 302.1460876464844	 493.16143798828125	 64352.40625
39693348.0	 301.93121337890625	 491.5527648925781	 65054.859375
39693436.0	 301.8733215332031	 497.5585021972656	 64734.69921875
39693524.0	 301.8219909667969	 496.0821838378906	 65582.828125
39693612.0	 302.4931335449219	 490.7071838378906	 63634.01953125
39693704.0	 301.96014404296875	 499.5457458496094	 67920.078125
39693796.0	 301.8989562988281	 499.7454833984375	 66154.5859375
39693884.0	 301.82537841796875	 494.45794677734375	 65119.52734375
39693972.0	 301.8252868652344	 494.7509765625	 64912.91015625
39694060.0	 301.8666687011719	 499.78948974609375	 65797.015625
39694152.0	 301.5809020996094	 502.5640563964844	 67426.46875
39694240.0	 301.4114990234375	 500.6009826660156	 68503.28125
39694328.0	 301.42205810546875	 504.0429992675781	 67331.6015625
39694416.0	 301.50933837890625	 497.93145751953125	 66299.3828125
39694504.0	 301.43646240234375	 501.8153381347656	 66926.0234375
39694596.0	 301.8553771972656	 497.4015197753906	 64739.41015625
39694688.0	 301.97039794921875	 489.5509948730469	 64893.89453125
39694776.0	 302.442138671875	 496.38665771484375	 64513.375
39694864.0	 302.1949157714844	 496.8419189453125	 67098.9296875
39694952.0	 302.4558410644531	 494.32257080078125	 65212.98828125
39695044.0	 301.1378479003906	 502.4051513671875	 67815.546875
39695132.0	 301.8544006347656	 495.1925354003906	 66559.671875
39695220.0	 301.8496398925781	 497.187255859375	 65498.98828125
39695400.0	 302.6924743652344	 488.8281555175781	 63046.7578125
39695488.0	 301.413818359375	 497.9751281738281	 67423.5234375
39695576.0	 301.2090148925781	 499.7132873535156	 67015.5234375
39695664.0	 301.2162170410156	 503.2821350097656	 67355.671875
39695756.0	 301.6697998046875	 500.42755126953125	 64956.18359375
39695844.0	 301.8140869140625	 496.4042663574219	 64977.69921875
39695932.0	 301.3238220214844	 500.3743591308594	 66116.359375
39696020.0	 301.0580749511719	 503.02557373046875	 68327.8828125
39696112.0	 301.90582275390625	 497.7539367675781	 64978.3515625
39696204.0	 301.8992004394531	 497.139892578125	 65775.4921875
39696292.0	 301.18841552734375	 501.8436279296875	 66843.9609375
39696380.0	 301.4042053222656	 499.2354736328125	 66246.0703125
39696468.0	 301.5589294433594	 500.51983642578125	 65574.6171875
39696556.0	 301.2616271972656	 499.32806396484375	 66993.546875
39696648.0	 301.26080322265625	 498.883544921875	 65645.4609375
39696736.0	 301.0721740722656	 503.8789978027344	 69472.1796875
39696824.0	 301.16796875	 497.7506103515625	 65947.2421875
39696912.0	 300.76763916015625	 505.78729248046875	 68994.421875
39697000.0	 300.4957275390625	 500.1247253417969	 66748.4765625
39697096.0	 300.92901611328125	 503.1712646484375	 65713.7265625
39697184.0	 300.7467346191406	 499.7181396484375	 67781.5078125
39697272.0	 300.5829772949219	 501.66632080078125	 67296.375
39697360.0	 299.8796081542969	 498.58929443359375	 67206.71875
39697448.0	 300.2051086425781	 498.30780029296875	 65646.8046875
39697536.0	 300.3852233886719	 503.9014587402344	 67197.21875
39697624.0	 299.74615478515625	 503.8195495605469	 69635.265625
39697716.0	 300.6178894042969	 499.7969970703125	 65404.6328125
39697804.0	 299.9345703125	 505.7218933105469	 68716.046875
39697896.0	 300.32659912109375	 502.388916015625	 68764.9140625
39697984.0	 300.13763427734375	 506.049072265625	 69573.34375
39698072.0	 300.2028503417969	 504.5740051269531	 69133.484375
39698164.0	 300.7168273925781	 500.2457580566406	 67367.7578125
39698344.0	 301.8176574707031	 491.92535400390625	 61943.80859375
39698432.0	 301.12188720703125	 497.2430419921875	 64525.09765625
39698520.0	 301.489013671875	 496.8534851074219	 65230.2734375
39698608.0	 300.62969970703125	 499.1986083984375	 67034.3203125
39698696.0	 300.7987976074219	 502.3489685058594	 67361.828125
39698788.0	 300.9149169921875	 502.1984558105469	 68057.0078125
39698876.0	 300.64453125	 498.5653381347656	 67047.9375
39698964.0	 301.1109313964844	 496.20220947265625	 67118.4140625
39699056.0	 301.1024475097656	 498.1180114746094	 65795.1015625
39699140.0	 301.1816101074219	 493.9505310058594	 64634.6484375
39699232.0	 300.84112548828125	 500.4922790527344	 65564.6328125
39699320.0	 300.1103515625	 504.64691162109375	 69975.8203125
39699408.0	 301.02935791015625	 498.6399230957031	 67133.25
39699496.0	 300.8424072265625	 501.9023742675781	 68597.1796875
39699588.0	 302.3619689941406	 498.0307922363281	 66263.53125
39699680.0	 302.0255126953125	 492.40301513671875	 69930.84375
39699768.0	 301.4518737792969	 498.0294189453125	 66035.96875
39699856.0	 302.1464538574219	 490.659912109375	 64181.20703125
39699944.0	 301.5897216796875	 494.0093078613281	 65294.46875
39700032.0	 301.2105712890625	 497.6854248046875	 66497.65625
39700124.0	 301.3356018066406	 496.1024169921875	 68669.1796875
39700212.0	 301.1361999511719	 498.6323547363281	 67821.0
39700300.0	 301.033935546875	 501.53045654296875	 68423.5625
39700388.0	 301.2666320800781	 495.6268005371094	 67573.546875
39700480.0	 301.5986633300781	 496.23590087890625	 67110.3046875
39700572.0	 301.1239318847656	 492.6026611328125	 64895.37890625
39700660.0	 301.3719482421875	 498.2467346191406	 68790.7265625
39700748.0	 301.35113525390625	 494.62554931640625	 67530.2578125
39700836.0	 301.5009460449219	 489.9664611816406	 66502.984375
39700928.0	 301.7181701660156	 491.010009765625	 66296.4609375
39701016.0	 301.3027038574219	 492.03509521484375	 66470.5078125
39701104.0	 301.134765625	 498.46234130859375	 67802.5390625
39701284.0	 301.93023681640625	 486.5749816894531	 62214.51171875
39701372.0	 301.1623840332031	 497.5555114746094	 68091.484375
39701464.0	 301.2459716796875	 495.4228820800781	 67936.828125
39701552.0	 301.2829284667969	 495.2221374511719	 67187.3203125
39701640.0	 301.2861633300781	 492.950927734375	 65355.69921875
39701728.0	 301.24658203125	 496.0462646484375	 66985.5
39701816.0	 300.92626953125	 495.86993408203125	 66693.421875
39701904.0	 301.26165771484375	 495.5543212890625	 67363.1640625
39701996.0	 300.93988037109375	 503.5992736816406	 70236.328125
39702084.0	 301.1596984863281	 503.03948974609375	 69748.3828125
39702176.0	 301.70672607421875	 491.6156005859375	 66935.2421875
39702264.0	 301.14715576171875	 498.5870056152344	 66846.09375
39702352.0	 301.1418762207031	 495.85198974609375	 65904.3828125
39702440.0	 301.14794921875	 496.43634033203125	 68641.6875
39702528.0	 301.1716613769531	 496.63616943359375	 67010.125
39702616.0	 301.6294250488281	 499.20904541015625	 66172.03125
39702708.0	 301.73699951171875	 493.8212585449219	 63560.62109375
39702796.0	 301.2260437011719	 498.44610595703125	 67911.6875
39702888.0	 301.9997253417969	 493.4032287597656	 65188.1796875
39702976.0	 301.1738586425781	 498.1999816894531	 65764.8984375
39703068.0	 302.18927001953125	 496.70355224609375	 65886.4296875
39703156.0	 301.7331237792969	 493.9895935058594	 66964.3125
39703244.0	 301.7492370605469	 495.021728515625	 66128.90625
39703336.0	 301.77392578125	 493.769287109375	 64984.21484375
39703420.0	 301.1372985839844	 495.8182067871094	 64717.4609375
39703512.0	 301.1578063964844	 494.9821472167969	 64631.6796875
39703600.0	 301.1076965332031	 501.50830078125	 68149.8046875
39703688.0	 300.9500732421875	 500.7742004394531	 68958.0234375
39703776.0	 301.59710693359375	 498.2198486328125	 66130.2421875
39703864.0	 301.03302001953125	 503.3511047363281	 67526.6796875
39703956.0	 300.6592712402344	 504.12127685546875	 69874.2890625
39704048.0	 301.3470153808594	 495.5166320800781	 65140.6015625
39704224.0	 301.8895263671875	 488.3392639160156	 61139.875
39704312.0	 300.86358642578125	 502.0242919921875	 66920.1015625
39704404.0	 300.8821105957031	 498.229736328125	 67287.0625
39704492.0	 301.07464599609375	 491.5280456542969	 65722.7734375
39704580.0	 300.68695068359375	 500.09710693359375	 66970.515625
39704668.0	 300.7574157714844	 498.1965637207031	 66833.625
39704756.0	 300.7689514160156	 501.4117431640625	 65367.65234375
39704848.0	 300.2660827636719	 506.5174560546875	 69166.6328125
39704940.0	 300.4514465332031	 504.017578125	 68902.0234375
39705024.0	 300.78265380859375	 501.2029113769531	 67278.5546875
39705116.0	 300.92742919921875	 496.06842041015625	 64506.7421875
39705204.0	 301.1779479980469	 496.3337097167969	 64511.16015625
39705296.0	 300.40313720703125	 497.57623291015625	 67975.0703125
39705384.0	 300.40777587890625	 498.4019775390625	 67139.9140625
39705472.0	 300.93853759765625	 500.34918212890625	 65729.5
39705560.0	 300.8346862792969	 500.6201171875	 65490.0625
39705648.0	 300.88262939453125	 498.6737365722656	 66112.46875
39705744.0	 301.257080078125	 499.2833557128906	 66082.859375
39705832.0	 300.99786376953125	 503.44927978515625	 68011.703125
39705920.0	 301.128173828125	 495.6448669433594	 64544.62890625
39706008.0	 301.2580871582031	 498.4542541503906	 65951.2421875
39706096.0	 300.7161865234375	 506.41204833984375	 67997.09375
39706184.0	 301.11895751953125	 500.4976806640625	 68333.1796875
39706276.0	 301.0652160644531	 500.5903625488281	 68059.7578125
39706364.0	 301.042724609375	 499.2969665527344	 65739.96875
39706452.0	 300.7475280761719	 497.6024169921875	 64959.98046875
39706540.0	 300.5741271972656	 494.9056396484375	 64093.65234375
39706632.0	 300.4483337402344	 503.80712890625	 65376.0859375
39706720.0	 300.7449951171875	 494.9834289550781	 63538.75
39706812.0	 300.2313232421875	 504.5012512207031	 66419.765625
39706896.0	 301.3106384277344	 497.242431640625	 63679.5234375
39706988.0	 300.19561767578125	 502.1910095214844	 68228.0546875
39707164.0	 300.8569030761719	 489.5908203125	 63630.171875
39707252.0	 300.1328430175781	 505.7383117675781	 67577.9453125
39707340.0	 300.2010803222656	 502.7886962890625	 67261.796875
39707428.0	 301.0794982910156	 498.9507141113281	 65590.0234375
39707524.0	 300.3605041503906	 505.23504638671875	 67678.53125
39707612.0	 300.6412658691406	 501.4638366699219	 66478.890625
39707700.0	 300.7950744628906	 498.4609680175781	 66626.0859375
39707792.0	 300.40875244140625	 500.87640380859375	 67286.984375
39707880.0	 300.26947021484375	 501.91986083984375	 68699.15625
39707968.0	 300.4064636230469	 503.3255920410156	 68192.265625
39708056.0	 300.3679504394531	 500.778564453125	 67085.90625
39708144.0	 300.4596862792969	 501.2296142578125	 67796.9765625
39708232.0	 300.5272521972656	 500.88568115234375	 67180.3828125
39708320.0	 300.7229309082031	 499.2457275390625	 67193.3515625
39708416.0	 300.5549011230469	 500.1474914550781	 68246.1484375
39708504.0	 300.92431640625	 499.3367919921875	 66583.40625
39708592.0	 300.8120422363281	 493.42730712890625	 65759.40625
39708680.0	 301.0843200683594	 494.7447509765625	 63952.6484375
39708768.0	 300.39251708984375	 501.0494689941406	 66985.515625
39708860.0	 300.8979187011719	 496.65582275390625	 66991.4765625
39708948.0	 300.3471374511719	 504.12359619140625	 67336.90625
39709036.0	 300.45654296875	 498.11419677734375	 66968.515625
39709124.0	 300.21795654296875	 506.8017272949219	 69647.0703125
39709216.0	 300.2113952636719	 505.1161193847656	 68453.296875
39709308.0	 300.0005798339844	 503.8624572753906	 69115.75
39709396.0	 300.3659362792969	 501.3299865722656	 68763.8828125
39709484.0	 300.5690612792969	 496.3884582519531	 66402.84375
39709572.0	 300.166748046875	 496.48974609375	 67515.40625
39709660.0	 300.10345458984375	 501.2389221191406	 68268.9609375
39709752.0	 300.2486267089844	 496.6458740234375	 66645.6484375
39709840.0	 300.70916748046875	 498.90997314453125	 67181.5
39709928.0	 300.7384338378906	 498.3839416503906	 67303.46875
39710108.0	 301.4305114746094	 490.37188720703125	 62062.07421875
39710200.0	 300.9288024902344	 500.35125732421875	 66891.2265625
39710288.0	 300.7268981933594	 500.3082580566406	 68282.84375
39710376.0	 301.38995361328125	 496.6292724609375	 66216.8984375
39710464.0	 301.1318359375	 497.0810241699219	 65571.4140625
39710556.0	 301.2851867675781	 498.6156005859375	 66555.8515625
39710644.0	 301.02093505859375	 495.6171875	 66492.2890625
39710732.0	 301.30523681640625	 499.9326477050781	 68331.7421875
39710820.0	 301.6348571777344	 501.21697998046875	 67337.8828125
39710908.0	 301.8745422363281	 495.7530822753906	 65970.984375
39710996.0	 301.50384521484375	 496.7493896484375	 67252.9375
39711088.0	 301.9466552734375	 494.3409118652344	 66922.78125
39711176.0	 300.72918701171875	 500.88433837890625	 71238.6875
39711268.0	 301.4398193359375	 496.6356506347656	 65892.9296875
39711356.0	 301.68292236328125	 498.9722595214844	 66453.84375
39711444.0	 301.8389587402344	 497.23284912109375	 65185.34765625
39711532.0	 301.66583251953125	 496.8533630371094	 66184.4609375
39711624.0	 301.6867980957031	 499.2567443847656	 68531.828125
39711712.0	 301.252685546875	 500.90997314453125	 68490.7890625
39711800.0	 301.52044677734375	 496.9274597167969	 66512.765625
39711888.0	 301.35919189453125	 501.5199279785156	 68321.5234375
39711976.0	 301.61041259765625	 496.5466613769531	 65647.8828125
39712072.0	 301.9237976074219	 495.2895812988281	 66007.8515625
39712160.0	 302.2397155761719	 489.2255554199219	 64481.30078125
39712248.0	 301.1665954589844	 499.9166564941406	 68991.2578125
39712336.0	 301.0461120605469	 503.36798095703125	 70348.2890625
39712428.0	 301.599365234375	 496.81549072265625	 67148.3125
39712516.0	 301.2481689453125	 499.8177490234375	 69130.546875
39712604.0	 301.6968688964844	 493.4178161621094	 66030.9140625
39712692.0	 301.7559509277344	 496.1449890136719	 66223.4921875
39712780.0	 302.0486145019531	 495.4335632324219	 66210.984375
39712868.0	 301.5191955566406	 501.2211608886719	 67885.75
39713052.0	 302.4600524902344	 489.1089782714844	 62800.671875
39713140.0	 301.5350341796875	 493.4764709472656	 67604.7421875
39713228.0	 301.1541748046875	 502.1375427246094	 70576.5234375
39713316.0	 302.0086975097656	 495.2712097167969	 66459.2109375
39713404.0	 301.9768371582031	 491.11431884765625	 67320.03125
39713496.0	 302.43157958984375	 490.3390808105469	 64909.65234375
39713584.0	 302.24468994140625	 494.9503479003906	 67964.6640625
39713672.0	 301.69732666015625	 498.28387451171875	 67232.5234375
39713760.0	 302.01116943359375	 495.8623352050781	 67451.6015625
39713848.0	 301.8233642578125	 496.71612548828125	 68223.546875
39713944.0	 301.892578125	 497.7565002441406	 66258.8828125
39714032.0	 301.7179260253906	 493.64715576171875	 66309.8828125
39714120.0	 301.20233154296875	 498.6637268066406	 66913.09375
39714208.0	 301.44268798828125	 494.3658447265625	 66858.7890625
39714300.0	 301.0657043457031	 502.3079528808594	 69191.9140625
39714388.0	 301.5997009277344	 495.6679382324219	 67516.8203125
39714476.0	 301.5668029785156	 500.5311584472656	 67308.9140625
39714564.0	 301.78643798828125	 496.0987548828125	 66801.9453125
39714652.0	 301.3354187011719	 499.4452819824219	 67504.1796875
39714740.0	 301.8584289550781	 492.8827819824219	 65940.8515625
39714832.0	 302.1898193359375	 492.69171142578125	 65518.96875
39714924.0	 301.01800537109375	 500.0274963378906	 69155.1875
39715012.0	 301.5708923339844	 493.4992370605469	 66615.8046875
39715100.0	 301.7198791503906	 495.1505432128906	 65394.76953125
39715188.0	 302.0541687011719	 497.0127258300781	 69110.6171875
39715276.0	 302.03607177734375	 494.2933349609375	 68339.8203125
39715368.0	 302.27496337890625	 494.4993591308594	 66148.25
39715456.0	 302.31854248046875	 493.35430908203125	 65990.3203125
39715544.0	 301.9332580566406	 497.416015625	 69073.2265625
39715632.0	 301.9371643066406	 495.1072082519531	 66943.2890625
39715720.0	 301.595703125	 493.01336669921875	 66670.9140625
39715808.0	 301.2693786621094	 497.10150146484375	 67739.40625
39715992.0	 302.1285400390625	 486.1708984375	 59608.71484375
39716080.0	 301.4478759765625	 493.221435546875	 66350.0859375
39716168.0	 300.996826171875	 498.5506591796875	 68435.578125
39716256.0	 301.1077880859375	 495.92608642578125	 65951.078125
39716348.0	 300.692626953125	 501.1262512207031	 67328.4609375
39716436.0	 300.5997619628906	 493.7011413574219	 65413.12109375
39716524.0	 300.3006591796875	 500.9411315917969	 67813.953125
39716612.0	 300.8388671875	 495.7689514160156	 66175.875
39716704.0	 300.6205749511719	 495.4760437011719	 64652.46484375
39716796.0	 300.3953857421875	 497.10272216796875	 66201.578125
39716884.0	 300.2049560546875	 497.2367248535156	 67112.9765625
39716972.0	 299.63189697265625	 504.6727600097656	 70298.046875
39717060.0	 300.12115478515625	 502.5610656738281	 67921.140625
39717152.0	 299.836181640625	 495.7161865234375	 67631.4453125
39717240.0	 299.967529296875	 495.3152160644531	 66425.390625
39717328.0	 299.500244140625	 497.3974609375	 67319.9453125
39717416.0	 299.05621337890625	 507.76361083984375	 68941.5078125
39717508.0	 299.7097473144531	 495.52239990234375	 65518.6640625
39717592.0	 299.17889404296875	 504.93365478515625	 68348.6875
39717684.0	 299.1236572265625	 498.3058166503906	 64772.94140625
39717776.0	 298.40631103515625	 502.5751953125	 68235.578125
39717864.0	 298.4319152832031	 499.6448669433594	 68045.453125
39717952.0	 298.65667724609375	 501.38201904296875	 66529.1640625
39718040.0	 297.8487548828125	 503.8316650390625	 70279.1484375
39718128.0	 298.8563232421875	 497.1579284667969	 66977.5859375
39718220.0	 297.7934265136719	 509.3071594238281	 70167.9375
39718308.0	 298.3064880371094	 500.7618408203125	 68086.921875
39718396.0	 297.8672790527344	 503.371826171875	 69401.0234375
39718484.0	 297.79522705078125	 501.23468017578125	 69254.40625
39718572.0	 298.10650634765625	 497.5497131347656	 68493.1171875
39718660.0	 298.2819519042969	 495.8490295410156	 65697.109375
39718756.0	 298.1263427734375	 504.7088317871094	 67202.921875
39718932.0	 297.8379821777344	 498.9505615234375	 64277.59765625
39719024.0	 298.1336364746094	 509.93682861328125	 70677.2734375
39719112.0	 298.5011901855469	 497.78814697265625	 67445.7421875
39719200.0	 298.5240478515625	 504.51800537109375	 68184.0078125
39719288.0	 299.9386291503906	 505.3399658203125	 70001.8359375
39719380.0	 301.0084228515625	 493.8155822753906	 67291.3125
39719464.0	 301.2891845703125	 496.01763916015625	 68014.2890625
39719556.0	 300.8846130371094	 494.7613220214844	 67372.9140625
39719644.0	 300.8731384277344	 499.73211669921875	 68183.734375
39719736.0	 301.7030944824219	 491.722900390625	 66954.3046875
39719824.0	 301.1351013183594	 494.58636474609375	 66030.8984375
39719912.0	 299.7641296386719	 506.1833801269531	 70291.34375
39720000.0	 300.2602233886719	 503.2801513671875	 68847.984375
39720092.0	 300.1138000488281	 496.9672546386719	 69523.2890625
39720180.0	 300.14630126953125	 498.0340270996094	 66590.46875
39720268.0	 298.2841491699219	 511.62506103515625	 70519.8828125
39720356.0	 298.555419921875	 501.5151062011719	 68692.75
39720444.0	 298.7485656738281	 505.952392578125	 68675.578125
39720532.0	 298.2200012207031	 500.4249572753906	 67788.3515625
39720624.0	 297.8298034667969	 498.8289489746094	 67652.2890625
39720712.0	 298.2680969238281	 501.2812805175781	 67830.765625
39720804.0	 297.1341247558594	 498.9924011230469	 65575.1640625
39720892.0	 296.48004150390625	 503.330322265625	 68705.78125
39720980.0	 296.42657470703125	 502.6103210449219	 67382.1328125
39721072.0	 296.38250732421875	 502.1828918457031	 68577.0390625
39721160.0	 296.6701354980469	 504.0858154296875	 67324.25
39721252.0	 297.40924072265625	 502.787841796875	 64836.01171875
39721336.0	 296.76324462890625	 512.9396362304688	 69261.6015625
39721428.0	 297.717529296875	 504.28875732421875	 64473.51953125
39721516.0	 298.2770080566406	 501.1449890136719	 65146.23828125
39721604.0	 297.6582336425781	 502.8304748535156	 68810.6796875
39721692.0	 298.7225341796875	 500.9179382324219	 64128.36328125
39721876.0	 299.6263122558594	 493.5278015136719	 62831.6640625
39721964.0	 298.7524108886719	 499.7127685546875	 67332.4375
39722052.0	 298.1350402832031	 503.9884338378906	 66275.59375
39722140.0	 299.12982177734375	 501.9984130859375	 63692.890625
39722232.0	 298.1263732910156	 501.88018798828125	 68766.8046875
39722316.0	 299.1082458496094	 503.2023010253906	 65329.35546875
39722408.0	 298.599365234375	 500.8340148925781	 64547.19921875
39722496.0	 297.7027893066406	 513.3740844726562	 69806.1875
39722584.0	 297.6086120605469	 506.4391174316406	 67317.125
39722672.0	 297.342041015625	 503.9517517089844	 67332.453125
39722764.0	 297.63970947265625	 509.3348388671875	 66398.234375
39722856.0	 298.2801208496094	 501.5272216796875	 66561.0625
39722944.0	 297.9792785644531	 503.3345947265625	 67366.5546875
39723032.0	 298.2297058105469	 501.2393798828125	 64046.15625
39723120.0	 298.07440185546875	 501.75738525390625	 65163.046875
39723208.0	 298.2251281738281	 497.2429504394531	 63895.28125
39723296.0	 298.54913330078125	 505.99859619140625	 64876.92578125
39723388.0	 298.2275695800781	 501.65850830078125	 64367.01171875
39723476.0	 298.0849304199219	 507.25701904296875	 67340.8203125
39723568.0	 298.18402099609375	 500.0768127441406	 65256.859375
39723656.0	 297.6301574707031	 503.6704406738281	 68213.2734375
39723744.0	 297.9466857910156	 507.5920715332031	 65996.984375
39723836.0	 297.6502380371094	 505.7336730957031	 66221.5859375
39723924.0	 297.31170654296875	 508.7379150390625	 67722.7421875
39724012.0	 297.4794006347656	 512.3636474609375	 66389.9140625
39724100.0	 297.3929748535156	 505.9305419921875	 66469.4921875
39724188.0	 297.9621276855469	 504.2823486328125	 65969.6015625
39724280.0	 297.4190979003906	 506.0193786621094	 67554.9140625
39724368.0	 297.8053283691406	 507.9400939941406	 67156.53125
39724456.0	 298.1473388671875	 508.18402099609375	 65677.5390625
