START:	 57.80000000000028
END:	 58.000000000000284

r [km]	 vr [km/s]	 np [cm-3]	 T [K]
40211628.0	 278.9499816894531	 384.60174560546875	 44302.39453125
40211716.0	 279.3141174316406	 380.7201232910156	 47455.7734375
40211804.0	 279.2831726074219	 382.25506591796875	 47818.16796875
40211892.0	 279.15350341796875	 378.46722412109375	 46310.375
40211984.0	 278.97705078125	 380.1966552734375	 47534.81640625
40212072.0	 279.47247314453125	 385.7131042480469	 47410.2265625
40212160.0	 278.9385681152344	 389.22955322265625	 50056.82421875
40212248.0	 278.9580993652344	 382.4152526855469	 48291.54296875
40212336.0	 278.6629943847656	 380.0939636230469	 47106.96484375
40212428.0	 279.017333984375	 382.2159729003906	 50251.24609375
40212512.0	 278.6871643066406	 385.255615234375	 47232.8125
40212604.0	 279.3575744628906	 393.70477294921875	 50963.51171875
40212692.0	 278.62890625	 379.4032897949219	 47524.61328125
40212780.0	 279.2783203125	 386.7861328125	 49156.80859375
40212868.0	 279.0386962890625	 384.591552734375	 48891.5078125
40212956.0	 278.46124267578125	 382.7571716308594	 50694.03515625
40213048.0	 279.2530517578125	 390.3630065917969	 48694.10546875
40213136.0	 278.7254638671875	 381.8960266113281	 47514.37890625
40213220.0	 278.88507080078125	 382.51708984375	 47990.4296875
40213312.0	 278.56488037109375	 378.91021728515625	 48147.78125
40213400.0	 278.52032470703125	 380.28717041015625	 47176.8515625
40213488.0	 279.90203857421875	 380.7208557128906	 46850.12109375
40213576.0	 279.59320068359375	 382.345458984375	 47040.33203125
40213668.0	 279.3995666503906	 393.6211853027344	 51323.42578125
40213756.0	 279.37249755859375	 390.5159606933594	 48566.21875
40213844.0	 279.87158203125	 380.6744384765625	 48916.70703125
40213928.0	 279.8285827636719	 395.3775329589844	 49513.23828125
40214020.0	 279.2209777832031	 383.7273864746094	 46352.125
40214108.0	 279.7514953613281	 377.647216796875	 45361.9453125
40214200.0	 279.8717346191406	 381.701171875	 46831.22265625
40214288.0	 280.0235595703125	 385.4098205566406	 47925.80859375
40214376.0	 279.9411315917969	 375.5284423828125	 44368.1484375
40214556.0	 277.8814392089844	 359.8282165527344	 36681.39453125
40214640.0	 277.5093688964844	 375.4911804199219	 46336.1328125
40214728.0	 277.2334289550781	 376.6404113769531	 46145.7265625
40214820.0	 277.0516052246094	 386.7630615234375	 51519.91796875
40214904.0	 278.001220703125	 379.373046875	 45661.99609375
40214996.0	 277.4461975097656	 377.7239074707031	 46788.14453125
40215084.0	 278.2030944824219	 376.13665771484375	 44856.390625
40215176.0	 277.77874755859375	 375.2532043457031	 44860.94921875
40215260.0	 277.41070556640625	 385.7823791503906	 47830.71484375
40215348.0	 277.6072998046875	 377.51263427734375	 45108.58984375
40215440.0	 277.4384765625	 382.6221923828125	 48525.4453125
40215528.0	 277.5524597167969	 382.1416320800781	 47502.0078125
40215612.0	 277.3858337402344	 380.298583984375	 45415.09375
40215704.0	 276.9648132324219	 379.0298156738281	 48224.7109375
40215792.0	 277.7643737792969	 387.8912658691406	 51170.96875
40215884.0	 277.0337829589844	 386.8426818847656	 50153.70703125
40215968.0	 277.3762512207031	 381.5907287597656	 47505.06640625
40216056.0	 277.3540954589844	 376.21051025390625	 46095.6171875
40216144.0	 277.4929504394531	 375.32525634765625	 45662.0390625
40216236.0	 277.64013671875	 377.80126953125	 46793.3515625
40216324.0	 277.40655517578125	 379.99298095703125	 49456.3046875
40216412.0	 277.55694580078125	 381.9508972167969	 49380.54296875
40216504.0	 277.072998046875	 382.3697509765625	 48895.67578125
40216592.0	 277.4368896484375	 386.70391845703125	 54242.8671875
40216676.0	 277.7763977050781	 380.6994323730469	 49322.21875
40216768.0	 278.5384826660156	 375.044921875	 45866.015625
40216856.0	 278.37762451171875	 378.50933837890625	 47993.53515625
40216948.0	 278.38323974609375	 374.8564453125	 47914.05078125
40217032.0	 278.0562438964844	 377.942138671875	 43639.78515625
40217124.0	 278.04425048828125	 375.0597229003906	 46213.11328125
40217212.0	 277.9259033203125	 378.8343200683594	 48997.72265625
40217296.0	 277.0411682128906	 382.3507995605469	 50916.390625
40217476.0	 277.6078796386719	 370.950439453125	 43500.4453125
40217564.0	 278.3013610839844	 383.8009338378906	 48061.09765625
40217652.0	 277.080810546875	 380.55364990234375	 49767.03125
40217740.0	 277.2688903808594	 377.7048645019531	 48742.01953125
40217832.0	 277.2922668457031	 377.0461120605469	 47486.8984375
40217920.0	 278.1081848144531	 376.8816833496094	 47930.33203125
40218008.0	 277.55706787109375	 378.4241638183594	 48757.64453125
40218096.0	 277.4275817871094	 378.364501953125	 47375.359375
40218184.0	 277.6734924316406	 375.3256530761719	 46666.94140625
40218276.0	 277.6300048828125	 380.3598327636719	 47028.4296875
40218360.0	 278.14593505859375	 382.4684143066406	 50417.953125
40218452.0	 277.8897705078125	 382.1821594238281	 47618.390625
40218540.0	 277.4043884277344	 370.9984130859375	 44283.2421875
40218632.0	 277.5610046386719	 389.2044372558594	 52161.72265625
40218716.0	 277.51416015625	 379.1010437011719	 48137.12890625
40218804.0	 278.05535888671875	 379.058837890625	 46561.234375
40218896.0	 277.613037109375	 382.744140625	 48439.8359375
40218980.0	 278.2787780761719	 377.4216613769531	 47003.20703125
40219068.0	 277.630126953125	 379.81719970703125	 47377.47265625
40219160.0	 277.5152587890625	 373.5173645019531	 47072.078125
40219248.0	 277.5184326171875	 387.0038757324219	 50648.47265625
40219336.0	 277.1382141113281	 383.5229187011719	 51114.953125
40219424.0	 277.3994140625	 378.3399963378906	 47777.796875
40219516.0	 277.6844177246094	 376.62615966796875	 47545.76953125
40219604.0	 277.7628173828125	 381.65594482421875	 46088.984375
40219688.0	 277.7470703125	 383.4698486328125	 49371.54296875
40219780.0	 276.9262390136719	 379.77423095703125	 47504.984375
40219868.0	 278.0600891113281	 374.0058898925781	 47366.55859375
40219956.0	 277.8405456542969	 373.3818054199219	 46483.64453125
40220044.0	 277.4039001464844	 374.80364990234375	 45822.19140625
40220132.0	 277.8052673339844	 384.1814880371094	 50519.0859375
40220224.0	 277.3096008300781	 381.30999755859375	 49545.98046875
40220400.0	 275.74053955078125	 383.00408935546875	 56913.67578125
40220492.0	 277.59234619140625	 385.2093811035156	 52267.4140625
40220580.0	 277.7674865722656	 384.0212707519531	 50191.1484375
40220664.0	 277.4885559082031	 384.23223876953125	 49550.7734375
40220756.0	 277.01324462890625	 386.456298828125	 51839.02734375
40220844.0	 277.2729187011719	 385.69097900390625	 49923.921875
40220932.0	 276.9518127441406	 378.65557861328125	 47084.625
40221020.0	 277.3031921386719	 380.4878845214844	 49751.08984375
40221108.0	 277.41748046875	 381.1416015625	 50301.625
40221200.0	 277.2671203613281	 384.30682373046875	 50225.8828125
40221288.0	 277.56475830078125	 379.22637939453125	 48851.0546875
40221372.0	 277.5116882324219	 380.36370849609375	 48948.6796875
40221460.0	 277.5845031738281	 380.3555603027344	 46221.25
40221552.0	 276.8144226074219	 385.4926452636719	 54127.43359375
40221644.0	 276.72637939453125	 381.9366760253906	 46398.3125
40221728.0	 276.959228515625	 383.6935119628906	 50197.70703125
40221816.0	 277.1259765625	 375.4927673339844	 48364.85546875
40221908.0	 277.35101318359375	 379.75445556640625	 48274.94921875
40221996.0	 277.9474182128906	 376.38165283203125	 48306.26953125
40222080.0	 277.8343505859375	 374.4955749511719	 45880.33984375
40222172.0	 277.53515625	 378.9651184082031	 49146.86328125
40222260.0	 278.0050354003906	 385.9134521484375	 48780.80078125
40222348.0	 277.17095947265625	 385.0174255371094	 50811.71875
40222436.0	 277.3535461425781	 384.34588623046875	 53257.46484375
40222528.0	 277.654052734375	 376.192138671875	 46220.91796875
40222616.0	 277.9274597167969	 379.4769287109375	 49512.2734375
40222704.0	 277.36566162109375	 385.47076416015625	 50340.359375
40222792.0	 277.8648376464844	 383.7646789550781	 51428.9140625
40222884.0	 277.3007507324219	 382.8860168457031	 49833.19921875
40222972.0	 277.5662536621094	 384.7303466796875	 50140.14453125
40223056.0	 277.728515625	 378.6213073730469	 49984.984375
40223148.0	 277.2484130859375	 377.3713073730469	 47182.79296875
40223324.0	 277.28460693359375	 367.4073486328125	 40545.6640625
40223412.0	 276.8133850097656	 387.3944091796875	 53681.64453125
40223504.0	 277.2584228515625	 379.79229736328125	 47701.1484375
40223592.0	 277.83062744140625	 382.8020935058594	 49526.65625
40223680.0	 277.5677185058594	 388.5124816894531	 51497.68359375
40223768.0	 277.9222717285156	 375.8207092285156	 47383.10546875
40223856.0	 276.5401611328125	 382.2332458496094	 54269.55078125
40223944.0	 277.21392822265625	 376.7057189941406	 44820.28125
40224032.0	 277.7113037109375	 372.0752258300781	 47312.0703125
40224120.0	 277.2575988769531	 378.10736083984375	 47624.86328125
40224208.0	 277.83905029296875	 381.2593078613281	 48795.7890625
40224300.0	 277.10577392578125	 379.09246826171875	 48637.93359375
40224384.0	 277.685302734375	 377.8429260253906	 47711.984375
40224472.0	 277.58294677734375	 376.4388732910156	 46705.30859375
40224564.0	 277.6114807128906	 382.3218078613281	 48299.8359375
40224656.0	 276.79107666015625	 381.2340393066406	 49877.109375
40224740.0	 277.48785400390625	 379.6722106933594	 49380.3203125
40224832.0	 276.5025634765625	 386.9552001953125	 53953.3046875
40224920.0	 277.3133239746094	 383.8357238769531	 49147.6796875
40225012.0	 278.0063171386719	 381.2962341308594	 47904.48046875
40225096.0	 277.3731689453125	 376.83642578125	 46468.4296875
40225184.0	 277.327392578125	 381.76934814453125	 48330.99609375
40225276.0	 277.1231384277344	 386.6266174316406	 50111.7890625
40225360.0	 277.0079345703125	 376.1753234863281	 43918.359375
40225448.0	 277.3274841308594	 380.0810852050781	 48522.08203125
40225540.0	 277.50762939453125	 379.6229248046875	 47975.0859375
40225628.0	 277.2971496582031	 381.2825927734375	 50322.17578125
40225716.0	 276.57891845703125	 384.4244689941406	 52171.11328125
40225804.0	 277.67999267578125	 380.7469787597656	 50345.52734375
40225896.0	 276.920166015625	 379.9477233886719	 48898.12109375
40225984.0	 277.8421325683594	 375.4397888183594	 45192.421875
40226068.0	 278.2879638671875	 382.60491943359375	 46880.69140625
40226248.0	 275.0232849121094	 397.2945556640625	 67625.203125
40226336.0	 278.2740783691406	 378.10693359375	 46064.73046875
40226424.0	 278.4105529785156	 376.6590881347656	 45788.4609375
40226512.0	 278.5331115722656	 386.7886657714844	 50093.48046875
40226604.0	 278.7572326660156	 380.95379638671875	 46160.703125
40226688.0	 279.08709716796875	 377.4605407714844	 45699.203125
40226780.0	 279.32244873046875	 376.0392150878906	 45581.46484375
40226868.0	 279.6766357421875	 377.22625732421875	 46042.3984375
40226956.0	 278.9291687011719	 385.8157653808594	 50835.20703125
40227044.0	 279.8481750488281	 389.3729553222656	 47190.53125
40227136.0	 280.2338562011719	 382.7481384277344	 47979.8828125
40227224.0	 279.9468688964844	 382.8546142578125	 47619.82421875
40227312.0	 279.9486999511719	 376.4766540527344	 45386.84375
40227400.0	 279.47613525390625	 379.9775695800781	 47848.3203125
40227488.0	 279.11279296875	 382.963623046875	 49187.8359375
40227580.0	 279.05096435546875	 385.7066650390625	 49502.57421875
40227664.0	 280.1024169921875	 384.9783935546875	 47159.609375
40227752.0	 280.2106018066406	 386.8983459472656	 49231.37109375
40227840.0	 280.25640869140625	 389.21063232421875	 49432.13671875
40227932.0	 281.6782531738281	 386.7298889160156	 46662.9140625
40228020.0	 281.03582763671875	 395.16943359375	 51620.140625
40228108.0	 281.5232849121094	 395.8900451660156	 50348.12890625
40228196.0	 281.69036865234375	 383.2594299316406	 47528.890625
40228288.0	 281.91693115234375	 387.5575256347656	 48766.8046875
40228372.0	 281.33050537109375	 392.7406921386719	 50547.94140625
40228460.0	 280.6452941894531	 388.0582275390625	 49080.21484375
40228552.0	 280.14801025390625	 383.0172424316406	 47359.66796875
40228640.0	 279.8427734375	 383.7682189941406	 47588.42578125
40228724.0	 279.4382629394531	 386.85760498046875	 51332.3125
40228816.0	 280.3712463378906	 382.8043212890625	 46676.95703125
40228908.0	 279.72637939453125	 388.57537841796875	 50632.29296875
40228996.0	 279.9200439453125	 385.4996643066406	 48283.96875
40229172.0	 279.91925048828125	 390.9736022949219	 48462.42578125
40229264.0	 280.6236267089844	 385.0713195800781	 48083.58984375
40229348.0	 279.6907043457031	 382.8796691894531	 48015.47265625
40229436.0	 279.3277587890625	 386.1583251953125	 49155.4140625
40229528.0	 278.49603271484375	 378.0307312011719	 47508.70703125
40229616.0	 279.3312683105469	 378.4581298828125	 45383.01953125
40229700.0	 278.6082763671875	 376.838134765625	 45896.15234375
40229792.0	 278.903564453125	 380.57135009765625	 46486.58984375
40229880.0	 279.204345703125	 373.0924987792969	 44836.53515625
40229972.0	 279.69256591796875	 386.2855224609375	 47522.703125
40230056.0	 278.8860778808594	 382.80303955078125	 48127.140625
40230144.0	 279.0954284667969	 372.5323181152344	 45995.8984375
40230236.0	 279.22265625	 378.0314025878906	 46404.5390625
40230320.0	 278.3972473144531	 382.30145263671875	 49412.02734375
40230412.0	 278.7225646972656	 376.48760986328125	 44996.20703125
40230500.0	 279.0621337890625	 381.3796691894531	 47434.1171875
40230588.0	 277.1553955078125	 392.9189147949219	 60906.1015625
40230676.0	 279.4107666015625	 374.496337890625	 43908.37890625
40230768.0	 279.895751953125	 377.9822998046875	 45264.46484375
40230856.0	 280.2793884277344	 376.0902404785156	 46873.0625
40230948.0	 279.88824462890625	 375.45599365234375	 46064.55078125
40231032.0	 279.37188720703125	 379.2529296875	 44937.50390625
40231120.0	 279.1419372558594	 378.1183166503906	 46137.1796875
40231212.0	 280.073974609375	 384.3735656738281	 49205.390625
40231296.0	 280.93048095703125	 389.3741455078125	 48642.60546875
40231388.0	 280.8918151855469	 386.29815673828125	 47148.546875
40231476.0	 279.2495422363281	 375.38055419921875	 44788.0234375
40231564.0	 278.775146484375	 378.78411865234375	 45274.80078125
40231652.0	 280.3796081542969	 388.5029602050781	 48701.78125
40231740.0	 281.804443359375	 394.0480041503906	 50785.05078125
40231832.0	 281.8878479003906	 385.3586730957031	 46702.6328125
40231920.0	 281.0523376464844	 382.6994934082031	 47034.10546875
40232096.0	 281.0074768066406	 385.741943359375	 45483.8828125
40232184.0	 281.4827880859375	 385.2736511230469	 48138.9921875
40232272.0	 281.6293029785156	 395.97332763671875	 48859.25390625
40232360.0	 282.4759826660156	 397.4494323730469	 50516.19921875
40232452.0	 281.7378234863281	 388.16949462890625	 46983.84375
40232540.0	 282.042724609375	 392.3031005859375	 48820.54296875
40232624.0	 282.553466796875	 397.6712341308594	 50575.82421875
40232716.0	 281.8939514160156	 396.02764892578125	 50323.9296875
40232804.0	 282.1772766113281	 395.7021484375	 50422.89453125
40232892.0	 282.46746826171875	 390.0278625488281	 47831.71484375
40232980.0	 282.4446105957031	 399.14910888671875	 51060.3671875
40233072.0	 282.1107177734375	 392.7659912109375	 47666.3203125
40233160.0	 281.52471923828125	 399.5271301269531	 52004.37109375
40233244.0	 282.5201721191406	 394.79937744140625	 49516.6875
40233336.0	 281.8679504394531	 397.6465759277344	 50021.78125
40233424.0	 282.0497741699219	 394.02288818359375	 48580.90625
40233512.0	 282.3840637207031	 389.9078674316406	 46552.625
40233600.0	 282.94818115234375	 393.3944091796875	 50075.46484375
40233692.0	 281.7374572753906	 394.5511169433594	 50964.56640625
40233780.0	 282.18841552734375	 390.0061340332031	 48216.6796875
40233868.0	 281.8970947265625	 395.5167541503906	 48138.546875
40233956.0	 281.8260192871094	 394.3265380859375	 50257.234375
40234044.0	 281.883544921875	 395.9766845703125	 49246.4296875
40234132.0	 281.7968444824219	 391.9621276855469	 48763.79296875
40234220.0	 281.7231140136719	 395.55511474609375	 51740.36328125
40234308.0	 281.7215576171875	 392.76226806640625	 48780.80859375
40234396.0	 281.9732971191406	 393.3420104980469	 49464.08984375
40234488.0	 281.8384094238281	 393.19085693359375	 47962.49609375
40234576.0	 281.8744812011719	 390.41461181640625	 48463.52734375
40234664.0	 282.4024658203125	 392.6488952636719	 49573.22265625
40234752.0	 282.56280517578125	 389.9555358886719	 48559.15625
40234844.0	 282.416748046875	 390.18670654296875	 48574.31640625
40235016.0	 281.1083984375	 382.9814147949219	 43344.83984375
40235108.0	 281.8222961425781	 394.98895263671875	 49978.421875
40235196.0	 281.1398010253906	 392.4950866699219	 49867.46875
40235284.0	 280.4341735839844	 392.1380615234375	 51116.15234375
40235372.0	 278.86749267578125	 379.3716125488281	 46283.875
40235464.0	 278.88238525390625	 376.9920959472656	 47355.03125
40235548.0	 278.5684814453125	 382.5494079589844	 48573.7734375
40235640.0	 278.8745422363281	 379.4299621582031	 48906.10546875
40235728.0	 278.9347839355469	 376.0848693847656	 47175.24609375
40235820.0	 278.949462890625	 379.92669677734375	 48735.1171875
40235904.0	 278.53472900390625	 379.1874694824219	 48326.9921875
40235992.0	 278.7861022949219	 372.5213928222656	 46871.08203125
40236080.0	 278.8211669921875	 378.57244873046875	 46868.515625
40236168.0	 278.73736572265625	 380.3560485839844	 48021.69921875
40236260.0	 279.4139709472656	 379.28094482421875	 47946.91796875
40236348.0	 278.5857849121094	 377.31243896484375	 46702.93359375
40236436.0	 279.6789245605469	 376.4488525390625	 47194.42578125
40236524.0	 279.40667724609375	 377.0403137207031	 47210.89453125
40236612.0	 278.93707275390625	 380.22967529296875	 46409.92578125
40236704.0	 279.10894775390625	 379.6611328125	 46324.6796875
40236792.0	 278.9813537597656	 380.99993896484375	 46259.24609375
40236876.0	 279.2298583984375	 381.3280334472656	 49019.69921875
40236964.0	 279.3324279785156	 379.5539245605469	 47231.47265625
40237056.0	 278.8924255371094	 377.69927978515625	 45960.86328125
40237144.0	 278.9956970214844	 379.49383544921875	 46593.0234375
40237236.0	 278.3475036621094	 381.251953125	 47726.0
40237324.0	 278.59503173828125	 379.30084228515625	 48236.24609375
40237412.0	 279.3270568847656	 376.95806884765625	 48183.0703125
40237496.0	 279.2412414550781	 383.61663818359375	 47980.35546875
40237588.0	 279.3988342285156	 379.5353088378906	 46579.546875
40237676.0	 279.3006896972656	 386.1957702636719	 50143.31640625
40237768.0	 279.2866516113281	 385.9535217285156	 47765.61328125
40237940.0	 279.5252685546875	 371.599609375	 39001.98828125
40238032.0	 279.84423828125	 386.5807800292969	 50043.10546875
40238120.0	 280.4460754394531	 390.4812927246094	 50040.53125
40238208.0	 280.02960205078125	 385.0165100097656	 48237.015625
40238296.0	 279.63232421875	 390.6761779785156	 49113.8125
40238388.0	 280.19720458984375	 388.646240234375	 49443.5
40238472.0	 279.91455078125	 387.42095947265625	 48734.85546875
40238560.0	 279.6256408691406	 387.2179870605469	 50110.34765625
40238652.0	 279.5136413574219	 391.20440673828125	 52894.0234375
40238736.0	 279.1421203613281	 391.5372619628906	 52341.609375
40238828.0	 278.5367736816406	 381.41851806640625	 45872.32421875
40238916.0	 278.7101135253906	 389.24578857421875	 51144.84765625
40239004.0	 279.6648254394531	 389.2057800292969	 52838.4765625
40239092.0	 279.10430908203125	 382.978271484375	 46842.109375
40239184.0	 278.55133056640625	 381.7528076171875	 45788.1796875
40239272.0	 279.27734375	 377.33380126953125	 45921.01171875
40239364.0	 279.6769104003906	 376.29510498046875	 45006.625
40239448.0	 279.5333557128906	 381.49383544921875	 48621.98046875
40239536.0	 279.4385681152344	 383.6833801269531	 46314.80859375
40239628.0	 280.2110900878906	 383.65240478515625	 46767.3984375
40239712.0	 279.90655517578125	 387.19427490234375	 48744.4140625
40239804.0	 279.73321533203125	 380.32366943359375	 46221.0078125
40239892.0	 279.42578125	 389.0488586425781	 50145.11328125
40239980.0	 279.4908752441406	 391.01708984375	 51023.5390625
40240068.0	 278.67425537109375	 387.12005615234375	 50642.04296875
40240156.0	 278.455810546875	 382.8503723144531	 46235.953125
40240244.0	 278.58953857421875	 381.888916015625	 48238.84765625
40240336.0	 277.66180419921875	 372.97265625	 45813.5546875
40240420.0	 277.40191650390625	 375.9132385253906	 47299.0390625
40240512.0	 277.5893249511719	 376.58758544921875	 44914.28125
40240600.0	 277.4222412109375	 379.8055419921875	 48572.81640625
40240688.0	 277.55242919921875	 383.3431701660156	 51448.75390625
40240868.0	 277.0365905761719	 366.6483154296875	 40683.44921875
40240956.0	 278.0340270996094	 371.9166259765625	 45993.79296875
40241040.0	 277.5494689941406	 383.07037353515625	 48235.11328125
40241132.0	 277.2806091308594	 376.338134765625	 45627.56640625
40241220.0	 278.0411071777344	 374.1224365234375	 44356.2890625
40241308.0	 277.5990905761719	 380.66754150390625	 48458.46875
40241396.0	 277.8097839355469	 379.0006408691406	 47499.7578125
40241488.0	 276.713623046875	 388.6347351074219	 57453.1484375
40241576.0	 277.7916564941406	 375.4162292480469	 49565.640625
40241664.0	 278.14141845703125	 380.58489990234375	 46937.51171875
40241752.0	 277.8630676269531	 383.5235290527344	 49589.4296875
40241844.0	 277.98736572265625	 374.94091796875	 45822.875
40241932.0	 276.39898681640625	 387.1142578125	 55293.4375
40242016.0	 277.9508056640625	 376.3681640625	 45322.86328125
40242104.0	 277.7416687011719	 374.3229064941406	 44029.7734375
40242196.0	 277.87286376953125	 364.056640625	 41759.2109375
40242280.0	 277.8412170410156	 381.09619140625	 48091.8671875
40242372.0	 277.27703857421875	 381.8194885253906	 49894.80078125
40242460.0	 277.9967956542969	 374.1531982421875	 45365.36328125
40242548.0	 278.3441467285156	 370.4342346191406	 44946.24609375
40242636.0	 277.7987060546875	 379.96826171875	 46029.81640625
40242728.0	 277.9149169921875	 375.3721923828125	 43869.94921875
40242816.0	 278.5489196777344	 376.1745910644531	 43836.421875
40242900.0	 278.11138916015625	 378.3952331542969	 45078.8671875
40242988.0	 278.7218933105469	 382.34814453125	 46608.21484375
40243080.0	 278.6837463378906	 378.3166809082031	 48401.76953125
40243168.0	 278.65496826171875	 373.3128662109375	 45006.0234375
40243256.0	 278.73779296875	 386.2739562988281	 48957.5390625
40243344.0	 278.3146057128906	 376.7076416015625	 46413.66015625
40243436.0	 278.3026123046875	 382.4342346191406	 48651.1640625
40243520.0	 277.80035400390625	 375.2357482910156	 45942.73828125
40243612.0	 278.4115905761719	 374.4237060546875	 44514.43359375
40243792.0	 279.73052978515625	 377.5652160644531	 44934.09765625
40243876.0	 279.10107421875	 381.1495361328125	 49206.30078125
40243964.0	 279.5057373046875	 376.8503112792969	 46019.5703125
40244056.0	 279.12255859375	 381.7624816894531	 50024.50390625
40244144.0	 279.198486328125	 381.1518859863281	 49183.94921875
40244232.0	 279.49139404296875	 375.9205627441406	 46838.609375
40244320.0	 278.8799743652344	 376.6067199707031	 46311.45703125
40244412.0	 279.9455261230469	 375.0035705566406	 46695.07421875
40244496.0	 278.66546630859375	 382.2572021484375	 50156.33203125
40244584.0	 280.33477783203125	 379.381103515625	 47033.4453125
40244672.0	 279.8500061035156	 378.72869873046875	 46294.44140625
40244764.0	 279.5151672363281	 379.569580078125	 48877.66796875
40244852.0	 279.749755859375	 375.268310546875	 46964.875
40244940.0	 280.1968688964844	 377.02191162109375	 47028.6484375
40245028.0	 279.2953186035156	 375.9820251464844	 48801.51953125
40245116.0	 279.7340087890625	 382.7504577636719	 47257.62109375
40245204.0	 279.83721923828125	 382.1259765625	 46268.24609375
40245296.0	 280.3697204589844	 381.6405944824219	 47053.43359375
40245384.0	 279.7684326171875	 373.7372741699219	 46442.8671875
40245472.0	 280.15899658203125	 378.6224365234375	 45952.71875
40245560.0	 280.1190490722656	 381.6213684082031	 48571.79296875
40245648.0	 280.3093566894531	 386.0820007324219	 49841.24609375
40245736.0	 279.9142761230469	 376.13983154296875	 47454.69140625
40245828.0	 279.5321960449219	 378.5164794921875	 47069.671875
40245916.0	 279.60797119140625	 379.8097839355469	 46801.13671875
40246004.0	 279.9814758300781	 385.2027282714844	 49510.72265625
40246092.0	 280.2806701660156	 377.0853271484375	 45950.91015625
40246180.0	 279.55938720703125	 381.26702880859375	 49773.61328125
40246268.0	 280.0547790527344	 380.3788146972656	 47263.921875
40246360.0	 279.609130859375	 379.96343994140625	 46559.91796875
40246444.0	 280.2665710449219	 382.3965148925781	 48629.84375
40246536.0	 280.3543395996094	 379.8337097167969	 46712.6875
40246708.0	 280.44537353515625	 371.29852294921875	 42395.2109375
40246800.0	 279.6158142089844	 384.1565856933594	 50213.109375
40246888.0	 280.4493713378906	 380.7632751464844	 47080.4609375
40246980.0	 279.8282165527344	 380.3935546875	 45795.39453125
40247064.0	 279.9194030761719	 376.8474426269531	 44641.6171875
40247156.0	 280.39215087890625	 383.7449951171875	 48432.10546875
40247244.0	 279.4085693359375	 383.1959533691406	 46780.52734375
40247328.0	 279.85687255859375	 381.8476257324219	 46319.66796875
40247420.0	 279.2839660644531	 380.4519348144531	 48409.265625
40247508.0	 279.0674743652344	 383.89776611328125	 47141.3046875
40247600.0	 280.0931701660156	 378.8719787597656	 48417.77734375
40247684.0	 280.10882568359375	 373.6943054199219	 44323.5078125
40247776.0	 280.0952453613281	 379.9788513183594	 45506.61328125
40247864.0	 279.79046630859375	 382.9914855957031	 48002.3203125
40247952.0	 279.9104919433594	 373.1956787109375	 43781.1171875
40248040.0	 279.81134033203125	 374.9316101074219	 46380.80859375
40248132.0	 278.7930908203125	 374.3388671875	 45296.12890625
40248220.0	 278.7243347167969	 378.86212158203125	 45443.8203125
40248304.0	 278.6922302246094	 374.7665710449219	 46686.80078125
40248392.0	 278.9781188964844	 374.4322814941406	 45237.05078125
40248484.0	 279.62347412109375	 370.83477783203125	 43720.48828125
40248572.0	 279.0928039550781	 379.1912536621094	 45423.953125
40248660.0	 279.15509033203125	 385.2340393066406	 49119.25390625
40248748.0	 279.754638671875	 373.88592529296875	 44920.78515625
40248840.0	 278.7526550292969	 374.1316833496094	 44360.43359375
40248924.0	 278.8178405761719	 378.87091064453125	 46539.53515625
40249016.0	 279.1667175292969	 379.3203430175781	 46032.46875
40249104.0	 278.5901184082031	 375.9409484863281	 45214.16015625
40249188.0	 278.7978515625	 375.3683776855469	 46567.34375
40249280.0	 279.63470458984375	 384.57012939453125	 48264.00390625
40249368.0	 279.0643310546875	 370.10626220703125	 43538.5234375
40249456.0	 278.4195556640625	 382.25567626953125	 49434.00390625
40249636.0	 279.2737121582031	 371.3432922363281	 42257.29296875
40249724.0	 278.9781188964844	 385.882080078125	 47716.296875
40249816.0	 278.87371826171875	 379.53179931640625	 44855.84765625
40249900.0	 279.42144775390625	 372.62017822265625	 44332.71484375
40249992.0	 278.96551513671875	 377.7197570800781	 44905.64453125
40250080.0	 278.4200439453125	 382.40338134765625	 47869.15625
40250164.0	 279.51715087890625	 376.41583251953125	 45975.296875
40250256.0	 279.6985168457031	 381.6924133300781	 47209.43359375
40250344.0	 279.33624267578125	 374.0130920410156	 45094.2109375
40250432.0	 279.5091247558594	 380.3447570800781	 46944.2109375
40250520.0	 278.8714294433594	 378.04693603515625	 46817.890625
40250608.0	 278.905517578125	 378.5238037109375	 45651.18359375
40250700.0	 279.1549377441406	 379.6073913574219	 47554.14453125
40250784.0	 279.3598327636719	 377.7085266113281	 45192.046875
40250876.0	 278.49755859375	 375.39361572265625	 45713.1796875
40250964.0	 278.317138671875	 382.8072204589844	 49741.04296875
40251052.0	 278.41387939453125	 382.8614807128906	 50534.80859375
40251140.0	 278.73040771484375	 377.3799133300781	 45974.64453125
40251228.0	 278.8372802734375	 376.4589538574219	 46298.3515625
40251320.0	 278.7411193847656	 377.5018005371094	 45653.5390625
40251404.0	 279.1197814941406	 373.6151428222656	 43471.015625
40251492.0	 279.0404968261719	 377.58245849609375	 47496.55078125
40251584.0	 279.15252685546875	 382.0024108886719	 47474.66796875
40251672.0	 279.0529479980469	 379.8196716308594	 45670.12109375
40251760.0	 279.3280944824219	 379.8616943359375	 46166.1015625
40251852.0	 278.74853515625	 378.6932373046875	 46030.08203125
40251940.0	 279.0491638183594	 371.8203430175781	 43163.328125
40252024.0	 279.2582702636719	 379.5635070800781	 45977.65234375
40252112.0	 279.2280578613281	 377.7289123535156	 46173.48828125
40252204.0	 279.4139709472656	 378.0196228027344	 46041.95703125
40252292.0	 278.9755554199219	 383.4996643066406	 48233.70703125
40252380.0	 279.8078918457031	 378.43670654296875	 47290.703125
40252560.0	 279.6322326660156	 372.06494140625	 41777.81640625
40252644.0	 279.5908203125	 387.0481872558594	 50778.015625
40252736.0	 279.1258544921875	 381.2102966308594	 50172.5625
40252824.0	 279.0868835449219	 382.7530212402344	 47644.20703125
40252912.0	 278.9967956542969	 378.7299499511719	 47648.2109375
40253000.0	 278.84619140625	 373.9979553222656	 45513.109375
40253088.0	 279.511474609375	 375.57904052734375	 46749.75
40253176.0	 278.60003662109375	 379.7052917480469	 47140.80859375
40253264.0	 278.5605163574219	 381.1022033691406	 47872.484375
40253356.0	 278.5050048828125	 379.0048828125	 46026.58984375
40253444.0	 278.3521423339844	 383.6140441894531	 50553.671875
40253532.0	 278.81475830078125	 387.3648376464844	 52485.60546875
40253620.0	 279.4034423828125	 377.3469543457031	 45267.4765625
40253708.0	 279.07110595703125	 380.76080322265625	 48040.2890625
40253800.0	 278.97210693359375	 381.7496032714844	 47016.58203125
40253884.0	 279.81640625	 383.160888671875	 48389.7265625
40253976.0	 279.6004638671875	 376.57293701171875	 45063.3203125
40254064.0	 279.7128601074219	 380.9129333496094	 45899.53125
40254156.0	 279.53717041015625	 378.26910400390625	 46313.56640625
40254240.0	 280.0788879394531	 377.12274169921875	 46589.734375
40254328.0	 279.3258056640625	 384.66046142578125	 47714.22265625
40254420.0	 279.6462097167969	 378.5084228515625	 46937.16015625
40254508.0	 279.9514465332031	 379.9654846191406	 47043.23828125
40254596.0	 278.9810791015625	 376.9698791503906	 45751.03515625
40254684.0	 278.6275329589844	 381.49713134765625	 48281.66796875
40254776.0	 279.89410400390625	 377.4654846191406	 47104.88671875
40254860.0	 279.7386169433594	 378.8680419921875	 46319.04296875
40254948.0	 279.6841125488281	 384.49774169921875	 51055.41796875
40255036.0	 279.7931213378906	 380.7783508300781	 47471.85546875
40255124.0	 279.6902770996094	 374.8548583984375	 43618.68359375
40255216.0	 279.7625732421875	 372.1393737792969	 42443.296875
40255304.0	 280.20391845703125	 381.9384765625	 46396.0859375
40255480.0	 279.5209655761719	 365.7775573730469	 38425.515625
40255568.0	 279.4041748046875	 380.6295471191406	 44894.2890625
40255660.0	 279.9983215332031	 374.4002380371094	 45432.484375
40255744.0	 279.0160827636719	 382.68609619140625	 49025.7109375
40255832.0	 279.7074890136719	 374.8876647949219	 45842.73828125
40255924.0	 279.371826171875	 382.40289306640625	 48972.4609375
40256008.0	 279.6798400878906	 383.23309326171875	 47024.40625
40256100.0	 279.79144287109375	 379.27178955078125	 47005.09375
40256188.0	 280.03509521484375	 381.43792724609375	 50097.12890625
40256280.0	 279.58551025390625	 383.8375549316406	 47675.390625
40256364.0	 279.5166320800781	 377.2987365722656	 46775.09765625
40256456.0	 279.40606689453125	 381.10614013671875	 49842.28515625
40256544.0	 279.5726318359375	 375.3528747558594	 45424.25
40256628.0	 278.34039306640625	 380.18975830078125	 48933.7578125
40256720.0	 278.3446350097656	 377.14642333984375	 45854.60546875
40256808.0	 278.8595275878906	 378.0355529785156	 49184.703125
40256900.0	 278.96490478515625	 382.76434326171875	 48433.5390625
40256984.0	 278.8545837402344	 383.95166015625	 46977.67578125
40257072.0	 279.40155029296875	 382.7807922363281	 47899.828125
40257164.0	 279.3302917480469	 375.153564453125	 45111.96484375
40257252.0	 279.8276672363281	 380.98583984375	 47312.26171875
40257340.0	 278.8580017089844	 382.0171203613281	 48456.0390625
40257428.0	 279.49005126953125	 381.0370178222656	 44699.34375
40257520.0	 279.4208984375	 382.3600769042969	 47751.9140625
40257604.0	 279.2379455566406	 382.1873779296875	 47439.75
40257692.0	 279.49090576171875	 382.74884033203125	 45183.125
40257780.0	 279.3915710449219	 385.3231506347656	 47622.9296875
40257868.0	 278.9395751953125	 380.4851989746094	 45334.18359375
40257960.0	 279.2642822265625	 373.97991943359375	 44612.984375
40258052.0	 279.1507263183594	 378.5393981933594	 46378.703125
40258140.0	 278.9239807128906	 377.3115234375	 45985.04296875
40258224.0	 279.1229553222656	 380.1087951660156	 46451.0
40258404.0	 279.707275390625	 366.014404296875	 38134.6953125
40258492.0	 279.71331787109375	 377.724609375	 45386.234375
40258580.0	 279.4076232910156	 378.6026916503906	 46359.77734375
40258672.0	 279.0019226074219	 377.6833801269531	 44397.2734375
40258760.0	 279.8982849121094	 381.29461669921875	 48324.47265625
40258844.0	 279.857421875	 384.8507385253906	 49654.98046875
40258932.0	 279.0997619628906	 378.0322265625	 46125.39453125
40259024.0	 278.8903503417969	 383.5491943359375	 50812.546875
40259112.0	 280.30377197265625	 380.2117614746094	 45743.10546875
40259200.0	 279.1614990234375	 375.509521484375	 43728.65625
40259288.0	 279.2130432128906	 377.71221923828125	 46137.71875
40259380.0	 279.6167297363281	 380.707763671875	 47318.5234375
40259464.0	 278.8076171875	 379.69287109375	 46386.9453125
40259556.0	 279.1667785644531	 381.42669677734375	 49510.84765625
40259644.0	 279.62725830078125	 384.0189514160156	 47647.2265625
40259728.0	 279.39947509765625	 385.2314453125	 46162.37109375
40259820.0	 278.376708984375	 381.9891662597656	 47662.00390625
40259908.0	 279.4213562011719	 375.87847900390625	 44743.58984375
40259992.0	 279.4906005859375	 388.71453857421875	 47924.22265625
40260084.0	 279.6629333496094	 380.87725830078125	 46347.62109375
40260176.0	 279.7166748046875	 379.54632568359375	 46525.41015625
40260264.0	 278.874267578125	 377.56915283203125	 44151.7109375
40260352.0	 279.197998046875	 378.3614196777344	 44878.390625
40260440.0	 279.9731750488281	 383.7426452636719	 48084.2578125
40260532.0	 279.9977722167969	 383.708984375	 47608.15625
40260616.0	 279.2502746582031	 380.0602111816406	 46081.578125
40260704.0	 279.7330627441406	 383.47515869140625	 48769.13671875
40260792.0	 279.3756103515625	 386.5065612792969	 50413.94921875
40260884.0	 278.96563720703125	 379.31536865234375	 47189.8828125
40260972.0	 278.8045349121094	 384.8448486328125	 47857.6875
40261060.0	 279.0790710449219	 383.6411437988281	 47356.93359375
40261148.0	 279.2510070800781	 373.2529296875	 43616.44140625
40261324.0	 278.3173522949219	 370.23291015625	 40167.78125
40261416.0	 278.7964172363281	 379.52545166015625	 45031.83203125
40261504.0	 278.7603759765625	 380.6358947753906	 47483.46875
40261588.0	 279.1241455078125	 374.7358703613281	 43814.88671875
40261680.0	 279.21270751953125	 377.3890075683594	 46361.81640625
40261772.0	 279.2169189453125	 378.2762756347656	 46028.56640625
40261856.0	 279.4293518066406	 379.2215270996094	 46218.2421875
40261944.0	 279.53643798828125	 379.0843811035156	 45335.49609375
40262036.0	 279.126220703125	 379.5162353515625	 44688.50390625
40262124.0	 278.3888854980469	 381.976806640625	 46783.28515625
40262212.0	 278.80450439453125	 376.8544921875	 46122.265625
40262300.0	 279.1781005859375	 375.1070861816406	 43913.1015625
40262392.0	 279.1309814453125	 372.26806640625	 43695.4921875
40262476.0	 278.82354736328125	 380.29296875	 47504.3359375
40262564.0	 278.5494384765625	 381.8697204589844	 48342.58984375
40262656.0	 279.1373596191406	 380.16900634765625	 46912.765625
40262740.0	 278.6178894042969	 380.3340148925781	 46331.46875
40262832.0	 278.79034423828125	 380.5928039550781	 51208.109375
40262920.0	 279.62249755859375	 379.394287109375	 46712.33984375
40263008.0	 278.966796875	 376.4981384277344	 47431.171875
40263096.0	 279.52191162109375	 373.15423583984375	 46207.30859375
40263184.0	 279.6776428222656	 379.7069396972656	 47313.73828125
40263276.0	 279.70318603515625	 373.8674011230469	 43657.8359375
40263360.0	 279.80364990234375	 379.84124755859375	 47299.3046875
40263452.0	 279.2054748535156	 379.3828125	 47270.04296875
40263540.0	 279.8030700683594	 378.3955078125	 46514.3671875
40263624.0	 279.8968811035156	 375.4567565917969	 45079.30859375
40263716.0	 279.41998291015625	 375.59783935546875	 47360.7421875
40263804.0	 279.3949890136719	 375.1563415527344	 45476.88671875
40263896.0	 280.6266174316406	 375.9495544433594	 45994.5078125
40263980.0	 280.1368408203125	 379.0360412597656	 46293.52734375
40264068.0	 279.9961853027344	 375.3855895996094	 45378.21875
40264248.0	 279.7678527832031	 371.4644470214844	 44022.82421875
40264336.0	 279.63525390625	 378.7500305175781	 45668.5078125
40264424.0	 279.7974853515625	 376.8963317871094	 45102.1328125
40264516.0	 280.2196350097656	 378.66839599609375	 45693.54296875
40264604.0	 279.9470520019531	 377.9448547363281	 45694.75390625
40264692.0	 280.07440185546875	 374.9385986328125	 45309.1875
40264784.0	 279.13214111328125	 382.17462158203125	 49086.296875
40264864.0	 279.85406494140625	 379.9661560058594	 46906.86328125
40264956.0	 278.5542297363281	 382.61126708984375	 49044.52734375
40265044.0	 280.0271301269531	 374.623046875	 42900.30078125
40265132.0	 279.63067626953125	 376.1557922363281	 44734.1328125
40265220.0	 278.9973449707031	 376.4422912597656	 46767.1484375
40265312.0	 279.25738525390625	 374.90826416015625	 45355.99609375
40265400.0	 279.0862731933594	 375.0	 44533.16015625
40265488.0	 279.8622131347656	 380.0072021484375	 45014.734375
40265576.0	 279.62188720703125	 377.6356201171875	 44256.3203125
40265664.0	 279.3237609863281	 375.23040771484375	 47511.61328125
40265752.0	 278.9752197265625	 377.1636047363281	 45656.08984375
40265840.0	 279.8285827636719	 374.90740966796875	 45847.578125
40265928.0	 280.0784912109375	 377.9138488769531	 46441.2890625
40266020.0	 279.5438232421875	 374.9683532714844	 43376.359375
40266104.0	 279.49237060546875	 384.55914306640625	 48611.4921875
40266196.0	 279.3131408691406	 387.5559997558594	 48138.60546875
40266288.0	 279.135498046875	 379.56884765625	 46969.140625
40266372.0	 279.1986999511719	 374.91888427734375	 44656.5625
40266464.0	 279.22747802734375	 377.95660400390625	 45266.703125
40266552.0	 279.2330627441406	 378.7490234375	 45906.25
40266640.0	 279.39898681640625	 378.4757080078125	 47776.390625
40266728.0	 278.8717956542969	 379.5167541503906	 45333.375
40266816.0	 279.60748291015625	 378.0811767578125	 45719.80078125
40266908.0	 279.1849670410156	 387.294189453125	 49086.61328125
40266992.0	 278.7733154296875	 372.5693054199219	 43566.05078125
40267172.0	 279.77996826171875	 373.7886962890625	 43175.0078125
40267256.0	 279.5296936035156	 375.8382263183594	 46171.0859375
40267348.0	 279.1658935546875	 372.9654846191406	 45056.84765625
40267436.0	 278.1980285644531	 379.5223388671875	 50036.9140625
40267524.0	 279.3383483886719	 378.2403259277344	 45995.1640625
40267612.0	 279.267333984375	 379.9165344238281	 45915.47265625
40267704.0	 279.3651428222656	 382.29522705078125	 48930.22265625
40267792.0	 279.43597412109375	 384.84442138671875	 50269.296875
40267876.0	 280.1485290527344	 373.415771484375	 43043.9140625
40267964.0	 279.1672668457031	 374.8106689453125	 43867.125
40268056.0	 280.4052429199219	 381.9810485839844	 46531.27734375
40268144.0	 280.470458984375	 377.3124084472656	 44494.5078125
40268232.0	 279.9407653808594	 382.4170227050781	 47380.7578125
40268324.0	 280.2403259277344	 379.6827697753906	 46164.99609375
40268412.0	 280.59136962890625	 374.6769104003906	 44025.078125
40268500.0	 280.1299743652344	 378.0152282714844	 44285.1171875
40268588.0	 280.1868896484375	 370.1668395996094	 43298.2109375
40268676.0	 280.2541809082031	 382.1314392089844	 46951.8359375
40268764.0	 280.3134765625	 376.6894226074219	 45360.390625
40268856.0	 280.3545837402344	 381.4999694824219	 46012.8984375
40268944.0	 280.4788513183594	 374.751953125	 45938.81640625
40269028.0	 280.2196960449219	 375.5599670410156	 44725.7890625
40269116.0	 280.1225891113281	 377.2664794921875	 45971.43359375
40269208.0	 280.69903564453125	 376.8687438964844	 43367.59375
40269296.0	 280.5375671386719	 376.3382263183594	 43981.125
40269384.0	 280.3130187988281	 379.222900390625	 45727.0
40269472.0	 280.1259765625	 377.72235107421875	 45782.76171875
40269564.0	 279.862060546875	 380.1767272949219	 46326.21875
40269648.0	 279.99102783203125	 371.311767578125	 42920.75390625
40269740.0	 280.0535888671875	 370.0875244140625	 41509.45703125
40269828.0	 279.6976318359375	 375.47998046875	 46478.2421875
40269916.0	 279.9611511230469	 377.0982360839844	 45513.12109375
40270092.0	 279.6581115722656	 370.83502197265625	 42679.50390625
40270184.0	 279.703369140625	 374.36187744140625	 44627.74609375
40270268.0	 280.07196044921875	 381.2428894042969	 45814.4453125
40270356.0	 279.74395751953125	 378.2630920410156	 44263.51171875
40270448.0	 280.0225830078125	 374.8787536621094	 46415.41796875
40270532.0	 279.5670471191406	 376.6231384277344	 44823.3515625
40270624.0	 279.25372314453125	 382.630859375	 50073.2421875
40270712.0	 279.5842590332031	 375.1503601074219	 45688.4296875
40270804.0	 279.935546875	 379.40655517578125	 45535.4609375
40270892.0	 278.8146667480469	 369.9528503417969	 44858.265625
40270980.0	 281.1553649902344	 385.62841796875	 50865.06640625
40271068.0	 281.20867919921875	 388.903076171875	 53987.1328125
40271152.0	 280.8333435058594	 385.20086669921875	 50890.61328125
40271244.0	 281.3315734863281	 389.70928955078125	 48577.12890625
40271332.0	 281.2441711425781	 388.42718505859375	 51277.3046875
40271420.0	 280.5355529785156	 385.2523193359375	 51350.0390625
40271508.0	 281.6002502441406	 391.6446533203125	 52566.21484375
40271600.0	 281.2668762207031	 385.6266174316406	 49848.37890625
40271688.0	 281.3735046386719	 383.58355712890625	 48772.546875
40271772.0	 280.3568115234375	 385.2034606933594	 52099.63671875
40271864.0	 281.5862731933594	 385.261962890625	 50322.58984375
40271952.0	 279.8948974609375	 382.4499206542969	 52270.65625
40272040.0	 279.5570373535156	 385.8057556152344	 48019.56640625
40272128.0	 280.1879577636719	 384.510986328125	 48907.8359375
40272220.0	 279.859130859375	 377.92987060546875	 46603.77734375
40272304.0	 278.876708984375	 389.45135498046875	 50237.55859375
40272392.0	 279.63653564453125	 379.68994140625	 48306.41015625
40272484.0	 279.414794921875	 387.4046325683594	 52206.0625
40272572.0	 278.4483642578125	 386.1866455078125	 54656.1328125
40272660.0	 280.0912780761719	 387.5771789550781	 50577.11328125
40272752.0	 279.72027587890625	 379.1715393066406	 48489.3671875
40272840.0	 280.8182067871094	 386.9337158203125	 50455.890625
40273016.0	 280.3958740234375	 375.5263977050781	 43151.421875
40273104.0	 280.6142883300781	 380.0215759277344	 48805.69921875
40273192.0	 280.3590393066406	 385.39654541015625	 48958.40625
40273280.0	 281.3020324707031	 378.8040771484375	 48363.49609375
40273372.0	 280.4476013183594	 382.85205078125	 49210.41796875
40273460.0	 280.4857177734375	 387.30694580078125	 50659.1640625
40273544.0	 280.732421875	 383.5275573730469	 48495.7265625
40273636.0	 280.9565734863281	 378.3653564453125	 47035.87890625
40273724.0	 281.0985412597656	 385.75506591796875	 48698.3359375
40273808.0	 281.15020751953125	 386.1314392089844	 51298.8515625
40273900.0	 281.09228515625	 381.75323486328125	 46399.828125
40273988.0	 279.9875183105469	 383.5881042480469	 47975.71484375
40274076.0	 280.5640563964844	 378.61798095703125	 45844.0234375
40274164.0	 280.7171325683594	 376.7380676269531	 44593.36328125
40274256.0	 280.721923828125	 383.4241027832031	 47110.4765625
40274344.0	 280.5843505859375	 381.955322265625	 48125.83984375
40274428.0	 280.17767333984375	 378.4363708496094	 46462.9375
40274520.0	 280.5292663574219	 381.5487365722656	 47113.08203125
40274612.0	 281.50787353515625	 379.4892883300781	 47216.515625
40274696.0	 280.4192199707031	 385.1660461425781	 47908.6640625
40274788.0	 279.9475402832031	 375.1653747558594	 46273.53125
40274876.0	 279.8690185546875	 384.787841796875	 51076.32421875
40274960.0	 280.5918273925781	 382.8979187011719	 48059.87890625
40275052.0	 280.20294189453125	 380.9602966308594	 48138.97265625
40275140.0	 280.9599609375	 380.29949951171875	 47472.08984375
40275232.0	 280.275146484375	 380.18902587890625	 50561.05859375
40275316.0	 280.7700500488281	 383.011474609375	 47930.04296875
40275408.0	 280.8977355957031	 387.0995788574219	 51243.5390625
40275496.0	 281.0165710449219	 387.13153076171875	 49326.33984375
40275580.0	 280.392578125	 382.6877746582031	 48425.5859375
40275672.0	 281.326904296875	 377.52313232421875	 46389.90234375
40275760.0	 280.8819885253906	 382.1847839355469	 47974.62109375
40275936.0	 281.9668884277344	 370.6980285644531	 42312.953125
40276028.0	 280.7109069824219	 383.6630859375	 48877.29296875
40276116.0	 281.123046875	 380.4183349609375	 46509.23046875
40276200.0	 280.8143005371094	 377.5942687988281	 47846.2109375
40276292.0	 281.06982421875	 380.76788330078125	 47551.6953125
40276380.0	 281.2492980957031	 383.5472106933594	 48042.77734375
40276468.0	 281.22137451171875	 388.826904296875	 48765.4921875
40276556.0	 280.8742980957031	 391.3980407714844	 52555.30859375
40276648.0	 280.6336975097656	 385.3226318359375	 48812.24609375
40276732.0	 280.2667541503906	 383.68719482421875	 49910.06640625
40276824.0	 279.9779968261719	 373.11688232421875	 46139.6171875
40276912.0	 279.5856018066406	 375.36590576171875	 45599.28125
40276996.0	 279.2769775390625	 377.31671142578125	 44416.421875
40277088.0	 279.77789306640625	 379.0809326171875	 47125.17578125
40277176.0	 279.1258239746094	 379.00042724609375	 48621.98046875
40277268.0	 279.86126708984375	 380.1856689453125	 48231.32421875
40277352.0	 279.69146728515625	 379.7708435058594	 48033.9921875
40277444.0	 279.672119140625	 377.2395324707031	 47114.93359375
40277532.0	 280.0339050292969	 379.1304626464844	 47377.3984375
40277620.0	 280.293212890625	 375.7909240722656	 46253.53125
40277708.0	 280.7150573730469	 375.2154541015625	 47425.60546875
40277796.0	 280.49090576171875	 377.27435302734375	 47067.125
40277884.0	 280.69189453125	 373.7690124511719	 46435.296875
40277972.0	 280.43487548828125	 377.5815734863281	 46818.14453125
40278064.0	 280.4306945800781	 381.26739501953125	 48370.9453125
40278152.0	 279.9740295410156	 374.42364501953125	 46958.2734375
40278236.0	 280.54083251953125	 381.0315856933594	 46821.35546875
40278328.0	 281.21905517578125	 387.08648681640625	 47574.71484375
40278416.0	 281.6758117675781	 385.83880615234375	 47880.75390625
40278504.0	 281.4574279785156	 375.65863037109375	 46082.78515625
40278592.0	 281.55169677734375	 383.67620849609375	 48984.28515625
40278684.0	 281.35247802734375	 379.48486328125	 46726.09375
40278860.0	 282.1422424316406	 360.59454345703125	 37140.234375
40278948.0	 282.18878173828125	 377.989501953125	 46367.54296875
40279040.0	 281.89373779296875	 375.77691650390625	 45170.22265625
40279124.0	 281.3229064941406	 380.5357666015625	 48542.3515625
40279212.0	 280.3982238769531	 383.2370910644531	 47600.9375
40279304.0	 281.456298828125	 377.64385986328125	 48225.74609375
40279388.0	 281.1415710449219	 380.9741516113281	 46207.53125
40279480.0	 281.047607421875	 373.6128845214844	 44848.59765625
40279568.0	 280.4429626464844	 381.15216064453125	 45910.734375
40279656.0	 281.43255615234375	 385.759033203125	 48500.12109375
40279744.0	 280.83270263671875	 385.4803466796875	 48902.28515625
40279832.0	 281.8481140136719	 383.2693176269531	 47017.9765625
40279920.0	 281.2308349609375	 384.4068908691406	 48923.1875
40280008.0	 281.2138977050781	 377.49053955078125	 46618.953125
40280100.0	 281.323974609375	 388.4366149902344	 49617.81640625
40280188.0	 281.2145690917969	 378.8205871582031	 44350.33203125
40280272.0	 281.180419921875	 380.91693115234375	 47390.015625
40280364.0	 280.8232727050781	 378.8895568847656	 47906.2109375
40280456.0	 281.1101379394531	 384.1766052246094	 50068.703125
40280540.0	 281.6413879394531	 382.50799560546875	 48173.703125
40280628.0	 281.3788757324219	 382.3550109863281	 48313.4765625
40280716.0	 280.8359680175781	 383.2037353515625	 49550.80078125
40280808.0	 280.6515197753906	 381.5321044921875	 45990.8203125
40280896.0	 281.6465759277344	 380.540283203125	 48792.40234375
40280988.0	 281.2853088378906	 382.75311279296875	 49486.1015625
40281076.0	 281.0198669433594	 381.5150146484375	 48078.4921875
40281160.0	 280.8558654785156	 379.4720153808594	 47537.2734375
40281252.0	 280.6955261230469	 389.5403137207031	 51668.6796875
40281340.0	 281.1416931152344	 378.0458679199219	 46330.48828125
40281424.0	 281.4979248046875	 383.5229187011719	 48063.109375
40281516.0	 281.34375	 380.37591552734375	 50312.171875
40281604.0	 281.55413818359375	 383.6171569824219	 47688.296875
40281780.0	 282.048095703125	 376.1243591308594	 42146.33984375
40281868.0	 281.5621032714844	 386.590576171875	 49266.0859375
40281956.0	 281.32220458984375	 386.207763671875	 50122.84765625
40282044.0	 281.55047607421875	 383.8414306640625	 46954.91796875
40282136.0	 281.7387390136719	 383.758544921875	 47444.58984375
40282224.0	 281.3883361816406	 384.5533142089844	 49242.6484375
40282312.0	 281.3575134277344	 389.5966796875	 49049.625
40282400.0	 281.9984436035156	 379.8183288574219	 46070.0078125
40282492.0	 281.5605773925781	 378.8211364746094	 47414.02734375
40282576.0	 279.992919921875	 381.9252014160156	 49294.46875
40282668.0	 281.5199890136719	 387.88134765625	 50594.32421875
40282756.0	 281.7369079589844	 384.5318603515625	 47844.93359375
40282844.0	 281.4328308105469	 385.0533142089844	 49495.6484375
40282932.0	 281.7698059082031	 378.2272644042969	 47367.4375
40283020.0	 281.372802734375	 377.1643371582031	 46367.55078125
40283108.0	 281.69049072265625	 378.3160095214844	 47572.6640625
40283196.0	 281.015869140625	 381.0807800292969	 48016.12109375
40283288.0	 279.85211181640625	 373.2723083496094	 46468.375
40283376.0	 279.7521057128906	 376.4139404296875	 46052.4296875
40283464.0	 279.4661865234375	 379.3405456542969	 48501.9296875
40283552.0	 280.0085144042969	 381.3537902832031	 47909.09375
40283640.0	 280.9011535644531	 382.8164978027344	 49865.08984375
40283728.0	 280.36639404296875	 378.10821533203125	 45508.53125
40283820.0	 280.430419921875	 379.1468200683594	 47936.7578125
40283908.0	 280.01776123046875	 375.7231140136719	 46980.24609375
40283992.0	 280.9567565917969	 376.2069396972656	 46774.61328125
40284080.0	 280.22265625	 380.1898193359375	 46729.671875
40284172.0	 280.2056579589844	 381.2080993652344	 47104.6796875
40284260.0	 279.9944152832031	 380.66998291015625	 46081.73046875
40284348.0	 278.8605041503906	 386.298828125	 53833.76953125
40284436.0	 279.9432067871094	 375.748291015625	 43590.42578125
40284528.0	 279.8465881347656	 368.99798583984375	 41305.56640625
40284704.0	 280.6385192871094	 372.39453125	 43405.56640625
40284792.0	 280.4300231933594	 380.2816467285156	 47633.34765625
40284876.0	 279.8598327636719	 383.3329162597656	 48641.02734375
40284968.0	 279.9996032714844	 379.5627136230469	 47240.3359375
40285060.0	 280.416748046875	 385.2647705078125	 50457.26171875
40285144.0	 279.97698974609375	 374.27117919921875	 44794.91796875
40285236.0	 280.54400634765625	 375.3856506347656	 44973.44140625
40285324.0	 280.0452575683594	 379.3780517578125	 46796.703125
40285408.0	 279.3426208496094	 380.6886901855469	 47620.24609375
40285500.0	 279.4385070800781	 382.84674072265625	 46814.9375
40285588.0	 279.9361267089844	 374.97412109375	 43565.125
40285676.0	 279.8502502441406	 369.3624572753906	 40952.81640625
40285764.0	 279.7128601074219	 378.5354309082031	 44589.71484375
40285852.0	 279.16241455078125	 385.6759033203125	 49389.0078125
40285944.0	 279.41595458984375	 377.37774658203125	 45045.09765625
40286032.0	 279.9536437988281	 380.641845703125	 44526.60546875
40286120.0	 279.5126953125	 377.6526184082031	 44954.13671875
40286208.0	 278.9842224121094	 375.7072448730469	 44841.71484375
40286292.0	 278.45306396484375	 388.39801025390625	 51990.109375
40286384.0	 278.4158935546875	 374.358154296875	 42258.328125
40286476.0	 278.7370910644531	 381.0204162597656	 46316.203125
40286560.0	 278.6209716796875	 377.5836486816406	 43586.57421875
40286648.0	 279.6105651855469	 380.807373046875	 44462.73046875
40286740.0	 280.05535888671875	 377.93896484375	 44506.41796875
40286828.0	 280.304443359375	 381.1111145019531	 47748.0390625
40286916.0	 281.1129455566406	 380.36376953125	 46423.75
40287004.0	 281.19384765625	 384.04052734375	 46622.00390625
40287096.0	 281.10430908203125	 385.71319580078125	 47376.54296875
40287180.0	 280.5869140625	 384.53179931640625	 46804.91796875
40287272.0	 280.72271728515625	 378.6427001953125	 46233.63671875
40287360.0	 281.3180236816406	 380.689697265625	 45958.51171875
40287448.0	 280.71331787109375	 383.19708251953125	 49688.79296875
40287628.0	 281.0028381347656	 360.75189208984375	 37806.73046875
40287712.0	 280.67919921875	 371.2958679199219	 44051.9296875
40287800.0	 280.6181945800781	 372.4601135253906	 44854.7734375
40287888.0	 279.90313720703125	 376.7270812988281	 45389.8359375
40287976.0	 279.7591857910156	 372.7832946777344	 45771.09375
40288068.0	 280.5635986328125	 375.678955078125	 46013.3203125
40288156.0	 281.00439453125	 386.9490966796875	 46390.19921875
40288244.0	 280.7883605957031	 376.8402099609375	 45308.8125
40288332.0	 280.7513427734375	 379.1243591308594	 45410.171875
40288420.0	 279.56097412109375	 379.1452941894531	 46940.4375
40288512.0	 280.04461669921875	 382.5384216308594	 46529.25
40288596.0	 279.8558654785156	 375.3436279296875	 44943.80859375
40288688.0	 280.3606262207031	 377.25146484375	 45145.8671875
40288776.0	 280.3473815917969	 381.63330078125	 46525.12109375
40288860.0	 279.87310791015625	 383.8255310058594	 48212.0546875
40288952.0	 279.7505187988281	 384.84869384765625	 50132.36328125
40289044.0	 280.1222839355469	 377.9242858886719	 45346.2890625
40289128.0	 280.4601135253906	 377.7319030761719	 45595.6796875
40289216.0	 278.9888916015625	 385.9630432128906	 47570.7578125
40289308.0	 280.5410461425781	 378.9126281738281	 44448.15625
40289396.0	 280.6265869140625	 376.58074951171875	 45147.875
40289484.0	 280.0163269042969	 381.6441345214844	 47823.92578125
40289572.0	 280.222412109375	 381.4950866699219	 47228.859375
40289660.0	 279.7001953125	 379.2933349609375	 48254.45703125
40289748.0	 280.3894348144531	 383.79736328125	 47281.265625
40289840.0	 280.5599670410156	 383.61724853515625	 46869.78515625
40289928.0	 280.3625183105469	 387.35516357421875	 50007.890625
40290016.0	 281.26837158203125	 380.1024169921875	 46642.04296875
40290104.0	 280.1787109375	 384.5716857910156	 47845.68359375
40290192.0	 281.2703552246094	 383.32891845703125	 47474.94140625
40290280.0	 280.2820739746094	 383.5496520996094	 48352.953125
40290368.0	 280.65325927734375	 382.6859436035156	 45553.0234375
40290544.0	 280.6617126464844	 367.9447021484375	 40747.97265625
40290632.0	 279.4230041503906	 368.38800048828125	 43780.7265625
40290724.0	 279.0265808105469	 378.8011474609375	 47944.08203125
40290812.0	 278.6690368652344	 378.63336181640625	 46986.21484375
40290896.0	 278.7536315917969	 379.2995300292969	 47046.0078125
40290988.0	 279.4095153808594	 378.0443420410156	 45399.26171875
40291076.0	 279.1184387207031	 377.5798645019531	 46914.9453125
40291164.0	 278.8658447265625	 382.46905517578125	 48418.00390625
40291256.0	 279.2823181152344	 373.78948974609375	 45125.21875
40291344.0	 279.4560241699219	 376.4383239746094	 45233.33203125
40291432.0	 279.4515075683594	 379.7560119628906	 45782.734375
40291520.0	 279.301513671875	 383.9648742675781	 47946.875
40291612.0	 278.2738037109375	 373.2547302246094	 44826.5
40291696.0	 278.253173828125	 383.19073486328125	 47048.33984375
40291784.0	 278.5239562988281	 374.82684326171875	 45443.87109375
40291872.0	 278.4986267089844	 373.3163757324219	 46576.48828125
40291960.0	 278.6644287109375	 378.2801513671875	 46448.97265625
40292052.0	 278.86474609375	 379.62158203125	 47790.84765625
40292140.0	 278.771240234375	 382.0922546386719	 49540.88671875
40292232.0	 279.2572021484375	 383.29315185546875	 48438.20703125
40292316.0	 279.30853271484375	 383.8524475097656	 48764.23828125
40292404.0	 279.2524719238281	 380.190185546875	 47090.203125
40292496.0	 278.97955322265625	 381.40545654296875	 48728.9140625
40292580.0	 278.9421691894531	 374.79376220703125	 45389.20703125
40292672.0	 279.52093505859375	 377.8153076171875	 46059.95703125
40292760.0	 279.298583984375	 378.21380615234375	 47467.515625
40292844.0	 279.4679870605469	 377.8055725097656	 45127.9765625
40292936.0	 279.0168762207031	 380.9165954589844	 48718.9453125
40293028.0	 279.5358581542969	 380.48773193359375	 46906.29296875
40293112.0	 279.38812255859375	 377.4571838378906	 46860.4609375
40293200.0	 279.5013732910156	 379.53302001953125	 48183.25390625
40293292.0	 279.4166564941406	 384.2135009765625	 47875.52734375
40293468.0	 279.89593505859375	 361.7917175292969	 38474.74609375
40293556.0	 279.9688720703125	 381.2961120605469	 47784.84765625
40293644.0	 279.836669921875	 376.48907470703125	 45522.43359375
40293732.0	 279.58685302734375	 382.47967529296875	 46930.4375
40293824.0	 279.5882568359375	 380.8918762207031	 47745.33203125
40293912.0	 278.84381103515625	 376.0429992675781	 44709.0234375
40294000.0	 279.75653076171875	 378.65557861328125	 46218.82421875
40294088.0	 278.2012939453125	 380.71136474609375	 49953.15625
40294176.0	 279.59906005859375	 382.0792236328125	 45832.0859375
40294264.0	 278.9439392089844	 376.47625732421875	 45731.46484375
40294352.0	 278.218017578125	 373.76312255859375	 47258.61328125
40294444.0	 279.312255859375	 377.90032958984375	 47740.43359375
40294528.0	 279.1540832519531	 380.5472106933594	 47184.88671875
40294616.0	 278.0312194824219	 393.2171630859375	 56857.59375
40294708.0	 279.3558349609375	 373.1602478027344	 43429.72265625
40294792.0	 278.85443115234375	 378.37945556640625	 45974.86328125
40294884.0	 279.2799072265625	 376.3714294433594	 47691.16796875
40294972.0	 279.2497863769531	 377.25775146484375	 46850.859375
40295060.0	 279.26214599609375	 378.24224853515625	 46937.30078125
40295148.0	 279.29510498046875	 380.7030944824219	 47762.89453125
40295240.0	 278.37127685546875	 383.90142822265625	 51800.7265625
40295328.0	 279.0513000488281	 374.6923522949219	 45760.34375
40295416.0	 279.71051025390625	 373.3887939453125	 45593.984375
40295504.0	 278.844970703125	 373.3002014160156	 45372.23046875
40295596.0	 278.746337890625	 379.2418212890625	 45346.66015625
40295680.0	 278.32379150390625	 374.9134826660156	 44211.703125
40295768.0	 277.21600341796875	 382.3372497558594	 44435.6640625
40295860.0	 277.67730712890625	 379.109375	 46157.8984375
40295944.0	 278.2369079589844	 374.6385498046875	 43043.08984375
40296036.0	 278.12884521484375	 379.51953125	 46335.64453125
40296124.0	 278.32049560546875	 385.190673828125	 48865.33203125
40296212.0	 277.46905517578125	 375.3413391113281	 44166.48046875
40296388.0	 277.5481262207031	 370.6097106933594	 40828.96484375
40296476.0	 278.4794006347656	 386.3316955566406	 46832.71875
40296564.0	 277.4326477050781	 377.0386047363281	 43715.55859375
40296656.0	 278.3192443847656	 378.5172424316406	 44813.6484375
40296740.0	 278.83544921875	 377.7480163574219	 46023.21484375
40296832.0	 279.152099609375	 375.1927185058594	 46340.49609375
40296920.0	 278.2878112792969	 380.05914306640625	 46338.75390625
40297012.0	 279.2865905761719	 381.92486572265625	 48138.96875
40297096.0	 279.3562316894531	 378.9836730957031	 47839.97265625
40297184.0	 279.18670654296875	 376.1004333496094	 46610.56640625
40297276.0	 278.5873718261719	 379.2872619628906	 47274.6171875
40297360.0	 278.1986999511719	 384.0836486816406	 50103.1953125
40297452.0	 279.1901550292969	 378.1335754394531	 45620.03125
40297540.0	 278.5555725097656	 380.7223205566406	 47329.19140625
40297628.0	 278.01171875	 389.13525390625	 50699.375
40297716.0	 278.9964599609375	 376.8398132324219	 43194.50390625
40297808.0	 279.0976257324219	 378.8334655761719	 45091.609375
40297892.0	 278.6088562011719	 377.2492370605469	 44218.0078125
40297984.0	 279.08563232421875	 372.3578796386719	 44732.64453125
40298072.0	 279.0746765136719	 379.1142272949219	 44981.2265625
40298160.0	 278.7830810546875	 381.21026611328125	 48202.6640625
40298248.0	 279.2622375488281	 381.59063720703125	 47152.15625
40298336.0	 279.2263488769531	 376.2864990234375	 45210.80078125
40298424.0	 279.6631774902344	 373.9588928222656	 44674.01953125
40298512.0	 279.7362976074219	 376.4601135253906	 45861.20703125
40298604.0	 279.64208984375	 375.2467041015625	 44631.95703125
40298688.0	 279.34149169921875	 379.6190490722656	 44295.6796875
40298776.0	 279.3016052246094	 374.0818786621094	 45459.66796875
40298868.0	 278.1927185058594	 377.33197021484375	 45445.1015625
40298956.0	 279.43548583984375	 385.30670166015625	 47825.984375
40299044.0	 278.95477294921875	 378.9719543457031	 48902.02734375
40299132.0	 279.8756408691406	 384.4045104980469	 49350.05859375
40299308.0	 278.6218566894531	 385.3783264160156	 59673.66796875
40299400.0	 280.4046325683594	 383.8465576171875	 48550.3828125
40299488.0	 279.4283752441406	 381.6717224121094	 47068.55078125
40299576.0	 279.54693603515625	 383.20654296875	 48654.61328125
40299664.0	 280.46221923828125	 381.6163330078125	 47760.60546875
40299756.0	 280.2152099609375	 379.9267578125	 46633.703125
40299840.0	 280.1590881347656	 377.16766357421875	 47209.76953125
40299928.0	 280.3915100097656	 381.94195556640625	 48797.703125
40300020.0	 280.20819091796875	 378.1094055175781	 46271.015625
40300104.0	 279.4278869628906	 383.2778625488281	 47344.3203125
40300196.0	 279.7666931152344	 385.3441467285156	 47557.1875
40300284.0	 279.8383483886719	 377.7889404296875	 47136.17578125
40300372.0	 279.6016845703125	 384.0633544921875	 47941.03125
40300460.0	 280.6696472167969	 380.62786865234375	 49254.140625
40300552.0	 279.8165283203125	 377.2331237792969	 46975.9765625
40300636.0	 279.39739990234375	 382.76348876953125	 47363.9296875
40300724.0	 280.41802978515625	 380.95831298828125	 48834.76171875
40300816.0	 280.0225524902344	 385.1119689941406	 47991.875
40300904.0	 280.09063720703125	 374.7644958496094	 44947.47265625
40300992.0	 279.8522644042969	 378.18463134765625	 47184.765625
40301080.0	 279.6726989746094	 383.3454284667969	 50614.95703125
40301168.0	 279.81707763671875	 378.3585510253906	 47127.1953125
40301256.0	 279.400146484375	 382.9249572753906	 48735.546875
40301348.0	 279.73504638671875	 375.2049255371094	 45162.83203125
40301436.0	 279.6506042480469	 379.6385192871094	 47985.6484375
40301524.0	 280.25494384765625	 379.3990173339844	 46758.828125
40301612.0	 279.5808410644531	 381.51434326171875	 48515.7578125
40301700.0	 279.05865478515625	 383.36590576171875	 50135.375
40301788.0	 278.6797180175781	 374.2198486328125	 43613.58203125
40301876.0	 279.6960144042969	 380.7453918457031	 51015.1953125
40301968.0	 279.0881042480469	 373.64117431640625	 45979.83203125
40302052.0	 278.6771240234375	 378.20697021484375	 45110.64453125
40302232.0	 279.39117431640625	 371.0780029296875	 46354.40234375
40302320.0	 279.3976135253906	 379.11529541015625	 47949.91015625
40302408.0	 279.1134948730469	 371.36639404296875	 44866.6328125
40302500.0	 278.42724609375	 374.1953125	 45311.05078125
40302584.0	 277.9039001464844	 381.1036376953125	 47575.8671875
40302672.0	 278.85491943359375	 376.4735107421875	 44605.0546875
40302764.0	 278.416748046875	 379.01263427734375	 46806.421875
40302848.0	 278.7157287597656	 374.85650634765625	 46138.46484375
40302940.0	 278.1460876464844	 382.43414306640625	 47904.203125
40303028.0	 278.3457336425781	 379.0184326171875	 45931.43359375
40303120.0	 278.21820068359375	 372.36395263671875	 43545.73828125
40303204.0	 278.5505065917969	 376.58697509765625	 46108.81640625
40303292.0	 279.79669189453125	 380.7473449707031	 48033.27734375
40303384.0	 279.45587158203125	 379.402587890625	 47725.87890625
40303468.0	 279.92425537109375	 378.0730285644531	 50169.55859375
40303560.0	 279.96820068359375	 380.39044189453125	 48781.05078125
40303648.0	 280.23162841796875	 377.89532470703125	 46483.3203125
40303736.0	 279.98980712890625	 379.585205078125	 47473.05859375
40303824.0	 280.26556396484375	 378.24566650390625	 47106.87109375
40303916.0	 280.7501220703125	 376.1000061035156	 47188.421875
40304000.0	 280.12420654296875	 379.7135009765625	 48817.53125
40304092.0	 279.7022399902344	 381.7733459472656	 48508.87890625
40304180.0	 279.8005676269531	 381.7952575683594	 48998.95703125
40304264.0	 280.62335205078125	 379.19818115234375	 47582.22265625
40304356.0	 280.0886535644531	 374.4033203125	 47711.984375
40304448.0	 280.6212463378906	 382.6192321777344	 48322.5546875
40304532.0	 280.36224365234375	 381.5968017578125	 47458.9453125
40304620.0	 279.69635009765625	 384.16571044921875	 49554.98828125
40304708.0	 280.2025451660156	 378.50140380859375	 47135.87109375
40304796.0	 279.5881042480469	 382.1725769042969	 49748.609375
40304888.0	 279.45489501953125	 387.24285888671875	 50898.2890625
40304976.0	 279.5581359863281	 382.23785400390625	 47409.59375
40305152.0	 280.38409423828125	 370.2966613769531	 41702.71875
40305240.0	 279.8065490722656	 381.13763427734375	 47606.89453125
40305328.0	 279.54296875	 376.81207275390625	 45749.59375
40305416.0	 279.202880859375	 380.2835693359375	 46840.7578125
40305504.0	 279.6616516113281	 381.76824951171875	 49615.15625
40305596.0	 278.80133056640625	 379.3383483886719	 48512.62890625
40305684.0	 279.5090026855469	 376.1639099121094	 44882.48046875
40305772.0	 279.5184631347656	 385.161865234375	 48419.2734375
40305864.0	 279.7388000488281	 379.4533386230469	 46368.4296875
40305948.0	 280.3333435058594	 381.48980712890625	 48100.5390625
40306036.0	 279.8443298339844	 382.4271240234375	 47210.03125
40306128.0	 280.11688232421875	 383.9793395996094	 47176.21875
40306212.0	 280.1960144042969	 381.6382751464844	 46876.1640625
40306304.0	 280.0478515625	 383.0483093261719	 47177.48046875
40306392.0	 279.9331359863281	 378.8995666503906	 47040.96484375
40306480.0	 279.6581726074219	 379.54632568359375	 47041.60546875
40306568.0	 279.7568359375	 375.3592834472656	 43998.859375
40306656.0	 279.93780517578125	 374.72021484375	 45325.203125
40306744.0	 279.50457763671875	 383.2143249511719	 50665.51171875
40306836.0	 280.3820495605469	 378.31329345703125	 47980.96875
40306924.0	 280.5177307128906	 380.41693115234375	 46126.17578125
40307008.0	 280.3059997558594	 381.0616760253906	 47150.31640625
40307100.0	 279.8815002441406	 380.4062805175781	 46562.72265625
40307188.0	 280.02215576171875	 376.9537048339844	 47109.28515625
40307276.0	 279.72430419921875	 380.5000915527344	 47756.859375
40307364.0	 279.48870849609375	 383.9443054199219	 48906.1640625
40307452.0	 279.80682373046875	 386.49395751953125	 50951.51953125
40307540.0	 280.7441711425781	 380.36639404296875	 46843.58984375
40307632.0	 279.7369689941406	 388.92620849609375	 50914.35546875
40307720.0	 280.86151123046875	 383.6628112792969	 47616.125
40307808.0	 280.616943359375	 389.511962890625	 50681.02734375
40307896.0	 281.0821838378906	 383.88421630859375	 47798.91796875
40308072.0	 281.3492431640625	 373.3100891113281	 41102.328125
40308160.0	 280.590087890625	 387.83697509765625	 49202.86328125
40308252.0	 280.8481140136719	 382.7490539550781	 49554.74609375
40308336.0	 279.650390625	 382.0765075683594	 47033.4140625
40308428.0	 279.72430419921875	 379.5619201660156	 46155.9140625
40308516.0	 279.31695556640625	 381.7723388671875	 48765.1953125
40308604.0	 280.28753662109375	 384.22515869140625	 49234.35546875
40308692.0	 280.57501220703125	 382.4379577636719	 48637.17578125
40308784.0	 281.1116027832031	 376.5081481933594	 45260.04296875
40308872.0	 279.8937683105469	 378.5196228027344	 47440.40234375
40308960.0	 280.5350646972656	 383.0472106933594	 48175.3828125
40309048.0	 280.3110046386719	 376.920166015625	 47404.28515625
40309136.0	 280.6900329589844	 379.5682678222656	 46442.79296875
40309220.0	 281.7096252441406	 387.63739013671875	 49931.78515625
40309312.0	 281.49853515625	 380.8604736328125	 46357.5234375
40309400.0	 281.6070251464844	 381.883544921875	 48604.4375
40309488.0	 281.2012939453125	 381.5253601074219	 47170.91796875
40309576.0	 281.87060546875	 378.4639587402344	 47181.84765625
40309668.0	 280.8201599121094	 382.5831604003906	 47761.72265625
40309756.0	 281.71453857421875	 380.49017333984375	 45073.16015625
40309844.0	 281.7970886230469	 379.2124328613281	 46929.75
40309936.0	 281.3141784667969	 380.7934265136719	 47153.51171875
40310020.0	 280.628662109375	 383.4093322753906	 49730.21875
40310108.0	 280.7030334472656	 375.2909240722656	 45512.40234375
40310200.0	 280.6807556152344	 379.8559265136719	 46253.3671875
40310284.0	 281.2846374511719	 380.8203430175781	 47766.78515625
40310376.0	 280.8526306152344	 378.15777587890625	 47150.78515625
40310464.0	 280.7026672363281	 381.6998596191406	 46445.2578125
40310548.0	 280.9207763671875	 375.9041442871094	 45948.79296875
40310640.0	 280.689697265625	 387.1761779785156	 50961.6484375
40310732.0	 280.34112548828125	 378.7666320800781	 49588.66796875
40310816.0	 281.1156311035156	 378.3369140625	 47326.92578125
40310996.0	 280.74798583984375	 365.7083740234375	 39559.5625
40311080.0	 280.9084167480469	 381.3143615722656	 47855.44921875
40311168.0	 280.8892517089844	 376.5066833496094	 44112.65625
40311260.0	 280.3160705566406	 378.7936706542969	 47199.7578125
40311348.0	 279.9947509765625	 382.2677001953125	 46787.19921875
40311436.0	 280.1499938964844	 380.716064453125	 47379.55078125
40311528.0	 280.7337341308594	 380.5049133300781	 46148.98828125
40311612.0	 280.296630859375	 382.6636962890625	 47720.60546875
40311700.0	 280.17041015625	 382.4364318847656	 47335.37890625
40311792.0	 280.13397216796875	 383.5519714355469	 48720.40234375
40311880.0	 280.4974060058594	 377.9762268066406	 46005.890625
40311968.0	 280.5461120605469	 379.7677307128906	 46756.4921875
40312060.0	 280.2528076171875	 379.114013671875	 45925.5390625
40312140.0	 280.18280029296875	 377.8192443847656	 46789.16015625
40312232.0	 280.33740234375	 376.2186584472656	 45679.26171875
40312324.0	 279.5628356933594	 380.8317565917969	 50140.171875
40312412.0	 280.2203674316406	 380.5262451171875	 46882.125
40312500.0	 279.82269287109375	 379.67529296875	 48714.140625
40312588.0	 280.4634094238281	 379.9300842285156	 47907.4296875
40312680.0	 279.69989013671875	 383.1639709472656	 45663.53515625
40312764.0	 280.1941833496094	 380.50653076171875	 46740.27734375
40312852.0	 279.59088134765625	 379.53533935546875	 47439.98046875
40312944.0	 280.3033447265625	 381.9668273925781	 46962.33203125
40313028.0	 279.8971862792969	 373.9255065917969	 45665.7890625
40313120.0	 279.81182861328125	 381.7841796875	 48044.17578125
40313208.0	 279.92401123046875	 378.0195007324219	 45264.890625
40313292.0	 279.63311767578125	 379.51873779296875	 45858.9921875
40313384.0	 279.5570983886719	 380.1628112792969	 45848.9375
40313472.0	 279.6827392578125	 384.94537353515625	 47794.5234375
40313560.0	 280.3421936035156	 380.3086853027344	 46167.25390625
40313652.0	 280.8204650878906	 380.0821228027344	 47476.9921875
40313740.0	 279.84661865234375	 382.7099609375	 47310.0
40313916.0	 278.9118347167969	 384.5740966796875	 56315.89453125
40314008.0	 279.83831787109375	 380.2283935546875	 45075.859375
40314092.0	 279.8475341796875	 383.45013427734375	 47173.13671875
40314180.0	 279.9673156738281	 381.9795227050781	 46405.625
40314272.0	 279.7665710449219	 378.4750671386719	 45333.57421875
40314356.0	 279.9761962890625	 385.0989990234375	 47262.9921875
40314444.0	 279.9295959472656	 385.94085693359375	 48758.4375
40314536.0	 280.3849182128906	 381.71856689453125	 48576.765625
40314624.0	 280.3826904296875	 379.79095458984375	 48128.4140625
40314712.0	 279.83428955078125	 373.6190185546875	 45508.375
40314800.0	 280.4266357421875	 377.0748291015625	 48460.2109375
40314888.0	 280.8600158691406	 376.58831787109375	 46686.52734375
40314976.0	 279.93853759765625	 388.3572082519531	 53224.1953125
40315068.0	 280.43408203125	 384.5844421386719	 49441.81640625
40315152.0	 280.7079772949219	 377.6976623535156	 47761.52734375
40315244.0	 280.6910705566406	 385.2524108886719	 47409.9453125
40315332.0	 280.9586181640625	 379.9134216308594	 48366.94140625
40315420.0	 281.2077941894531	 379.0429992675781	 46286.49609375
40315508.0	 280.2303771972656	 383.1331481933594	 48590.59765625
40315596.0	 280.6872253417969	 373.9253234863281	 48612.20703125
40315684.0	 280.8682861328125	 376.8558349609375	 45914.890625
40315776.0	 280.7497253417969	 373.44049072265625	 45464.6171875
40315864.0	 280.527099609375	 380.7511901855469	 48763.94921875
40315948.0	 280.24896240234375	 375.12884521484375	 46531.85546875
40316040.0	 280.0965881347656	 381.39593505859375	 48484.68359375
40316128.0	 279.8238830566406	 375.3576965332031	 46698.87890625
40316216.0	 280.4937744140625	 372.6561279296875	 45806.54296875
40316304.0	 280.1387634277344	 382.5184326171875	 48718.7890625
40316392.0	 279.6841735839844	 382.3594055175781	 49738.08984375
40316480.0	 280.7602844238281	 384.75762939453125	 48370.1640625
40316568.0	 280.4369201660156	 378.81866455078125	 46543.9375
40316660.0	 279.8780822753906	 380.77777099609375	 48423.0234375
40316836.0	 278.6733093261719	 387.8386535644531	 58266.44921875
40316924.0	 281.9200744628906	 374.46038818359375	 44757.1953125
40317012.0	 280.21173095703125	 373.5079650878906	 43145.03515625
40317100.0	 279.9980773925781	 387.3340148925781	 50421.5
40317192.0	 280.5685119628906	 382.468505859375	 47820.25
40317276.0	 280.9143371582031	 376.69305419921875	 45056.05859375
40317368.0	 280.4928283691406	 380.5146789550781	 48315.90234375
40317456.0	 279.04962158203125	 384.4727478027344	 50298.703125
40317540.0	 280.0015869140625	 373.1335754394531	 43697.25390625
40317632.0	 279.7525329589844	 380.9273986816406	 46957.8125
40317720.0	 280.3857727050781	 377.3610534667969	 46643.59375
40317808.0	 280.80255126953125	 382.0040283203125	 50118.4140625
40317896.0	 280.80645751953125	 382.40765380859375	 48219.32421875
40317988.0	 280.3406982421875	 390.81396484375	 51283.578125
40318072.0	 280.5564880371094	 382.9920959472656	 48210.35546875
40318164.0	 280.1919250488281	 385.2933654785156	 48906.125
40318252.0	 280.5709533691406	 381.0915832519531	 46756.1328125
40318340.0	 280.76544189453125	 389.9761657714844	 50753.2109375
40318428.0	 280.5431823730469	 383.59259033203125	 48370.86328125
40318520.0	 280.5250244140625	 384.64874267578125	 48256.1015625
40318604.0	 280.6878967285156	 382.7469177246094	 45948.1953125
40318692.0	 280.3448791503906	 386.1270446777344	 50627.99609375
40318784.0	 280.508544921875	 385.3175354003906	 51094.3203125
40318872.0	 279.7449645996094	 387.0273132324219	 50975.9140625
40318960.0	 280.6419982910156	 385.59173583984375	 50395.64453125
40319052.0	 280.9991455078125	 381.9178466796875	 46613.0
40319136.0	 280.9225158691406	 377.42584228515625	 46226.265625
40319224.0	 280.2733154296875	 382.8216552734375	 48095.89453125
40319316.0	 281.0162048339844	 391.8236999511719	 50958.48828125
40319400.0	 280.26275634765625	 388.3795166015625	 50789.20703125
40319488.0	 280.6965637207031	 381.267822265625	 46975.796875
40319580.0	 280.4668273925781	 378.98638916015625	 45291.75
40319756.0	 281.44671630859375	 370.7036437988281	 43262.453125
40319844.0	 280.1997375488281	 384.2505187988281	 48007.015625
40319932.0	 280.8280334472656	 383.2847900390625	 48303.90625
40320024.0	 280.9210510253906	 381.39361572265625	 47518.99609375
40320112.0	 280.63629150390625	 379.7793884277344	 47463.1484375
40320196.0	 280.70684814453125	 379.9095764160156	 45745.44921875
40320288.0	 280.55169677734375	 386.53369140625	 48737.8359375
40320376.0	 280.0533142089844	 384.1798400878906	 48550.7734375
40320464.0	 280.2167053222656	 385.41412353515625	 49628.0
40320552.0	 280.0470275878906	 374.8748779296875	 45918.97265625
40320644.0	 280.4804992675781	 380.066162109375	 47075.9375
40320728.0	 280.0230407714844	 384.4158935546875	 47618.37109375
40320816.0	 280.462158203125	 381.2889709472656	 47039.5625
40320908.0	 280.1070861816406	 381.8213806152344	 46965.44921875
40320996.0	 280.46331787109375	 387.24688720703125	 49015.7265625
40321084.0	 280.95648193359375	 379.85980224609375	 45514.12890625
40321172.0	 280.70147705078125	 382.17327880859375	 45713.7578125
40321260.0	 280.7718811035156	 378.6643981933594	 46159.09765625
40321348.0	 280.60113525390625	 380.9910888671875	 47546.8125
40321440.0	 281.0525817871094	 379.37811279296875	 45538.5625
40321524.0	 280.58209228515625	 389.4823913574219	 51994.7265625
40321612.0	 281.436279296875	 384.7046813964844	 48819.7734375
40321704.0	 281.2898864746094	 387.4549560546875	 48584.1796875
40321788.0	 281.3677978515625	 381.54888916015625	 45690.9140625
40321880.0	 280.6863708496094	 387.1805114746094	 50618.91796875
40321968.0	 280.43597412109375	 383.8802490234375	 48363.84375
40322056.0	 281.00201416015625	 390.5213317871094	 49426.015625
40322144.0	 280.3668518066406	 388.4997253417969	 49389.87109375
40322236.0	 281.83941650390625	 380.42987060546875	 47219.078125
40322324.0	 280.8782653808594	 384.9969482421875	 48338.11328125
40322412.0	 280.9430847167969	 383.97039794921875	 48300.35546875
40322500.0	 280.9313659667969	 381.0346984863281	 48620.78515625
40322676.0	 282.06524658203125	 374.0263671875	 43636.453125
40322768.0	 281.454345703125	 379.5395812988281	 48714.80078125
40322852.0	 281.8053894042969	 380.95208740234375	 47581.1640625
40322944.0	 281.7121887207031	 384.84796142578125	 45110.60546875
40323032.0	 281.8789978027344	 384.6720886230469	 51711.35546875
40323116.0	 282.4582824707031	 387.92584228515625	 51695.6328125
40323204.0	 282.6993713378906	 386.237060546875	 50133.6796875
40323296.0	 282.345947265625	 388.0203857421875	 52326.63671875
40323384.0	 282.105712890625	 385.5688171386719	 49674.39453125
40323472.0	 282.7750549316406	 381.5675048828125	 49781.8203125
40323564.0	 281.6493835449219	 378.586669921875	 46740.8046875
40323648.0	 280.8040466308594	 381.1833801269531	 50130.5859375
40323736.0	 281.32470703125	 381.68536376953125	 47664.58984375
40323828.0	 281.400146484375	 380.3179626464844	 47201.71875
40323912.0	 280.7401123046875	 384.8118591308594	 50372.50390625
40324004.0	 281.1112365722656	 381.2181396484375	 48669.078125
40324096.0	 280.7207336425781	 384.3085632324219	 47486.05078125
40324180.0	 281.31298828125	 379.7835388183594	 46188.046875
40324268.0	 281.2561340332031	 376.1749572753906	 45114.609375
40324360.0	 281.7618103027344	 377.6094055175781	 47531.43359375
40324444.0	 281.29443359375	 377.5714111328125	 44864.79296875
40324536.0	 280.7377624511719	 377.5924072265625	 45473.96875
40324624.0	 280.75421142578125	 383.0584411621094	 47437.8515625
40324712.0	 281.2557067871094	 388.3101501464844	 52112.94921875
40324800.0	 280.958984375	 379.07391357421875	 48882.56640625
40324892.0	 281.5933532714844	 381.6115417480469	 47075.125
40324976.0	 281.85791015625	 370.5472717285156	 44221.0390625
40325068.0	 281.49627685546875	 385.3880310058594	 48541.79296875
40325156.0	 280.4543151855469	 380.08441162109375	 47217.1328125
40325240.0	 281.06475830078125	 375.36859130859375	 45545.23828125
40325332.0	 281.4619140625	 380.1064453125	 46701.0625
40325420.0	 280.70281982421875	 383.4316101074219	 47665.8671875
40325596.0	 282.5644836425781	 365.4705810546875	 42584.11328125
40325684.0	 281.71282958984375	 386.73016357421875	 49356.8125
40325772.0	 282.0845031738281	 390.3981018066406	 51573.05859375
40325864.0	 282.0290222167969	 384.6169128417969	 50335.65234375
40325952.0	 282.0624694824219	 377.591064453125	 47999.7265625
40326036.0	 281.8682861328125	 387.8016052246094	 50431.21875
40326128.0	 281.7821960449219	 386.6502380371094	 49927.62109375
40326220.0	 282.1751403808594	 383.90435791015625	 49187.69140625
40326304.0	 282.2807922363281	 382.40167236328125	 48085.94921875
40326396.0	 282.1730041503906	 381.10186767578125	 50467.6015625
40326484.0	 281.9148864746094	 378.9505615234375	 50503.40625
40326568.0	 282.47332763671875	 378.0247802734375	 47458.41015625
40326660.0	 283.137451171875	 383.9454040527344	 49508.1875
40326748.0	 282.3076171875	 379.00848388671875	 48329.1953125
40326836.0	 281.7992858886719	 385.8370361328125	 50044.6171875
40326924.0	 281.89874267578125	 375.75482177734375	 45946.60546875
40327016.0	 282.162841796875	 383.31060791015625	 48252.6484375
40327100.0	 280.8100891113281	 383.4027404785156	 48365.0546875
40327188.0	 281.4497375488281	 377.4106140136719	 47397.640625
40327280.0	 280.02618408203125	 385.1307678222656	 53430.14453125
40327364.0	 280.672607421875	 379.19329833984375	 46366.20703125
40327456.0	 280.45098876953125	 380.1479187011719	 49356.0546875
40327548.0	 280.433349609375	 390.84320068359375	 51824.5234375
40327632.0	 281.99859619140625	 381.3463439941406	 48981.91796875
