START:	 57.60000000000028
END:	 57.80000000000028

r [km]	 vr [km/s]	 np [cm-3]	 T [K]
40072392.0	 277.262451171875	 357.81536865234375	 66158.7109375
40072480.0	 275.9951477050781	 367.5173034667969	 64005.53515625
40072568.0	 276.13031005859375	 373.1604919433594	 68838.1328125
40072660.0	 275.657470703125	 360.3952941894531	 60891.25390625
40072748.0	 275.9254150390625	 368.2141418457031	 66666.2734375
40072836.0	 275.9123840332031	 367.5691833496094	 68567.0390625
40072924.0	 275.1590881347656	 375.7327880859375	 70400.0234375
40073012.0	 275.26885986328125	 363.6009521484375	 65846.75
40073100.0	 275.3943176269531	 369.1110534667969	 67132.3515625
40073192.0	 275.15557861328125	 370.0844421386719	 66085.2421875
40073280.0	 276.9819030761719	 366.2521057128906	 64164.00390625
40073364.0	 275.4914855957031	 363.06927490234375	 66994.515625
40073452.0	 275.29608154296875	 362.9584655761719	 60474.52734375
40073544.0	 275.0108337402344	 369.15582275390625	 65560.5703125
40073632.0	 274.89788818359375	 371.40472412109375	 69157.5859375
40073724.0	 275.5318908691406	 370.2440490722656	 69083.6796875
40073812.0	 275.2596130371094	 369.0201721191406	 70806.5078125
40073896.0	 275.2568359375	 368.3471984863281	 65581.2265625
40074076.0	 276.10858154296875	 369.2635498046875	 59637.28125
40074164.0	 275.9817199707031	 367.2930603027344	 66792.5703125
40074256.0	 276.97308349609375	 371.2778625488281	 64843.140625
40074344.0	 275.5249938964844	 373.9023742675781	 73400.296875
40074432.0	 275.9119873046875	 360.4971618652344	 65181.3046875
40074520.0	 275.54071044921875	 365.27838134765625	 66425.0625
40074608.0	 276.0317077636719	 363.6015625	 67586.1953125
40074696.0	 276.2050476074219	 370.7781982421875	 65805.390625
40074788.0	 275.300048828125	 367.3616638183594	 70277.5078125
40074876.0	 275.7326965332031	 359.3082275390625	 63323.77734375
40074968.0	 275.6851806640625	 366.13909912109375	 68638.5546875
40075052.0	 275.0043029785156	 367.1276550292969	 63900.62890625
40075140.0	 275.17205810546875	 369.3983459472656	 64696.98046875
40075232.0	 275.12335205078125	 375.7660827636719	 66348.0
40075320.0	 274.4949645996094	 358.1087646484375	 60087.85546875
40075408.0	 275.4707946777344	 368.5452575683594	 65481.50390625
40075500.0	 274.46575927734375	 368.940673828125	 65296.65625
40075584.0	 274.01666259765625	 365.65179443359375	 65365.09375
40075676.0	 274.5868225097656	 368.3439636230469	 60656.54296875
40075764.0	 273.225341796875	 361.8432922363281	 58710.29296875
40075852.0	 272.7785339355469	 361.09735107421875	 55781.4609375
40075940.0	 272.8268737792969	 355.77325439453125	 52852.0078125
40076032.0	 273.7696533203125	 355.3915100097656	 58041.1328125
40076116.0	 274.7928466796875	 369.9715576171875	 64235.0703125
40076208.0	 274.01214599609375	 364.1617126464844	 58143.14453125
40076292.0	 272.6096496582031	 366.3106689453125	 61123.89453125
40076384.0	 273.76654052734375	 363.4419250488281	 58663.22265625
40076472.0	 271.5385437011719	 357.207763671875	 56203.28125
40076564.0	 272.5900573730469	 360.8173828125	 52522.89453125
40076648.0	 273.1293640136719	 358.8714904785156	 53689.0234375
40076740.0	 272.96893310546875	 353.393310546875	 50316.69140625
40076828.0	 272.9270935058594	 357.0240173339844	 51980.515625
40077008.0	 274.0751953125	 347.4566345214844	 44130.52734375
40077096.0	 272.4331970214844	 354.6889343261719	 52418.30078125
40077180.0	 273.5132751464844	 366.33123779296875	 55335.0234375
40077272.0	 273.96356201171875	 373.98455810546875	 55914.4375
40077360.0	 272.3778076171875	 359.2601318359375	 54909.26171875
40077452.0	 273.3478088378906	 362.3696594238281	 54870.37109375
40077540.0	 274.27740478515625	 378.444580078125	 62584.05078125
40077628.0	 274.74249267578125	 367.900634765625	 61783.6171875
40077712.0	 276.3766174316406	 371.4707946777344	 63634.8359375
40077804.0	 276.451171875	 367.4698181152344	 63613.3046875
40077892.0	 275.0390930175781	 375.1393737792969	 73380.4765625
40077980.0	 277.181884765625	 367.7709045410156	 65901.234375
40078072.0	 275.99468994140625	 371.6284484863281	 67957.0234375
40078160.0	 275.9012145996094	 370.8581237792969	 63958.51953125
40078244.0	 276.6256103515625	 369.4875183105469	 60221.37890625
40078336.0	 275.1923828125	 364.1015625	 65781.78125
40078424.0	 274.7999267578125	 368.1387939453125	 63262.765625
40078516.0	 274.80078125	 366.38555908203125	 61274.61328125
40078604.0	 274.5691833496094	 365.2244567871094	 63096.5390625
40078696.0	 276.5064697265625	 371.15411376953125	 64459.24609375
40078784.0	 276.29412841796875	 366.0650939941406	 61632.83203125
40078868.0	 275.6869201660156	 369.8963928222656	 63085.6640625
40078956.0	 276.3137512207031	 357.8616943359375	 57386.5078125
40079048.0	 275.6394348144531	 371.7621765136719	 65283.296875
40079136.0	 276.2427062988281	 368.9522705078125	 61164.765625
40079224.0	 275.8651428222656	 367.914306640625	 61080.671875
40079316.0	 275.9859924316406	 363.3372497558594	 61377.40625
40079400.0	 274.0452575683594	 357.5124816894531	 55413.10546875
40079492.0	 276.02984619140625	 361.8697509765625	 61062.6015625
40079580.0	 272.923095703125	 361.95489501953125	 57223.94140625
40079668.0	 274.16839599609375	 355.9910888671875	 52470.9765625
40079760.0	 273.4048767089844	 356.9909973144531	 52935.97265625
40079932.0	 273.78173828125	 352.7962951660156	 47631.08984375
40080020.0	 273.1308898925781	 352.4632873535156	 52990.3671875
40080112.0	 273.1407470703125	 362.8477478027344	 58354.71484375
40080200.0	 273.53826904296875	 362.4745788574219	 56784.01171875
40080292.0	 273.1804504394531	 372.2541198730469	 60566.171875
40080380.0	 275.5185546875	 370.9493408203125	 62045.95703125
40080464.0	 275.0723876953125	 367.2179870605469	 65504.015625
40080552.0	 275.27166748046875	 364.5772399902344	 59708.42578125
40080644.0	 275.2131042480469	 364.26214599609375	 59954.234375
40080732.0	 274.5813903808594	 366.52703857421875	 59522.58984375
40080824.0	 275.4464416503906	 365.6019287109375	 57988.79296875
40080912.0	 274.4252624511719	 360.3702392578125	 56796.7265625
40081000.0	 274.1037292480469	 372.4639587402344	 60956.75390625
40081088.0	 274.87548828125	 364.8063659667969	 56816.55859375
40081180.0	 275.2137756347656	 362.79083251953125	 53982.35546875
40081268.0	 274.78546142578125	 365.68206787109375	 58411.03515625
40081356.0	 274.4320373535156	 357.9880065917969	 53072.171875
40081448.0	 273.9295349121094	 365.1444091796875	 54640.84765625
40081532.0	 272.0833740234375	 359.81146240234375	 52233.8828125
40081620.0	 272.1934509277344	 368.6965026855469	 52502.1328125
40081708.0	 272.9554748535156	 356.47723388671875	 48624.79296875
40081800.0	 274.1871643066406	 374.8451232910156	 59780.234375
40081888.0	 274.2530212402344	 351.7201843261719	 47690.12890625
40081980.0	 273.7244873046875	 358.66339111328125	 54149.3203125
40082064.0	 274.4117126464844	 357.7407531738281	 50823.96484375
40082152.0	 273.5571594238281	 365.7424011230469	 54336.73828125
40082240.0	 274.3648986816406	 358.3061218261719	 51519.34375
40082332.0	 274.501708984375	 362.2503967285156	 52579.5859375
40082420.0	 273.9925231933594	 357.3289794921875	 51246.6015625
40082512.0	 274.6822814941406	 365.6181640625	 50649.00390625
40082596.0	 275.278564453125	 367.9592590332031	 53778.3984375
40082684.0	 272.98785400390625	 362.24981689453125	 49009.08984375
40082864.0	 273.4644470214844	 354.2872314453125	 41482.57421875
40082952.0	 272.7811279296875	 363.2447814941406	 49742.703125
40083044.0	 273.82269287109375	 363.3088073730469	 47900.9296875
40083128.0	 274.1816711425781	 359.9159851074219	 47269.5078125
40083220.0	 274.1412048339844	 361.4463806152344	 49496.96484375
40083308.0	 273.6343688964844	 361.0113525390625	 49344.03125
40083396.0	 273.2556457519531	 358.7803955078125	 47638.984375
40083484.0	 273.2361755371094	 355.32763671875	 46894.76171875
40083576.0	 272.6095275878906	 363.5246276855469	 49229.7734375
40083660.0	 272.63970947265625	 362.1733703613281	 52073.578125
40083748.0	 273.3675231933594	 359.91473388671875	 46201.03125
40083840.0	 272.95172119140625	 362.8417053222656	 49803.19921875
40083928.0	 273.4129943847656	 352.51947021484375	 47560.51953125
40084016.0	 274.42205810546875	 365.4406433105469	 49645.34765625
40084108.0	 274.3980407714844	 369.4583435058594	 49102.8828125
40084192.0	 272.86151123046875	 366.0977478027344	 49069.8671875
40084284.0	 273.6273498535156	 359.31646728515625	 45670.69140625
40084372.0	 275.40899658203125	 366.57568359375	 49148.5078125
40084460.0	 273.7765808105469	 351.2026672363281	 45141.6953125
40084552.0	 273.3819580078125	 371.5073547363281	 50219.8671875
40084640.0	 273.38861083984375	 357.0905456542969	 46899.75
40084724.0	 273.36785888671875	 368.54559326171875	 51312.35546875
40084816.0	 273.3326721191406	 355.5086975097656	 45858.44140625
40084904.0	 273.43365478515625	 357.76904296875	 42909.30859375
40084992.0	 273.5296936035156	 365.197265625	 48084.3046875
40085084.0	 273.4278259277344	 362.77587890625	 46128.90625
40085172.0	 273.6854248046875	 354.44720458984375	 44698.27734375
40085260.0	 273.5533447265625	 353.55035400390625	 45765.46875
40085348.0	 273.4483947753906	 354.620361328125	 46813.6328125
40085436.0	 273.8022155761719	 361.59326171875	 48079.75
40085528.0	 274.6256408691406	 359.6673889160156	 47123.78515625
40085616.0	 276.2402038574219	 370.7684631347656	 48529.078125
40085792.0	 275.4769592285156	 347.5054016113281	 40404.91015625
40085880.0	 276.1014404296875	 370.8576965332031	 49792.56640625
40085968.0	 276.06768798828125	 368.4452209472656	 49608.79296875
40086060.0	 276.6565856933594	 369.95733642578125	 48758.921875
40086148.0	 277.2750244140625	 367.9348449707031	 50385.25
40086236.0	 277.42095947265625	 372.1017150878906	 52666.140625
40086324.0	 278.6456298828125	 365.93157958984375	 49151.55078125
40086412.0	 277.6036376953125	 369.7284240722656	 51027.671875
40086504.0	 277.8262634277344	 366.283447265625	 48921.75390625
40086592.0	 277.5487060546875	 362.8993835449219	 51109.8515625
40086680.0	 277.76312255859375	 368.5238342285156	 47464.4140625
40086764.0	 277.8834228515625	 371.1904602050781	 49296.421875
40086856.0	 275.4976501464844	 372.1091613769531	 57657.33984375
40086944.0	 275.6274719238281	 375.04864501953125	 49630.34765625
40087036.0	 275.07635498046875	 362.04473876953125	 47586.875
40087124.0	 277.4646301269531	 368.0931701660156	 51688.4765625
40087212.0	 278.2424621582031	 371.49151611328125	 49681.78515625
40087300.0	 276.41015625	 364.94659423828125	 44717.9296875
40087388.0	 276.4504699707031	 369.77764892578125	 50521.09765625
40087480.0	 277.2105407714844	 363.4173583984375	 46702.5390625
40087568.0	 277.847412109375	 368.1844482421875	 48078.7890625
40087656.0	 277.7969665527344	 369.3365783691406	 48178.53125
40087744.0	 277.3390808105469	 364.6484680175781	 49089.375
40087832.0	 276.51593017578125	 371.1863708496094	 51842.09375
40087920.0	 276.2056579589844	 366.7215270996094	 49477.5
40088012.0	 276.51947021484375	 368.6309814453125	 51027.61328125
40088100.0	 276.4067077636719	 362.7393798828125	 49534.40234375
40088188.0	 277.0863037109375	 366.8348388671875	 50206.89453125
40088280.0	 276.2737121582031	 362.263671875	 47603.84765625
40088364.0	 276.8760070800781	 368.05621337890625	 49841.5859375
40088452.0	 276.7923583984375	 358.6517639160156	 45120.671875
40088544.0	 274.1967468261719	 364.9095764160156	 50413.6875
40088720.0	 275.1432189941406	 355.54150390625	 41891.6640625
40088812.0	 272.54791259765625	 357.91314697265625	 47892.59765625
40088896.0	 275.0765380859375	 365.58221435546875	 47923.87109375
40088984.0	 273.7050476074219	 362.0585632324219	 45675.46484375
40089076.0	 274.27130126953125	 365.7768249511719	 48545.546875
40089164.0	 273.6695556640625	 359.52081298828125	 48829.33984375
40089256.0	 273.1200866699219	 366.6383056640625	 51912.30859375
40089344.0	 273.2544860839844	 356.2245788574219	 47328.6640625
40089432.0	 272.2947082519531	 364.5214538574219	 53001.36328125
40089520.0	 272.7864074707031	 355.6014404296875	 46178.5625
40089608.0	 272.71368408203125	 358.5558776855469	 48599.1484375
40089696.0	 274.0318908691406	 366.1104431152344	 51407.72265625
40089788.0	 272.9979248046875	 359.435302734375	 48027.546875
40089876.0	 273.4486083984375	 354.4291076660156	 48609.46875
40089964.0	 272.8558349609375	 349.5321350097656	 42375.51171875
40090052.0	 272.57421875	 358.43292236328125	 48982.13671875
40090140.0	 272.5273742675781	 354.6150817871094	 44832.453125
40090232.0	 272.5435485839844	 359.4781188964844	 49659.7421875
40090320.0	 272.837158203125	 352.9203186035156	 43894.8671875
40090404.0	 272.4019775390625	 359.9448547363281	 48732.21875
40090496.0	 273.9304504394531	 371.8262939453125	 51382.7109375
40090584.0	 274.8303527832031	 361.9156799316406	 47284.06640625
40090672.0	 275.96405029296875	 365.107666015625	 49893.796875
40090764.0	 276.4668273925781	 373.0904846191406	 49745.51953125
40090852.0	 275.9887390136719	 358.46759033203125	 48434.65625
40090936.0	 276.2727966308594	 368.01751708984375	 47415.890625
40091024.0	 275.6741027832031	 373.6083984375	 53461.00390625
40091116.0	 277.12103271484375	 360.3426818847656	 48074.03125
40091204.0	 276.0071105957031	 375.2798156738281	 49049.59765625
40091296.0	 276.2161560058594	 368.8750915527344	 47661.56640625
40091384.0	 275.8400573730469	 369.1417236328125	 48464.0546875
40091468.0	 276.010009765625	 362.77154541015625	 48923.796875
40091648.0	 276.4808654785156	 340.78448486328125	 38238.02734375
40091740.0	 274.76611328125	 356.0223693847656	 44917.58203125
40091828.0	 274.4317321777344	 364.030029296875	 47802.9453125
40091916.0	 274.8871765136719	 361.72265625	 45984.6640625
40092004.0	 275.3297424316406	 361.84674072265625	 46194.87890625
40092092.0	 274.7879943847656	 365.03009033203125	 51601.60546875
40092180.0	 274.4613342285156	 360.1878356933594	 48749.6953125
40092272.0	 274.2876892089844	 364.73760986328125	 47530.24609375
40092360.0	 274.1524658203125	 362.8856201171875	 46919.859375
40092448.0	 275.1490173339844	 369.77093505859375	 48915.296875
40092536.0	 274.94927978515625	 364.3734130859375	 48368.4453125
40092624.0	 274.3362121582031	 364.3857727050781	 47905.4140625
40092716.0	 274.364990234375	 366.47216796875	 46161.66796875
40092804.0	 274.5782470703125	 361.10675048828125	 46949.8671875
40092892.0	 275.31512451171875	 358.7869873046875	 46958.06640625
40092980.0	 275.1802978515625	 364.05059814453125	 46316.1171875
40093068.0	 274.4641418457031	 365.8998718261719	 50721.33203125
40093156.0	 274.80487060546875	 364.18804931640625	 49174.1796875
40093244.0	 274.4866638183594	 366.5005798339844	 48699.63671875
40093336.0	 276.32525634765625	 356.12335205078125	 46136.65625
40093424.0	 276.1121520996094	 363.7817077636719	 48274.3203125
40093512.0	 275.434326171875	 362.2817077636719	 50290.21484375
40093600.0	 274.1578674316406	 357.35552978515625	 47995.5234375
40093692.0	 275.5362854003906	 363.1749267578125	 47846.2109375
40093780.0	 276.532470703125	 364.3387451171875	 48755.22265625
40093868.0	 275.5382385253906	 367.39202880859375	 49848.16796875
40093960.0	 277.1455078125	 362.4863586425781	 49084.25390625
40094044.0	 275.9427185058594	 368.75433349609375	 51812.21484375
40094132.0	 274.8374328613281	 358.0909729003906	 46878.83203125
40094224.0	 274.1847229003906	 355.3027648925781	 46262.4765625
40094312.0	 273.5045166015625	 361.8563232421875	 47039.73828125
40094400.0	 274.25042724609375	 366.1808776855469	 49031.375
40094576.0	 277.62554931640625	 350.526123046875	 42126.55078125
40094664.0	 275.2648620605469	 362.5452880859375	 50192.28515625
40094756.0	 276.521728515625	 364.90740966796875	 47938.98046875
40094844.0	 275.5185546875	 360.45953369140625	 47306.58984375
40094932.0	 275.6611633300781	 360.20941162109375	 44852.08984375
40095020.0	 275.21026611328125	 366.628662109375	 48454.85546875
40095108.0	 275.1455993652344	 368.0093688964844	 48175.8671875
40095200.0	 274.9148864746094	 373.87042236328125	 49553.1640625
40095288.0	 275.57928466796875	 363.60772705078125	 45742.6875
40095376.0	 275.6992492675781	 372.42138671875	 50903.828125
40095464.0	 274.56097412109375	 368.42755126953125	 50967.75390625
40095552.0	 274.09796142578125	 364.0640563964844	 47770.703125
40095640.0	 271.9565734863281	 362.943603515625	 48942.9140625
40095732.0	 273.560546875	 361.5341796875	 48092.94140625
40095824.0	 273.4800109863281	 355.9101867675781	 44555.46875
40095908.0	 271.5451354980469	 352.02557373046875	 44015.78515625
40096000.0	 272.0253601074219	 366.42327880859375	 49099.5546875
40096084.0	 271.8487243652344	 361.67822265625	 48074.21875
40096176.0	 271.81890869140625	 358.136474609375	 47630.88671875
40096264.0	 272.8403625488281	 350.6416015625	 44330.48828125
40096352.0	 272.1564025878906	 349.35626220703125	 44604.45703125
40096440.0	 273.1363525390625	 351.7281494140625	 42908.34375
40096528.0	 273.3876953125	 349.93438720703125	 43680.95703125
40096616.0	 272.88427734375	 356.05462646484375	 48459.97265625
40096708.0	 272.09100341796875	 356.4679870605469	 45831.2734375
40096796.0	 273.25555419921875	 347.9101257324219	 41857.109375
40096884.0	 273.3746337890625	 364.56982421875	 47506.37109375
40096972.0	 273.7769775390625	 352.1873474121094	 44446.00390625
40097060.0	 272.2254943847656	 354.04638671875	 45349.0859375
40097148.0	 274.2097473144531	 362.47955322265625	 47864.01171875
40097240.0	 273.72137451171875	 360.5132141113281	 44885.234375
40097328.0	 273.553955078125	 357.47894287109375	 48553.90625
40097508.0	 273.9591064453125	 344.9507141113281	 38315.7890625
40097592.0	 274.2793273925781	 356.4505615234375	 46139.6796875
40097680.0	 274.07208251953125	 357.7142333984375	 43969.7421875
40097772.0	 275.5979919433594	 366.8690185546875	 47230.8984375
40097860.0	 275.7542724609375	 369.51910400390625	 48260.06640625
40097952.0	 276.2677917480469	 368.52398681640625	 47151.19921875
40098036.0	 276.2741394042969	 369.5585632324219	 47503.30078125
40098124.0	 275.650390625	 356.4253845214844	 43682.84375
40098216.0	 275.41619873046875	 350.7156982421875	 46453.48046875
40098304.0	 275.4425964355469	 361.64923095703125	 46076.328125
40098396.0	 275.7162780761719	 357.4052734375	 46349.80859375
40098484.0	 274.34722900390625	 359.6188659667969	 47618.23046875
40098568.0	 274.67083740234375	 354.1458435058594	 43863.6484375
40098660.0	 273.6578063964844	 361.5415954589844	 48516.2265625
40098748.0	 272.0804443359375	 350.7514953613281	 40576.40234375
40098840.0	 271.9182434082031	 354.4338073730469	 43781.1875
40098928.0	 273.50909423828125	 350.6527099609375	 41735.31640625
40099012.0	 272.3821716308594	 358.5579833984375	 47844.953125
40099100.0	 272.4147033691406	 356.16064453125	 44284.421875
40099192.0	 271.5081481933594	 358.4590148925781	 46198.68359375
40099280.0	 271.631103515625	 354.88677978515625	 42860.08203125
40099372.0	 272.3587951660156	 348.6873474121094	 44240.96484375
40099456.0	 272.1111145019531	 350.19366455078125	 45597.78515625
40099544.0	 272.6853942871094	 357.4725036621094	 46318.51953125
40099632.0	 271.99981689453125	 354.4849853515625	 45687.171875
40099724.0	 271.571044921875	 353.7347412109375	 44494.375
40099812.0	 271.80059814453125	 361.69390869140625	 48110.2578125
40099900.0	 270.8648986816406	 348.1653747558594	 42747.109375
40099992.0	 271.85052490234375	 351.4571838378906	 44773.83984375
40100080.0	 271.9180603027344	 345.48724365234375	 38591.7578125
40100168.0	 271.0211181640625	 352.5989074707031	 45874.2734375
40100256.0	 271.4515380859375	 350.7787170410156	 43397.17578125
40100436.0	 271.98114013671875	 341.07025146484375	 36939.109375
40100520.0	 271.3902893066406	 357.40155029296875	 48101.0859375
40100612.0	 271.6578674316406	 354.388671875	 45683.5390625
40100700.0	 271.2742004394531	 358.0033264160156	 47479.109375
40100788.0	 273.07464599609375	 351.70880126953125	 44935.6328125
40100880.0	 272.69140625	 367.59197998046875	 55218.35546875
40100968.0	 272.8984069824219	 365.5579833984375	 50972.8046875
40101056.0	 273.95831298828125	 369.6093444824219	 51725.55859375
40101144.0	 272.6754455566406	 374.8751220703125	 57524.5703125
40101232.0	 274.6860656738281	 365.46063232421875	 50020.70703125
40101320.0	 273.7049560546875	 361.4729309082031	 48361.68359375
40101412.0	 274.21734619140625	 362.11956787109375	 49115.5390625
40101496.0	 274.1097106933594	 374.2441101074219	 53986.41015625
40101584.0	 276.5003662109375	 369.23760986328125	 50032.37109375
40101676.0	 274.9336853027344	 370.9877014160156	 54860.140625
40101764.0	 275.56103515625	 369.8404541015625	 53438.6640625
40101856.0	 275.2640380859375	 367.10565185546875	 50021.0625
40101944.0	 276.3262023925781	 377.32183837890625	 53027.50390625
40102028.0	 275.9053039550781	 375.15948486328125	 52219.703125
40102116.0	 276.22247314453125	 363.3765563964844	 48594.63671875
40102208.0	 276.0691223144531	 364.9870910644531	 50106.16796875
40102300.0	 277.0556945800781	 379.6235656738281	 51603.62109375
40102388.0	 277.2462463378906	 377.0586853027344	 52377.015625
40102472.0	 275.5884704589844	 372.8173522949219	 51559.03515625
40102560.0	 275.9726257324219	 378.5115966796875	 52929.05859375
40102652.0	 277.0837097167969	 382.4391174316406	 56055.03515625
40102740.0	 277.64398193359375	 378.1185302734375	 59097.98828125
40102832.0	 277.97882080078125	 378.8065490722656	 53280.0625
40102920.0	 278.0152893066406	 376.9345703125	 54951.7109375
40103004.0	 278.35260009765625	 371.0566711425781	 48676.0859375
40103096.0	 277.6844482421875	 381.453369140625	 53486.82421875
40103184.0	 277.68768310546875	 373.930908203125	 53719.23046875
40103364.0	 278.5574645996094	 369.861083984375	 48096.08984375
40103452.0	 277.388916015625	 382.2906494140625	 55890.1875
40103536.0	 278.5097961425781	 373.0825500488281	 51710.27734375
40103628.0	 277.8309326171875	 370.3921813964844	 50980.05859375
40103716.0	 277.5823669433594	 380.3846740722656	 55017.71484375
40103808.0	 278.1642150878906	 379.50335693359375	 53332.60546875
40103892.0	 277.0662536621094	 378.9463195800781	 54828.94921875
40103980.0	 277.4079284667969	 372.2554016113281	 52454.84375
40104068.0	 277.87939453125	 378.5575256347656	 55733.109375
40104160.0	 277.8960266113281	 374.3797607421875	 54496.67578125
40104248.0	 276.6622009277344	 380.7884521484375	 55709.55078125
40104340.0	 278.434326171875	 375.1785888671875	 52265.484375
40104428.0	 278.40106201171875	 379.1858215332031	 54075.72265625
40104516.0	 277.11663818359375	 374.6539001464844	 54723.875
40104604.0	 276.6385192871094	 364.0248718261719	 47350.6640625
40104692.0	 273.5681457519531	 366.2187805175781	 46847.6484375
40104784.0	 273.3551025390625	 371.6465148925781	 48218.21484375
40104872.0	 273.7625427246094	 369.3406677246094	 47573.9609375
40104960.0	 273.9544677734375	 360.42120361328125	 46766.04296875
40105048.0	 273.71331787109375	 369.2265930175781	 47641.86328125
40105136.0	 273.26007080078125	 371.8843994140625	 49362.07421875
40105224.0	 273.509033203125	 367.35308837890625	 48338.8359375
40105316.0	 273.49090576171875	 369.5931091308594	 47067.1328125
40105400.0	 272.1803894042969	 368.4616394042969	 47057.56640625
40105492.0	 272.98553466796875	 360.21881103515625	 46355.43359375
40105580.0	 273.000732421875	 370.22021484375	 47913.87109375
40105668.0	 273.4342346191406	 359.8133850097656	 41634.4140625
40105760.0	 272.3011474609375	 369.4959716796875	 48746.03125
40105848.0	 273.20391845703125	 363.8036193847656	 44494.9765625
40105932.0	 272.79486083984375	 366.4202575683594	 44749.11328125
40106024.0	 273.8258361816406	 367.36962890625	 46495.5703125
40106112.0	 274.3276672363281	 368.6739196777344	 46640.2734375
40106292.0	 273.8973083496094	 349.81732177734375	 39486.5703125
40106376.0	 273.7500305175781	 373.7481384277344	 47273.96484375
40106468.0	 273.21136474609375	 365.4655456542969	 47356.94140625
40106556.0	 274.22589111328125	 370.2822570800781	 47032.35546875
40106644.0	 273.7911376953125	 373.4802551269531	 49051.09765625
40106736.0	 274.1900329589844	 372.2967529296875	 48376.5703125
40106824.0	 274.2955017089844	 372.53607177734375	 48815.28125
40106912.0	 274.0585021972656	 374.0092468261719	 49449.36328125
40106996.0	 274.36676025390625	 369.0216064453125	 47741.51953125
40107088.0	 273.6136779785156	 378.0781555175781	 47623.73828125
40107176.0	 274.537841796875	 369.78717041015625	 44891.10546875
40107268.0	 274.6174011230469	 364.54669189453125	 43883.9609375
40107352.0	 274.1453552246094	 367.0163269042969	 46408.4296875
40107440.0	 273.9148864746094	 375.6497802734375	 49076.39453125
40107532.0	 274.3348693847656	 373.8829040527344	 47825.1171875
40107620.0	 274.930419921875	 373.338134765625	 46328.0078125
40107712.0	 274.595458984375	 370.4944152832031	 47493.58203125
40107800.0	 274.24627685546875	 371.4018859863281	 48223.203125
40107884.0	 274.28790283203125	 374.6933288574219	 51929.41796875
40107972.0	 274.3489685058594	 368.3910217285156	 50186.13671875
40108064.0	 274.6669006347656	 373.5359191894531	 46222.8984375
40108152.0	 275.2579345703125	 374.2157897949219	 49254.91796875
40108244.0	 274.0232849121094	 369.257568359375	 51569.75390625
40108328.0	 274.13262939453125	 377.01727294921875	 47950.234375
40108416.0	 273.6103820800781	 378.8506774902344	 49004.39453125
40108504.0	 273.72625732421875	 365.8726806640625	 46782.29296875
40108596.0	 274.4937744140625	 371.90155029296875	 46345.00390625
40108688.0	 274.26116943359375	 366.3205261230469	 44584.09375
40108776.0	 274.7277526855469	 368.09515380859375	 44843.60546875
40108860.0	 274.2337951660156	 375.45904541015625	 49539.33984375
40108952.0	 274.3982849121094	 360.62615966796875	 45310.375
40109040.0	 274.3551940917969	 366.0649108886719	 45690.984375
40109220.0	 274.65802001953125	 359.7427673339844	 42867.92578125
40109304.0	 274.4100341796875	 376.5255432128906	 50702.2265625
40109392.0	 273.5570068359375	 372.2054443359375	 51024.90625
40109484.0	 273.7840881347656	 380.853759765625	 52601.3203125
40109572.0	 274.8106384277344	 369.586181640625	 48486.03515625
40109664.0	 274.4019470214844	 374.6558532714844	 50890.31640625
40109748.0	 273.8179016113281	 378.30780029296875	 51529.0234375
40109836.0	 274.4147033691406	 374.7209777832031	 51737.01171875
40109928.0	 273.9701843261719	 368.5101623535156	 51332.64453125
40110016.0	 274.6876525878906	 371.58050537109375	 48378.5390625
40110104.0	 274.3773193359375	 369.8258056640625	 46649.59765625
40110196.0	 274.9202575683594	 363.675537109375	 46432.375
40110280.0	 274.59112548828125	 367.85565185546875	 47105.10546875
40110368.0	 274.3785705566406	 364.48388671875	 49036.5390625
40110460.0	 274.4929504394531	 366.0643005371094	 48767.25
40110548.0	 273.8829650878906	 367.3392333984375	 44976.38671875
40110640.0	 274.76202392578125	 362.5049743652344	 49854.6953125
40110724.0	 273.95538330078125	 362.9732360839844	 47497.62890625
40110816.0	 274.10498046875	 372.3997802734375	 51494.171875
40110904.0	 273.55364990234375	 373.183837890625	 50357.921875
40110992.0	 274.40155029296875	 375.2087097167969	 50895.72265625
40111084.0	 273.21337890625	 370.4489440917969	 49298.25
40111168.0	 274.75189208984375	 365.2125549316406	 49512.06640625
40111256.0	 273.4458312988281	 372.9541015625	 50798.0703125
40111348.0	 272.7496032714844	 370.2982177734375	 54079.48046875
40111436.0	 274.199951171875	 374.0137939453125	 49616.01953125
40111524.0	 273.0874938964844	 372.95452880859375	 53346.03515625
40111616.0	 273.2459716796875	 368.31829833984375	 48125.83984375
40111700.0	 273.4684753417969	 371.8509216308594	 48195.95703125
40111788.0	 273.2135009765625	 368.8234558105469	 47404.12890625
40111880.0	 273.5564270019531	 370.19769287109375	 47230.23828125
40111968.0	 273.4326171875	 371.2584228515625	 52536.71875
40112144.0	 275.555908203125	 348.7593078613281	 37956.4453125
40112232.0	 275.28411865234375	 366.62152099609375	 49531.58984375
40112320.0	 274.68402099609375	 373.9032287597656	 51762.89453125
40112412.0	 274.8694152832031	 372.45513916015625	 49747.44921875
40112500.0	 275.02685546875	 361.45074462890625	 48032.6484375
40112588.0	 274.8966064453125	 372.1346740722656	 53782.81640625
40112676.0	 274.95660400390625	 374.3255310058594	 48409.52734375
40112764.0	 276.3668212890625	 373.83868408203125	 50977.10546875
40112856.0	 275.459228515625	 372.7052307128906	 49469.640625
40112944.0	 275.7599792480469	 375.50732421875	 51355.23828125
40113036.0	 275.0777893066406	 371.2602844238281	 48580.03515625
40113120.0	 275.1542053222656	 374.9857482910156	 49084.07421875
40113212.0	 275.5960693359375	 363.757080078125	 44872.27734375
40113300.0	 274.8998107910156	 367.983642578125	 49060.21484375
40113388.0	 275.6898498535156	 365.1226501464844	 48384.5859375
40113476.0	 275.2134094238281	 372.0137634277344	 55557.2421875
40113564.0	 275.78228759765625	 367.50518798828125	 47216.796875
40113652.0	 275.7427062988281	 364.28692626953125	 46048.80859375
40113744.0	 275.8372802734375	 366.28106689453125	 48403.35546875
40113832.0	 276.34588623046875	 375.2722473144531	 48766.33984375
40113920.0	 276.4340515136719	 366.4906005859375	 48437.44140625
40114008.0	 274.57574462890625	 371.6373596191406	 49107.47265625
40114096.0	 275.4425048828125	 367.05841064453125	 47551.1015625
40114184.0	 276.0191955566406	 371.4454040527344	 46770.58203125
40114276.0	 274.2442321777344	 373.2460632324219	 53554.5
40114364.0	 275.4574890136719	 365.40643310546875	 46961.8671875
40114452.0	 275.7207336425781	 362.81842041015625	 45078.390625
40114540.0	 274.87298583984375	 372.5670471191406	 50369.61328125
40114628.0	 275.5858459472656	 366.3289489746094	 50106.265625
40114716.0	 274.8434753417969	 370.8256530761719	 50597.140625
40114808.0	 274.4966125488281	 373.24853515625	 50595.984375
40114896.0	 273.97216796875	 368.5768127441406	 51522.359375
40115072.0	 277.2666931152344	 375.1553039550781	 54915.1015625
40115164.0	 276.1078796386719	 382.19830322265625	 55394.296875
40115252.0	 276.3390808105469	 377.7675476074219	 52009.79296875
40115340.0	 277.1369934082031	 384.1120300292969	 54609.25390625
40115424.0	 277.3640441894531	 374.2730407714844	 51434.796875
40115516.0	 277.7911682128906	 373.76416015625	 51164.8984375
40115604.0	 277.2611999511719	 381.71722412109375	 54245.9921875
40115696.0	 278.0916748046875	 385.02313232421875	 53868.02734375
40115784.0	 278.0149841308594	 374.9550476074219	 51321.0
40115872.0	 277.5360412597656	 381.4733581542969	 56421.58203125
40115960.0	 275.0972900390625	 369.7226867675781	 50883.12890625
40116048.0	 275.03143310546875	 372.9250183105469	 51942.0546875
40116136.0	 275.2181396484375	 372.5877685546875	 49850.2578125
40116228.0	 275.15283203125	 365.0818176269531	 43772.92578125
40116316.0	 275.0525817871094	 367.7297668457031	 49557.2109375
40116404.0	 274.4297790527344	 372.711669921875	 50269.66015625
40116492.0	 274.9163818359375	 363.51947021484375	 48756.53515625
40116580.0	 274.7454833984375	 373.1927185058594	 51782.3828125
40116668.0	 274.3295593261719	 371.29156494140625	 47315.125
40116760.0	 274.8639831542969	 373.3169250488281	 48135.54296875
40116844.0	 275.22021484375	 363.4705505371094	 44890.2265625
40116936.0	 274.5398864746094	 366.4830322265625	 48308.75
40117024.0	 274.6343688964844	 368.4997253417969	 47764.8203125
40117116.0	 275.4081726074219	 374.3389892578125	 47383.40625
40117204.0	 275.76239013671875	 373.93878173828125	 48511.12890625
40117288.0	 275.8199768066406	 372.81640625	 51080.87890625
40117380.0	 274.9505920410156	 364.6456604003906	 43761.75
40117468.0	 274.45623779296875	 375.9580993652344	 52667.65625
40117560.0	 275.1448059082031	 372.03826904296875	 48806.296875
40117648.0	 275.27911376953125	 373.2035217285156	 48272.796875
40117736.0	 275.537353515625	 370.3313903808594	 46799.2265625
40117824.0	 274.75726318359375	 374.68524169921875	 50738.5390625
40118000.0	 275.3760681152344	 349.2295227050781	 38920.7578125
40118092.0	 274.90478515625	 379.94610595703125	 52402.09765625
40118180.0	 275.2634582519531	 378.47314453125	 49771.1953125
40118264.0	 274.7348327636719	 364.75909423828125	 47448.578125
40118356.0	 274.8670959472656	 372.4376220703125	 49307.203125
40118444.0	 274.8366394042969	 372.46905517578125	 49132.09375
40118532.0	 275.2982177734375	 371.44921875	 49855.7265625
40118624.0	 276.47186279296875	 367.5834045410156	 46732.51953125
40118708.0	 275.6599426269531	 366.83355712890625	 50629.87109375
40118796.0	 276.6533508300781	 374.817626953125	 48986.83984375
40118888.0	 276.1011047363281	 367.2301025390625	 48529.8515625
40118976.0	 275.9612731933594	 368.07086181640625	 47271.515625
40119064.0	 278.2466735839844	 382.8656921386719	 51126.27734375
40119152.0	 278.9853820800781	 380.59991455078125	 51983.7578125
40119244.0	 278.32318115234375	 379.0756530761719	 48219.3828125
40119332.0	 278.7246398925781	 380.3052978515625	 50035.36328125
40119420.0	 278.69073486328125	 376.99761962890625	 53364.12109375
40119512.0	 277.01837158203125	 382.1429443359375	 54156.08203125
40119596.0	 278.34332275390625	 387.4449462890625	 53890.16015625
40119684.0	 277.9280700683594	 385.42266845703125	 52908.8359375
40119776.0	 277.0841979980469	 385.84130859375	 56329.85546875
40119864.0	 278.8963317871094	 386.2963562011719	 51859.23046875
40119952.0	 279.3755187988281	 376.3944396972656	 49710.546875
40120044.0	 279.33648681640625	 373.2248229980469	 48115.9453125
40120128.0	 279.06573486328125	 379.5677490234375	 51805.5625
40120216.0	 279.0013427734375	 389.0910339355469	 57927.52734375
40120308.0	 280.29010009765625	 383.14947509765625	 52673.78515625
40120396.0	 280.22332763671875	 373.13702392578125	 48572.16015625
40120484.0	 280.03594970703125	 381.4090881347656	 51931.84765625
40120572.0	 280.2794494628906	 374.6805114746094	 51739.39453125
40120660.0	 279.6203918457031	 385.8714599609375	 53936.2890625
40120748.0	 280.0785217285156	 384.9998474121094	 52455.84765625
40120928.0	 279.8638610839844	 370.6212158203125	 47482.2578125
40121012.0	 280.0846252441406	 378.3585205078125	 52788.96875
40121104.0	 279.5957946777344	 379.6978454589844	 51714.98828125
40121192.0	 279.5598449707031	 380.0984191894531	 54863.68359375
40121280.0	 279.5022888183594	 379.15020751953125	 52273.11328125
40121372.0	 279.5086975097656	 385.07177734375	 54852.96484375
40121460.0	 279.47589111328125	 378.92266845703125	 56244.82421875
40121548.0	 279.52685546875	 375.01312255859375	 51435.6875
40121636.0	 279.7382507324219	 380.9071350097656	 52681.0078125
40121728.0	 279.367431640625	 379.314453125	 51371.3359375
40121816.0	 279.64300537109375	 380.2725830078125	 52724.60546875
40121904.0	 280.3666076660156	 377.8312072753906	 50926.25
40121992.0	 280.32244873046875	 372.2876281738281	 50217.40234375
40122080.0	 279.60992431640625	 376.26348876953125	 49726.890625
40122168.0	 279.7455139160156	 373.8213195800781	 50467.90625
40122260.0	 279.4083251953125	 384.60406494140625	 51799.77734375
40122344.0	 279.5617980957031	 380.7539367675781	 53469.359375
40122436.0	 279.3649597167969	 381.015380859375	 56603.15234375
40122524.0	 280.1996765136719	 381.93017578125	 52960.62890625
40122612.0	 280.4254150390625	 376.6083068847656	 51714.3359375
40122704.0	 279.8395690917969	 374.5425109863281	 48055.1953125
40122788.0	 278.3026123046875	 383.3045959472656	 57076.81640625
40122880.0	 280.02679443359375	 383.653564453125	 52776.1328125
40122968.0	 279.6550598144531	 369.79583740234375	 44868.42578125
40123056.0	 279.72369384765625	 381.8333435058594	 52748.921875
40123144.0	 279.1153869628906	 377.5654602050781	 49476.97265625
40123236.0	 278.7093505859375	 383.5162658691406	 54388.78515625
40123320.0	 279.61676025390625	 373.7001647949219	 46625.75390625
40123412.0	 279.1519775390625	 370.7914733886719	 49578.375
40123504.0	 279.4590148925781	 372.7623291015625	 46918.5234375
40123588.0	 278.6217956542969	 380.6901550292969	 52334.8359375
40123680.0	 278.5256042480469	 376.6350402832031	 48716.75
40123856.0	 278.6416931152344	 370.3683166503906	 47270.6484375
40123944.0	 278.7637023925781	 374.1788635253906	 49341.765625
40124032.0	 277.92547607421875	 377.91058349609375	 52377.84375
40124124.0	 278.8344421386719	 374.2769775390625	 48863.61328125
40124208.0	 278.42291259765625	 385.0592956542969	 52714.03125
40124300.0	 278.525146484375	 379.3821716308594	 49082.93359375
40124388.0	 278.65423583984375	 376.30108642578125	 49253.2578125
40124476.0	 278.6032409667969	 384.36907958984375	 51642.25390625
40124564.0	 278.2169494628906	 373.05816650390625	 49174.9921875
40124652.0	 278.50469970703125	 377.4769287109375	 48642.8984375
40124744.0	 278.04595947265625	 388.3038024902344	 56561.5546875
40124832.0	 278.3061218261719	 381.2357482910156	 50516.67578125
40124920.0	 279.0129699707031	 376.83770751953125	 48262.59765625
40125008.0	 278.7812805175781	 373.40618896484375	 47309.19921875
40125096.0	 278.32989501953125	 388.2528076171875	 54720.03125
40125184.0	 277.5858154296875	 379.9613342285156	 50599.93359375
40125272.0	 277.7937927246094	 381.85699462890625	 52287.29296875
40125364.0	 278.5419921875	 382.0101318359375	 51441.01953125
40125452.0	 278.202880859375	 381.8402404785156	 51922.67578125
40125540.0	 278.63250732421875	 379.6927795410156	 53097.39453125
40125628.0	 278.0101013183594	 383.0393981933594	 53691.15625
40125720.0	 278.14996337890625	 377.9599609375	 52248.921875
40125808.0	 278.5983581542969	 383.7654113769531	 53817.08984375
40125896.0	 277.7110595703125	 380.20184326171875	 49940.71484375
40125984.0	 278.0472717285156	 381.05682373046875	 49298.1875
40126072.0	 277.870361328125	 386.35284423828125	 57235.99609375
40126164.0	 277.6413879394531	 386.6986389160156	 59696.97265625
40126252.0	 278.02252197265625	 379.4502868652344	 50555.328125
40126340.0	 278.4228820800781	 378.487548828125	 51380.82421875
40126424.0	 277.4480285644531	 383.1893615722656	 53114.28515625
40126516.0	 277.6131896972656	 375.51531982421875	 49181.78125
40126604.0	 277.8222351074219	 380.6666259765625	 52748.07421875
40126784.0	 277.5780944824219	 350.4952392578125	 38798.48828125
40126868.0	 278.2391052246094	 374.8117370605469	 49438.9453125
40126960.0	 277.8332214355469	 378.34466552734375	 50527.46875
40127048.0	 278.5807800292969	 373.3269348144531	 48606.19921875
40127136.0	 278.81097412109375	 376.525634765625	 51029.4375
40127228.0	 278.45880126953125	 379.4576416015625	 51121.94140625
40127312.0	 278.03424072265625	 378.9244689941406	 52196.5078125
40127400.0	 278.36279296875	 371.1510314941406	 49800.25390625
40127488.0	 277.44818115234375	 363.8212890625	 49582.87890625
40127580.0	 277.9674377441406	 377.8269348144531	 50931.93359375
40127668.0	 277.8185729980469	 365.0458984375	 49384.796875
40127756.0	 277.222412109375	 377.7488098144531	 52784.1484375
40127848.0	 277.3077392578125	 370.891845703125	 52082.01171875
40127936.0	 276.9325256347656	 368.39874267578125	 51986.52734375
40128024.0	 277.83575439453125	 380.58935546875	 53488.37890625
40128112.0	 276.5638122558594	 373.85711669921875	 50857.875
40128200.0	 277.3194274902344	 380.335693359375	 50601.08984375
40128288.0	 276.3758850097656	 387.8690490722656	 55792.1015625
40128380.0	 277.1597595214844	 371.4263000488281	 48522.09375
40128468.0	 277.1825256347656	 383.802978515625	 52483.18359375
40128556.0	 277.08721923828125	 378.2514343261719	 51147.265625
40128644.0	 277.38232421875	 382.89056396484375	 49925.71484375
40128732.0	 277.3330383300781	 382.671875	 51266.7890625
40128824.0	 277.1160888671875	 374.5079345703125	 48856.16796875
40128912.0	 277.97430419921875	 373.440185546875	 50402.25390625
40129000.0	 277.04901123046875	 380.3021545410156	 50538.94140625
40129088.0	 277.6591796875	 364.33074951171875	 48812.31640625
40129176.0	 277.75726318359375	 382.06439208984375	 54903.48828125
40129268.0	 277.0636901855469	 379.3599853515625	 51997.6015625
40129356.0	 276.84307861328125	 393.0028381347656	 53657.99609375
40129444.0	 276.9508056640625	 380.8956298828125	 49077.34375
40129532.0	 277.2746276855469	 372.841552734375	 49730.65625
40129708.0	 277.1126708984375	 371.0087585449219	 43213.3671875
40129796.0	 277.89801025390625	 369.30078125	 50695.20703125
40129888.0	 278.2177734375	 374.8491516113281	 49539.3515625
40129980.0	 278.4252014160156	 380.0932312011719	 48288.390625
40130064.0	 279.1121826171875	 375.1573181152344	 48022.6171875
40130156.0	 277.84228515625	 378.6471252441406	 51389.05078125
40130244.0	 277.56781005859375	 378.6834716796875	 50638.6171875
40130332.0	 277.0145263671875	 378.5572509765625	 50590.796875
40130420.0	 277.876953125	 375.38189697265625	 52409.12109375
40130508.0	 276.4344177246094	 368.280517578125	 49804.0625
40130596.0	 278.86181640625	 391.5003662109375	 51453.5859375
40130684.0	 279.15948486328125	 394.9843444824219	 51372.34375
40130776.0	 279.18896484375	 377.5829772949219	 48069.828125
40130864.0	 278.516357421875	 382.5379638671875	 51832.22265625
40130952.0	 278.2995910644531	 385.5295104980469	 56701.984375
40131040.0	 278.8703918457031	 389.8927917480469	 51403.52734375
40131128.0	 279.0091552734375	 380.1601867675781	 50858.62109375
40131216.0	 279.1468811035156	 383.4963073730469	 51859.2734375
40131304.0	 280.38824462890625	 390.2257385253906	 50355.55859375
40131392.0	 280.17327880859375	 383.2167663574219	 47745.1015625
40131480.0	 279.10791015625	 391.27410888671875	 55169.16796875
40131572.0	 278.6518249511719	 375.1880798339844	 51974.77734375
40131660.0	 280.13848876953125	 384.7571716308594	 51904.04296875
40131748.0	 279.8204345703125	 382.271240234375	 49313.21875
40131836.0	 279.069091796875	 377.815673828125	 50061.96484375
40131928.0	 279.2281494140625	 383.5373229980469	 52358.0390625
40132016.0	 278.9139099121094	 380.0185852050781	 48064.88671875
40132104.0	 278.6419372558594	 382.5789794921875	 54115.078125
40132192.0	 279.0838928222656	 378.6581726074219	 48867.24609375
40132280.0	 279.0458984375	 385.48876953125	 49840.9765625
40132372.0	 280.3439025878906	 389.07391357421875	 54156.046875
40132460.0	 278.3821716308594	 385.7967224121094	 53677.87890625
40132636.0	 279.20025634765625	 366.7877502441406	 44825.296875
40132724.0	 278.0585021972656	 373.9397277832031	 51656.66796875
40132816.0	 277.4442443847656	 387.70550537109375	 55566.4296875
40132904.0	 278.9017028808594	 379.9393310546875	 53604.3671875
40132992.0	 279.7626647949219	 379.44757080078125	 49707.24609375
40133080.0	 280.0062561035156	 369.5549011230469	 47765.9140625
40133168.0	 278.8561706542969	 383.22198486328125	 60142.05859375
40133256.0	 279.870849609375	 379.7886962890625	 51226.1015625
40133348.0	 279.35662841796875	 383.1428527832031	 53756.69140625
40133436.0	 279.4305725097656	 385.30706787109375	 54027.26953125
40133520.0	 279.31634521484375	 378.1673278808594	 51936.3515625
40133612.0	 279.07098388671875	 372.8793029785156	 49688.36328125
40133700.0	 278.8872985839844	 363.9192199707031	 50301.89453125
40133788.0	 278.3031311035156	 378.35919189453125	 49650.38671875
40133880.0	 279.49249267578125	 361.0959777832031	 47739.1953125
40133964.0	 278.8107604980469	 382.971923828125	 51353.234375
40134056.0	 280.4474792480469	 374.4615783691406	 47618.8203125
40134144.0	 278.8468017578125	 372.6966247558594	 56566.859375
40134236.0	 279.24542236328125	 384.7207946777344	 53672.21875
40134324.0	 279.36883544921875	 372.71649169921875	 52461.96484375
40134408.0	 279.76995849609375	 386.56072998046875	 52925.7265625
40134500.0	 279.0276794433594	 368.6283874511719	 49263.234375
40134588.0	 279.7958068847656	 382.6468200683594	 53522.6875
40134676.0	 279.8408203125	 374.95562744140625	 50157.9375
40134768.0	 279.82147216796875	 373.8865051269531	 52514.06640625
40134852.0	 278.80267333984375	 372.2158508300781	 49919.33984375
40134940.0	 278.7449645996094	 383.0782165527344	 53630.37109375
40135032.0	 278.7734680175781	 378.751708984375	 53978.01171875
40135120.0	 279.253662109375	 387.4485168457031	 54207.3125
40135212.0	 278.21075439453125	 382.8829345703125	 55067.8359375
40135296.0	 278.7240905761719	 381.6790771484375	 52637.8515625
40135388.0	 279.3603820800781	 370.6317443847656	 49122.57421875
40135564.0	 279.8972473144531	 368.3182678222656	 48405.734375
40135652.0	 278.7723693847656	 377.47833251953125	 51893.0078125
40135740.0	 279.0508117675781	 380.9097595214844	 52737.24609375
40135828.0	 278.9142150878906	 379.99285888671875	 51011.97265625
40135916.0	 278.9860534667969	 381.7770080566406	 53164.47265625
40136008.0	 278.61480712890625	 382.3652648925781	 55319.23046875
40136096.0	 278.0155944824219	 385.41607666015625	 57362.55078125
40136184.0	 279.2080383300781	 372.5884704589844	 52197.79296875
40136276.0	 279.5799560546875	 373.2021484375	 51708.9609375
40136364.0	 279.72906494140625	 380.3444519042969	 51175.97265625
40136452.0	 279.6154479980469	 374.759765625	 49779.11328125
40136540.0	 279.1202087402344	 370.5696716308594	 50694.8359375
40136628.0	 278.793701171875	 374.19952392578125	 48398.1328125
40136716.0	 279.4254455566406	 369.2847595214844	 48786.68359375
40136804.0	 278.79461669921875	 377.76092529296875	 51919.015625
40136896.0	 278.6824951171875	 375.7196044921875	 51002.91015625
40136984.0	 279.09320068359375	 373.7958984375	 49904.9609375
40137068.0	 279.1880798339844	 375.3802795410156	 50546.3046875
40137160.0	 278.6563720703125	 377.763671875	 51605.25390625
40137248.0	 278.8630065917969	 379.3629455566406	 52667.2890625
40137340.0	 279.0321960449219	 380.13665771484375	 50755.5
40137424.0	 279.4789123535156	 380.1449890136719	 52017.26171875
40137512.0	 279.0164794921875	 372.65240478515625	 48416.66015625
40137600.0	 279.55267333984375	 376.72491455078125	 50492.1484375
40137692.0	 278.7812805175781	 377.2913818359375	 49349.0234375
40137784.0	 279.3123474121094	 386.0149841308594	 54128.47265625
40137868.0	 278.5842590332031	 371.9913635253906	 45832.578125
40137956.0	 278.59307861328125	 378.29833984375	 49523.84375
40138044.0	 278.9283142089844	 379.5570068359375	 49888.79296875
40138136.0	 278.1654968261719	 388.6362609863281	 54498.80859375
40138224.0	 279.5422668457031	 378.7777099609375	 49347.9453125
40138312.0	 279.29132080078125	 378.44525146484375	 49670.50390625
40138492.0	 278.8669128417969	 377.1168212890625	 46139.203125
40138580.0	 278.4900817871094	 381.5336608886719	 48860.0625
40138668.0	 279.28839111328125	 380.18609619140625	 50883.18359375
40138756.0	 279.5411376953125	 384.2384338378906	 51786.16796875
40138844.0	 278.602294921875	 381.1487731933594	 51398.1640625
40138936.0	 278.6853942871094	 385.9327392578125	 53007.875
40139024.0	 278.9163513183594	 383.82049560546875	 50873.703125
40139112.0	 279.079345703125	 391.5462646484375	 56998.15625
40139200.0	 279.56195068359375	 380.7773742675781	 52316.8984375
40139288.0	 279.208251953125	 381.43682861328125	 50015.140625
40139376.0	 279.6347351074219	 387.439453125	 53057.31640625
40139468.0	 279.0333251953125	 383.4523620605469	 54499.15234375
40139556.0	 280.1071472167969	 385.3452453613281	 51348.5234375
40139640.0	 279.5976867675781	 386.6515808105469	 50540.07421875
40139732.0	 280.3558654785156	 380.62896728515625	 51470.77734375
40139820.0	 280.1803894042969	 380.3216247558594	 49800.18359375
40139912.0	 279.2571105957031	 389.99609375	 56148.2890625
40140000.0	 279.98065185546875	 382.5391845703125	 52721.20703125
40140084.0	 280.06427001953125	 379.23931884765625	 50825.77734375
40140172.0	 279.6895446777344	 383.63812255859375	 52129.41796875
40140264.0	 280.2433776855469	 381.5623779296875	 51809.29296875
40140352.0	 280.63323974609375	 379.568359375	 49481.43359375
40140440.0	 279.5491943359375	 375.6480712890625	 50906.1953125
40140528.0	 279.5168762207031	 384.52099609375	 53307.03125
40140616.0	 278.2899169921875	 380.775634765625	 54337.515625
40140708.0	 279.67822265625	 377.44000244140625	 51415.99609375
40140800.0	 279.4647216796875	 383.11346435546875	 51508.40625
40140884.0	 279.0937805175781	 375.55670166015625	 48490.59375
40140972.0	 278.1139831542969	 384.3967590332031	 53320.06640625
40141064.0	 278.9466247558594	 388.3711242675781	 53665.78515625
40141152.0	 278.22320556640625	 391.12432861328125	 57085.3671875
40141240.0	 278.8638000488281	 377.3271789550781	 50325.2890625
40141416.0	 279.3717041015625	 381.6830749511719	 49183.01953125
40141504.0	 278.99774169921875	 383.3717346191406	 54422.5703125
40141596.0	 278.8779296875	 387.2496643066406	 54260.3125
40141688.0	 279.6927185058594	 384.53619384765625	 53214.84765625
40141768.0	 280.0168151855469	 383.0800476074219	 53859.55859375
40141860.0	 278.9864501953125	 383.9248352050781	 57034.9140625
40141948.0	 279.5740051269531	 385.26617431640625	 53141.875
40142040.0	 279.78338623046875	 381.61456298828125	 50694.66015625
40142128.0	 279.38818359375	 388.0599365234375	 51627.3984375
40142212.0	 278.6482238769531	 382.53424072265625	 51668.8359375
40142304.0	 279.3777770996094	 384.8559875488281	 52172.88671875
40142392.0	 278.8379211425781	 386.09320068359375	 58138.609375
40142480.0	 279.0418701171875	 383.2424011230469	 53572.1328125
40142568.0	 278.9493408203125	 378.7040100097656	 51039.96484375
40142656.0	 279.27264404296875	 380.5469970703125	 49882.125
40142748.0	 279.0978698730469	 376.874755859375	 49278.79296875
40142836.0	 279.3796691894531	 383.9412841796875	 52248.58203125
40142928.0	 278.14044189453125	 385.8297119140625	 58247.265625
40143012.0	 278.4510192871094	 382.59130859375	 52260.71484375
40143104.0	 277.8668518066406	 383.7321472167969	 55031.8671875
40143192.0	 278.90289306640625	 379.94464111328125	 49489.8125
40143280.0	 278.7025451660156	 380.99072265625	 51330.41015625
40143368.0	 278.83905029296875	 385.8780517578125	 52426.19140625
40143456.0	 279.51678466796875	 380.5220642089844	 51034.265625
40143544.0	 279.23834228515625	 382.8330383300781	 51528.83203125
40143636.0	 280.07843017578125	 381.1598815917969	 50414.7109375
40143724.0	 279.2348327636719	 376.30377197265625	 46038.96875
40143812.0	 279.1422119140625	 383.2745361328125	 51097.0703125
40143896.0	 279.8912048339844	 389.0085144042969	 49416.24609375
40143988.0	 279.40765380859375	 383.4563293457031	 49139.58984375
40144080.0	 279.2789001464844	 384.28082275390625	 53014.75390625
40144168.0	 280.5223388671875	 378.7667541503906	 50974.09765625
40144340.0	 279.5335693359375	 380.695556640625	 47834.29296875
40144432.0	 280.1183776855469	 387.44158935546875	 51478.171875
40144520.0	 279.7956237792969	 385.0482177734375	 50530.9375
40144608.0	 280.05242919921875	 387.2152404785156	 50104.14453125
40144696.0	 280.031494140625	 385.77392578125	 49561.16015625
40144784.0	 279.53961181640625	 382.62725830078125	 50093.40625
40144876.0	 279.80145263671875	 381.7437438964844	 50971.30078125
40144968.0	 280.28680419921875	 381.9281921386719	 50078.8046875
40145056.0	 279.96746826171875	 392.80621337890625	 52510.86328125
40145140.0	 280.014404296875	 383.77105712890625	 49737.69921875
40145232.0	 278.3113098144531	 385.2247619628906	 48506.9765625
40145320.0	 279.6935119628906	 379.4764709472656	 48717.84375
40145408.0	 279.7403564453125	 377.4555358886719	 44500.890625
40145496.0	 279.347900390625	 386.109130859375	 49378.515625
40145584.0	 280.2504577636719	 392.6722412109375	 49918.01953125
40145672.0	 281.2597351074219	 384.66815185546875	 48195.125
40145764.0	 280.4089660644531	 379.3639221191406	 46457.421875
40145852.0	 281.1480712890625	 380.86932373046875	 48449.46484375
40145940.0	 280.493408203125	 389.46490478515625	 50584.58984375
40146028.0	 279.20550537109375	 377.9208984375	 47441.8046875
40146116.0	 277.74334716796875	 384.31414794921875	 52504.890625
40146208.0	 278.39007568359375	 374.1036376953125	 44285.52734375
40146296.0	 278.8191833496094	 374.3040771484375	 45582.328125
40146380.0	 279.58709716796875	 379.5315856933594	 48748.87109375
40146472.0	 279.3641357421875	 380.2019348144531	 46794.99609375
40146560.0	 279.08087158203125	 380.8370056152344	 47601.9375
40146648.0	 279.6435241699219	 381.6476135253906	 49190.234375
40146740.0	 279.000732421875	 379.7026062011719	 44179.453125
40146824.0	 278.8497314453125	 381.4718933105469	 46968.640625
40146916.0	 279.71185302734375	 373.89239501953125	 45162.9296875
40147004.0	 278.73712158203125	 375.4908142089844	 47034.62890625
40147092.0	 277.02801513671875	 382.6864929199219	 47310.27734375
40147268.0	 276.3547668457031	 372.9232177734375	 41614.20703125
40147360.0	 277.686279296875	 375.2632751464844	 47339.55859375
40147448.0	 277.6565246582031	 379.9039001464844	 48635.8046875
40147536.0	 277.91357421875	 376.452392578125	 46513.83984375
40147624.0	 276.8506774902344	 381.708251953125	 50755.21484375
40147712.0	 278.3390808105469	 384.29779052734375	 49999.17578125
40147804.0	 278.3401794433594	 379.1376953125	 47603.51953125
40147892.0	 277.572509765625	 383.45623779296875	 50362.10546875
40147980.0	 277.68206787109375	 374.4645690917969	 47305.67578125
40148068.0	 277.8716735839844	 375.3829650878906	 45764.0703125
40148156.0	 278.1617736816406	 382.3562927246094	 48210.078125
40148244.0	 277.6061706542969	 379.8183288574219	 48342.2578125
40148336.0	 277.931396484375	 373.74151611328125	 45051.15625
40148424.0	 278.1560363769531	 378.1743469238281	 46313.359375
40148508.0	 278.48065185546875	 378.7027587890625	 47993.890625
40148600.0	 278.441650390625	 374.6961975097656	 45954.78125
40148688.0	 278.2474365234375	 379.9092102050781	 47728.015625
40148776.0	 278.37445068359375	 373.64886474609375	 45715.24609375
40148868.0	 277.9908447265625	 383.0350646972656	 47409.8203125
40148956.0	 277.754150390625	 387.5865783691406	 51663.1171875
40149044.0	 277.20867919921875	 386.16351318359375	 52542.9765625
40149132.0	 277.6822814941406	 383.28070068359375	 48561.2890625
40149220.0	 278.0924987792969	 379.362060546875	 46815.0859375
40149308.0	 277.2803955078125	 388.2698059082031	 54771.13671875
40149400.0	 277.87420654296875	 381.0022888183594	 47096.87109375
40149488.0	 278.1307678222656	 380.1860046386719	 50025.3671875
40149576.0	 278.4111022949219	 379.8863830566406	 47996.5703125
40149664.0	 278.6766662597656	 380.4931335449219	 49414.6640625
40149752.0	 278.0480651855469	 382.5610046386719	 47636.296875
40149840.0	 278.1435241699219	 380.88433837890625	 48832.9375
40149932.0	 278.63397216796875	 374.4510192871094	 47950.84375
40150020.0	 278.716796875	 377.1437683105469	 46866.62109375
40150196.0	 279.0890808105469	 376.4034423828125	 46963.63671875
40150284.0	 278.6983947753906	 378.4794921875	 47664.71875
40150372.0	 278.3214416503906	 380.12677001953125	 50275.6015625
40150464.0	 278.1853942871094	 380.7046203613281	 48665.61328125
40150548.0	 277.5584716796875	 385.1454772949219	 50529.3828125
40150636.0	 278.201416015625	 371.75372314453125	 44821.19140625
40150728.0	 278.62109375	 381.67803955078125	 51023.0234375
40150816.0	 277.6390075683594	 381.5634460449219	 50852.13671875
40150908.0	 278.08685302734375	 374.38250732421875	 48226.3203125
40150992.0	 278.7673034667969	 375.4653015136719	 47545.91015625
40151084.0	 278.2864990234375	 379.56884765625	 49736.8671875
40151176.0	 278.1105651855469	 386.9767150878906	 51349.953125
40151260.0	 278.2524719238281	 376.30181884765625	 46125.2890625
40151352.0	 278.48193359375	 379.077392578125	 47068.91015625
40151440.0	 278.20147705078125	 376.7713317871094	 45903.08203125
40151528.0	 278.2613220214844	 379.52728271484375	 47785.453125
40151616.0	 277.42608642578125	 381.7113037109375	 49380.91796875
40151704.0	 277.04425048828125	 382.0311279296875	 51790.20703125
40151792.0	 278.0705261230469	 381.1378479003906	 46762.67578125
40151880.0	 278.42578125	 380.44427490234375	 47836.2890625
40151968.0	 277.948486328125	 385.5078125	 51798.59765625
40152060.0	 278.32073974609375	 377.56011962890625	 47540.90234375
40152148.0	 278.02618408203125	 383.1244201660156	 49509.6640625
40152232.0	 276.96380615234375	 390.060302734375	 54981.859375
40152324.0	 278.2898864746094	 375.25634765625	 48108.8515625
40152412.0	 278.5934143066406	 368.5774230957031	 44482.72265625
40152504.0	 278.3310852050781	 373.33233642578125	 45701.4296875
40152588.0	 277.7607116699219	 380.6200256347656	 48794.41015625
40152680.0	 278.3167724609375	 375.6658935546875	 46945.76953125
40152768.0	 277.499267578125	 384.35400390625	 48916.296875
40152856.0	 277.3314514160156	 376.9966735839844	 46664.609375
40152944.0	 277.4958801269531	 380.3745422363281	 51530.1015625
40153124.0	 278.1513366699219	 375.8981628417969	 44829.6796875
40153212.0	 278.2696228027344	 378.6787109375	 48382.90234375
40153300.0	 277.5720520019531	 380.6999816894531	 50468.91015625
40153392.0	 277.9620666503906	 382.8471374511719	 50209.0625
40153476.0	 278.06207275390625	 382.099609375	 47718.703125
40153564.0	 278.3241271972656	 376.09600830078125	 47673.13671875
40153656.0	 277.7348937988281	 377.242919921875	 47410.28515625
40153744.0	 277.7727966308594	 374.8363037109375	 46507.90234375
40153828.0	 277.75286865234375	 379.2279052734375	 47142.74609375
40153920.0	 277.7839050292969	 375.8033142089844	 47114.56640625
40154008.0	 277.72259521484375	 384.3564758300781	 48326.47265625
40154100.0	 277.7414245605469	 382.05767822265625	 49504.28515625
40154188.0	 278.164794921875	 377.74835205078125	 47713.03515625
40154276.0	 278.4331970214844	 380.4405517578125	 48578.44921875
40154364.0	 278.310302734375	 375.58563232421875	 45662.07421875
40154452.0	 278.855224609375	 375.2773742675781	 47294.84765625
40154540.0	 277.69488525390625	 376.6474609375	 47284.4609375
40154632.0	 277.3591613769531	 376.3465881347656	 45762.25390625
40154716.0	 278.31622314453125	 378.2263488769531	 46130.6640625
40154808.0	 279.0285339355469	 374.4331970214844	 46761.09375
40154896.0	 277.680419921875	 383.7707824707031	 50017.03515625
40154988.0	 278.3128967285156	 380.5434265136719	 45925.9296875
40155068.0	 278.3616638183594	 377.6243896484375	 47011.95703125
40155160.0	 277.7362060546875	 372.537841796875	 44091.015625
40155252.0	 277.8374938964844	 383.8621520996094	 47738.30078125
40155340.0	 278.5545959472656	 385.5499572753906	 51434.4765625
40155432.0	 278.4190368652344	 384.5300598144531	 48235.15234375
40155516.0	 278.4158630371094	 386.8265380859375	 49718.68359375
40155604.0	 278.67352294921875	 385.9732971191406	 48464.59765625
40155696.0	 278.5379333496094	 385.73162841796875	 51079.08984375
40155784.0	 279.3755798339844	 378.9163513183594	 46950.0703125
40155872.0	 279.469482421875	 386.6532897949219	 47671.515625
40156048.0	 279.654052734375	 374.69683837890625	 45310.36328125
40156140.0	 279.44744873046875	 381.2723693847656	 47397.82421875
40156228.0	 278.8868103027344	 387.0989074707031	 50506.7578125
40156312.0	 278.16046142578125	 389.3554992675781	 52616.5234375
40156404.0	 278.93084716796875	 380.9608459472656	 47942.19921875
40156492.0	 279.5712890625	 384.35528564453125	 49337.3828125
40156584.0	 279.2998352050781	 382.1284484863281	 46571.96875
40156672.0	 278.3504638671875	 390.00946044921875	 52630.359375
40156756.0	 278.5469665527344	 385.59906005859375	 50315.3828125
40156848.0	 278.75750732421875	 384.2722473144531	 50041.3515625
40156936.0	 278.4483337402344	 388.60540771484375	 50992.66015625
40157024.0	 278.84954833984375	 383.91510009765625	 50486.18359375
40157112.0	 279.5684509277344	 383.63531494140625	 49088.453125
40157200.0	 279.9940490722656	 377.7269592285156	 48054.23046875
40157288.0	 279.76678466796875	 383.6747131347656	 46861.35546875
40157380.0	 278.7816162109375	 392.35040283203125	 53799.76171875
40157468.0	 278.3643798828125	 385.67230224609375	 51690.01953125
40157556.0	 278.8060302734375	 377.8478698730469	 46465.546875
40157644.0	 278.3648376464844	 389.1969299316406	 50957.0703125
40157736.0	 278.6957702636719	 388.2182312011719	 52196.11328125
40157824.0	 279.1665344238281	 386.0014953613281	 48909.47265625
40157908.0	 278.4986877441406	 390.77557373046875	 53764.74609375
40158000.0	 279.1985168457031	 388.6456298828125	 50264.9296875
40158088.0	 279.0583190917969	 390.2397766113281	 50498.609375
40158180.0	 279.12847900390625	 387.7723693847656	 49871.29296875
40158268.0	 279.3372497558594	 380.3070068359375	 46984.84765625
40158352.0	 279.3575744628906	 393.1490173339844	 53214.1875
40158444.0	 279.55499267578125	 388.5680236816406	 50982.80078125
40158532.0	 279.2495422363281	 383.2051086425781	 47524.8125
40158620.0	 279.0130615234375	 393.7804260253906	 55317.09765625
40158708.0	 279.40447998046875	 384.71087646484375	 48684.9765625
40158796.0	 279.7823791503906	 391.91729736328125	 51263.40625
40158976.0	 280.3813781738281	 373.7261657714844	 44124.984375
40159064.0	 278.32757568359375	 389.8609313964844	 51208.4765625
40159152.0	 278.5443115234375	 391.6278076171875	 51972.14453125
40159240.0	 279.1214294433594	 386.2400817871094	 51168.8203125
40159328.0	 278.98809814453125	 383.4825744628906	 47966.9375
40159420.0	 279.56158447265625	 390.5811462402344	 52031.78125
40159504.0	 278.6749572753906	 383.5697021484375	 48896.4140625
40159596.0	 279.12908935546875	 393.13623046875	 52691.8203125
40159684.0	 278.7657775878906	 385.0099792480469	 50389.00390625
40159776.0	 278.04644775390625	 379.7795104980469	 48296.59375
40159864.0	 277.814208984375	 378.60400390625	 47328.47265625
40159948.0	 277.05267333984375	 379.1627197265625	 50003.96484375
40160040.0	 278.0876770019531	 379.0043029785156	 49045.76953125
40160128.0	 277.0006103515625	 386.73284912109375	 49684.8828125
40160216.0	 277.87896728515625	 383.6226501464844	 50901.234375
40160304.0	 277.8750305175781	 383.99859619140625	 49318.421875
40160392.0	 277.51422119140625	 387.5908508300781	 52652.72265625
40160484.0	 277.21026611328125	 382.7723693847656	 48117.55078125
40160572.0	 277.1607666015625	 380.3737487792969	 46980.50390625
40160660.0	 277.41668701171875	 379.9906005859375	 48222.0
40160748.0	 277.64581298828125	 386.6846618652344	 51982.609375
40160836.0	 276.7893371582031	 387.35113525390625	 53424.03125
40160924.0	 277.45977783203125	 383.37548828125	 48609.59375
40161016.0	 278.0863037109375	 383.1731262207031	 49822.2109375
40161100.0	 277.72149658203125	 386.5536193847656	 50869.34375
40161188.0	 277.5391845703125	 389.9657897949219	 52828.4921875
40161280.0	 278.1670227050781	 383.05853271484375	 49535.27734375
40161368.0	 277.6222839355469	 383.1492614746094	 51821.16015625
40161460.0	 277.6531677246094	 386.44049072265625	 50365.45703125
40161544.0	 277.28302001953125	 383.7492980957031	 49047.25
40161636.0	 277.09716796875	 378.7583312988281	 45350.3515625
40161724.0	 276.7590637207031	 384.23870849609375	 47508.4921875
40161904.0	 276.9072265625	 369.7222900390625	 40569.12890625
40161988.0	 277.1045227050781	 380.4706726074219	 48698.5703125
40162080.0	 277.6361389160156	 379.62738037109375	 48996.02734375
40162168.0	 278.03143310546875	 376.06414794921875	 46020.6796875
40162256.0	 277.9456481933594	 374.64886474609375	 45783.125
40162344.0	 276.9646911621094	 388.1806640625	 50406.48046875
40162432.0	 277.04034423828125	 379.8741455078125	 46631.4765625
40162520.0	 276.3013000488281	 386.3128662109375	 51982.859375
40162612.0	 277.4927978515625	 381.9590148925781	 49503.140625
40162700.0	 277.37060546875	 384.39013671875	 46585.0
40162788.0	 277.6805725097656	 381.4806213378906	 48268.62109375
40162876.0	 277.49652099609375	 384.0888366699219	 50044.8203125
40162964.0	 277.56854248046875	 382.41937255859375	 50918.359375
40163056.0	 277.22625732421875	 381.9703369140625	 47146.57421875
40163140.0	 277.005615234375	 377.04876708984375	 46294.453125
40163228.0	 276.43939208984375	 383.0638732910156	 47953.86328125
40163320.0	 277.05615234375	 383.3331604003906	 50309.43359375
40163412.0	 277.3404541015625	 387.3755798339844	 51233.67578125
40163492.0	 276.9951477050781	 381.947509765625	 48301.90234375
40163584.0	 276.86920166015625	 378.8758850097656	 46392.58984375
40163676.0	 276.5271911621094	 376.1791076660156	 47041.015625
40163764.0	 276.2958679199219	 379.6078186035156	 48772.359375
40163856.0	 276.7916564941406	 381.18115234375	 50027.171875
40163940.0	 277.40472412109375	 383.51336669921875	 50618.14453125
40164028.0	 276.65045166015625	 381.1367492675781	 49755.08984375
40164120.0	 275.8890686035156	 383.0867919921875	 51191.5546875
40164208.0	 276.3055114746094	 379.4263000488281	 49839.69921875
40164296.0	 275.298583984375	 379.64312744140625	 48024.80078125
40164384.0	 276.4090881347656	 377.3123779296875	 48192.3828125
40164472.0	 275.7951354980469	 377.774169921875	 47945.5
40164564.0	 276.4395751953125	 378.6031188964844	 47746.41015625
40164652.0	 275.97100830078125	 374.8226623535156	 49574.83203125
40164828.0	 276.1868896484375	 366.0675048828125	 42282.45703125
40164916.0	 276.2069396972656	 380.8440246582031	 46292.9765625
40165004.0	 276.6018371582031	 373.3282470703125	 46460.6640625
40165088.0	 275.8905944824219	 377.5140380859375	 47653.90625
40165180.0	 276.7613525390625	 385.0679626464844	 49146.98046875
40165268.0	 276.37823486328125	 384.9897155761719	 54431.046875
40165360.0	 276.728515625	 381.19818115234375	 48574.90234375
40165448.0	 277.0361022949219	 386.4820251464844	 52324.3984375
40165536.0	 277.9842834472656	 381.66845703125	 49697.140625
40165624.0	 277.8531494140625	 388.7897033691406	 53951.28125
40165716.0	 277.5764465332031	 382.5050354003906	 50548.62109375
40165804.0	 277.613525390625	 384.2149353027344	 48904.48828125
40165888.0	 276.3802490234375	 386.68017578125	 51742.60546875
40165980.0	 276.62213134765625	 388.1083679199219	 52170.74609375
40166068.0	 277.86688232421875	 371.90777587890625	 45091.5859375
40166160.0	 277.14825439453125	 387.8817138671875	 52253.61328125
40166248.0	 277.5576477050781	 385.7406921386719	 51254.65234375
40166332.0	 276.62158203125	 382.202880859375	 50980.39453125
40166424.0	 277.3387451171875	 379.2186279296875	 48747.40625
40166512.0	 276.734375	 385.2522888183594	 52180.265625
40166600.0	 277.42462158203125	 383.2810363769531	 51034.625
40166688.0	 276.46514892578125	 384.489501953125	 51327.6640625
40166776.0	 276.98699951171875	 376.02880859375	 46357.02734375
40166868.0	 276.00567626953125	 392.8785705566406	 54696.53125
40166956.0	 277.1904296875	 378.6432800292969	 48295.1171875
40167044.0	 276.4629821777344	 384.490478515625	 54331.26171875
40167132.0	 277.4129638671875	 377.3393249511719	 48437.359375
40167220.0	 276.64434814453125	 380.7094421386719	 51141.41015625
40167308.0	 276.013916015625	 381.06884765625	 48239.90234375
40167400.0	 276.1416015625	 376.6773986816406	 47895.5703125
40167484.0	 276.6359558105469	 378.47967529296875	 48119.78125
40167572.0	 275.4798889160156	 376.9983215332031	 48434.65625
40167752.0	 275.9803161621094	 375.64959716796875	 47572.33984375
40167840.0	 276.1764221191406	 370.6091613769531	 45237.78515625
40167928.0	 275.6103515625	 372.05145263671875	 46380.59765625
40168020.0	 275.8714294433594	 374.69439697265625	 48670.70703125
40168112.0	 276.53314208984375	 388.8275451660156	 53174.61328125
40168196.0	 276.14605712890625	 386.2333679199219	 55619.171875
40168284.0	 275.70281982421875	 379.8018493652344	 50763.73046875
40168376.0	 276.0527038574219	 376.35284423828125	 47916.30078125
40168464.0	 276.6129455566406	 382.9389343261719	 51970.78125
40168552.0	 276.8800964355469	 384.0749816894531	 49265.8203125
40168640.0	 277.3409423828125	 387.34356689453125	 53793.0390625
40168728.0	 277.103759765625	 383.4537048339844	 52216.6875
40168816.0	 277.3072814941406	 386.16387939453125	 49533.26171875
40168904.0	 277.0816955566406	 376.8089599609375	 46955.765625
40168996.0	 276.48016357421875	 390.8366394042969	 55472.98828125
40169084.0	 276.35516357421875	 381.17034912109375	 50923.9765625
40169172.0	 276.899658203125	 388.3865966796875	 53622.39453125
40169260.0	 276.6100769042969	 386.412109375	 55173.4921875
40169348.0	 276.82818603515625	 387.8985595703125	 54202.05078125
40169436.0	 276.4515075683594	 386.7145080566406	 52866.9375
40169524.0	 275.7674255371094	 373.20928955078125	 47239.79296875
40169612.0	 274.8157958984375	 385.53070068359375	 53369.5625
40169704.0	 274.66363525390625	 383.90618896484375	 53522.59375
40169788.0	 276.1000061035156	 379.5374755859375	 49159.90234375
40169876.0	 275.6251525878906	 382.8319396972656	 51019.6015625
40169968.0	 275.20367431640625	 386.7046813964844	 51680.24609375
40170060.0	 275.6069641113281	 370.6499328613281	 47185.984375
40170148.0	 275.8789367675781	 377.93499755859375	 47818.015625
40170236.0	 275.72698974609375	 383.89776611328125	 49249.12109375
40170324.0	 275.494140625	 386.71917724609375	 53928.609375
40170416.0	 275.6075439453125	 376.9107666015625	 49150.6875
40170504.0	 276.4063415527344	 388.95269775390625	 52843.3515625
40170676.0	 277.29278564453125	 375.3150939941406	 43308.51171875
40170768.0	 276.5669250488281	 387.4409484863281	 52056.14453125
40170856.0	 276.9801025390625	 393.3223571777344	 54039.94921875
40170948.0	 277.1294250488281	 388.2790222167969	 52331.7109375
40171032.0	 277.64581298828125	 391.9954833984375	 51161.14453125
40171120.0	 278.0628356933594	 394.8744201660156	 52229.30859375
40171212.0	 278.1214294433594	 379.4093933105469	 49163.03515625
40171300.0	 276.7345275878906	 392.3667907714844	 54049.625
40171388.0	 277.5299377441406	 381.2625427246094	 48693.7890625
40171476.0	 277.9007263183594	 375.704833984375	 46063.140625
40171564.0	 278.9668273925781	 393.69842529296875	 52819.20703125
40171656.0	 279.2319641113281	 399.9312438964844	 55394.7890625
40171740.0	 278.3368225097656	 394.1597595214844	 54068.55859375
40171828.0	 279.0679016113281	 390.4497375488281	 51590.44921875
40171920.0	 279.602783203125	 395.0520935058594	 54547.35546875
40172008.0	 279.5557556152344	 385.48175048828125	 49233.2734375
40172096.0	 279.0447998046875	 395.4222106933594	 55445.296875
40172184.0	 279.52764892578125	 393.58056640625	 49905.68359375
40172272.0	 278.7734069824219	 390.2484436035156	 52795.37890625
40172364.0	 278.3532409667969	 385.5748291015625	 50380.125
40172452.0	 278.8369140625	 391.3837585449219	 53120.484375
40172540.0	 278.9179382324219	 388.7279052734375	 50504.38671875
40172628.0	 277.56475830078125	 390.5501708984375	 53851.19921875
40172720.0	 277.51153564453125	 378.89324951171875	 47659.23828125
40172808.0	 277.78009033203125	 384.06549072265625	 48561.1015625
40172892.0	 277.87664794921875	 390.5076599121094	 53562.68359375
40172984.0	 278.3179626464844	 384.44866943359375	 48109.9140625
40173072.0	 278.8981018066406	 394.2409362792969	 55883.0546875
40173164.0	 278.6094970703125	 391.3625183105469	 51907.78515625
40173252.0	 278.63409423828125	 387.7046203613281	 50636.1015625
40173336.0	 277.7728271484375	 390.79193115234375	 53041.93359375
40173428.0	 278.8798522949219	 387.0917663574219	 49616.02734375
40173604.0	 279.6972961425781	 386.2335205078125	 49727.6015625
40173692.0	 279.0345458984375	 392.7835388183594	 52292.36328125
40173780.0	 280.2788391113281	 393.52581787109375	 51364.0859375
40173872.0	 280.526611328125	 390.6306457519531	 50144.20703125
40173960.0	 280.608154296875	 386.7840881347656	 49029.765625
40174044.0	 281.0865173339844	 394.6226806640625	 52143.37890625
40174136.0	 281.2372131347656	 384.73980712890625	 49342.8125
40174224.0	 280.6584167480469	 404.32562255859375	 55673.203125
40174316.0	 280.9750061035156	 396.6889953613281	 52170.5703125
40174404.0	 280.49664306640625	 391.1897888183594	 50675.171875
40174492.0	 280.5228576660156	 402.4123840332031	 54840.296875
40174580.0	 280.3369445800781	 400.1299743652344	 56262.81640625
40174668.0	 281.15557861328125	 396.4183349609375	 52297.94921875
40174756.0	 281.3524169921875	 399.1632995605469	 54673.21484375
40174844.0	 281.02850341796875	 396.0899353027344	 52652.05859375
40174936.0	 281.64276123046875	 399.6917724609375	 53721.7578125
40175024.0	 280.7882385253906	 406.14910888671875	 58034.7109375
40175112.0	 281.79931640625	 395.5843505859375	 51980.671875
40175196.0	 280.9414367675781	 395.3324890136719	 51135.67578125
40175288.0	 281.2384948730469	 401.39306640625	 53207.3359375
40175376.0	 280.8081970214844	 396.3739929199219	 53782.14453125
40175464.0	 281.1165771484375	 394.67974853515625	 52897.4609375
40175556.0	 280.7619323730469	 396.26947021484375	 53796.06640625
40175644.0	 281.20831298828125	 393.9351501464844	 51126.00390625
40175732.0	 280.44921875	 396.8531188964844	 55144.7265625
40175820.0	 281.2913818359375	 391.0064697265625	 49701.734375
40175912.0	 281.0074462890625	 394.2908935546875	 51350.01171875
40175996.0	 280.81353759765625	 397.8435363769531	 55269.90625
40176084.0	 281.1170654296875	 397.7429504394531	 54088.7890625
40176176.0	 281.42620849609375	 399.0481872558594	 53276.6875
40176264.0	 280.75250244140625	 394.0586242675781	 53320.97265625
40176352.0	 280.3968505859375	 399.83514404296875	 55983.546875
40176528.0	 281.2143859863281	 389.6473693847656	 46897.31640625
40176620.0	 280.83282470703125	 394.002685546875	 53826.52734375
40176708.0	 279.1733093261719	 381.979248046875	 48785.0625
40176796.0	 279.3916931152344	 382.5937805175781	 50238.625
40176884.0	 279.4021301269531	 385.9447021484375	 50364.7890625
40176972.0	 278.8794860839844	 379.4795837402344	 48077.59375
40177064.0	 277.97918701171875	 381.6405944824219	 47554.01171875
40177148.0	 277.8879699707031	 389.64300537109375	 54333.0390625
40177236.0	 276.9447326660156	 388.5677795410156	 54122.6640625
40177328.0	 278.8123474121094	 372.62353515625	 44987.34375
40177420.0	 277.87713623046875	 390.53924560546875	 52712.03515625
40177504.0	 278.27496337890625	 382.3450927734375	 48008.453125
40177592.0	 278.0005798339844	 375.0401306152344	 46837.953125
40177680.0	 276.79730224609375	 381.11968994140625	 51812.30078125
40177772.0	 276.8100280761719	 382.932861328125	 49438.890625
40177856.0	 277.5279846191406	 377.30255126953125	 47904.44921875
40177948.0	 276.9134826660156	 375.5042724609375	 49263.10546875
40178036.0	 277.4881896972656	 379.4879150390625	 48143.453125
40178128.0	 276.82745361328125	 369.49603271484375	 45277.06640625
40178216.0	 276.7854919433594	 374.287109375	 48034.0
40178300.0	 276.88330078125	 374.664306640625	 49093.92578125
40178392.0	 276.18505859375	 378.08502197265625	 49639.41015625
40178480.0	 276.49945068359375	 370.85052490234375	 46603.59375
40178572.0	 276.6338195800781	 373.67529296875	 48788.5703125
40178656.0	 275.9818420410156	 379.9381408691406	 50990.6875
40178748.0	 276.693603515625	 374.92303466796875	 46267.25390625
40178836.0	 276.95489501953125	 375.3143310546875	 48354.0
40178924.0	 276.8388977050781	 383.0119323730469	 52637.45703125
40179012.0	 275.94781494140625	 380.8055114746094	 51784.25
40179100.0	 277.06292724609375	 382.0129089355469	 49231.0
40179188.0	 276.0915832519531	 391.0907897949219	 52924.3515625
40179280.0	 276.73663330078125	 388.4901123046875	 53093.57421875
40179452.0	 277.3537902832031	 376.2320861816406	 44871.85546875
40179544.0	 276.50299072265625	 374.42291259765625	 49233.40234375
40179632.0	 276.04473876953125	 378.0255126953125	 50051.515625
40179720.0	 277.2658386230469	 375.747802734375	 47027.6015625
40179808.0	 276.69189453125	 376.6778259277344	 47190.13671875
40179900.0	 276.87481689453125	 387.2659606933594	 51734.48828125
40179988.0	 276.69647216796875	 381.10302734375	 51851.0546875
40180076.0	 276.6617431640625	 384.30877685546875	 49283.859375
40180164.0	 276.5491943359375	 378.53460693359375	 49978.78515625
40180252.0	 275.5001220703125	 379.8541259765625	 52850.91015625
40180340.0	 277.4297180175781	 374.38671875	 46082.03515625
40180428.0	 276.5971374511719	 378.2991638183594	 51648.2265625
40180516.0	 276.2431335449219	 378.5064697265625	 47698.11328125
40180608.0	 275.84423828125	 379.8473205566406	 49425.5546875
40180696.0	 276.1892395019531	 374.1015930175781	 47222.37890625
40180788.0	 276.1628112792969	 380.9820861816406	 49985.8671875
40180876.0	 277.05511474609375	 376.5342102050781	 48621.66796875
40180960.0	 275.9714050292969	 382.15582275390625	 53306.9296875
40181052.0	 276.3215026855469	 378.5213928222656	 48918.3359375
40181140.0	 276.70477294921875	 380.1074523925781	 52766.55078125
40181228.0	 275.9226379394531	 376.5269470214844	 53883.1953125
40181316.0	 276.6416015625	 378.5483093261719	 49990.9921875
40181404.0	 276.46368408203125	 377.2386169433594	 48786.5
40181492.0	 277.6043701171875	 379.45306396484375	 49598.34375
40181584.0	 277.3310241699219	 370.4710998535156	 45447.9296875
40181672.0	 275.8433532714844	 376.4920349121094	 49822.1875
40181760.0	 275.885009765625	 380.4770202636719	 49791.76953125
40181848.0	 276.37841796875	 383.1056213378906	 51634.71875
40181940.0	 276.55889892578125	 382.2685241699219	 50851.4609375
40182024.0	 275.7685241699219	 379.1843566894531	 50737.06640625
40182112.0	 275.888916015625	 379.1651916503906	 52413.484375
40182200.0	 275.577880859375	 378.578369140625	 50564.75390625
40182380.0	 275.7013854980469	 377.7271423339844	 50662.171875
40182468.0	 276.334228515625	 379.7437744140625	 52340.8125
40182556.0	 275.8988952636719	 382.17572021484375	 49907.234375
40182648.0	 275.3023681640625	 384.857177734375	 57124.6640625
40182736.0	 277.1914978027344	 373.8834228515625	 46589.2890625
40182824.0	 276.7646179199219	 379.483154296875	 51061.66796875
40182912.0	 275.5810241699219	 387.4939880371094	 55376.98828125
40183000.0	 276.8426513671875	 387.7425231933594	 52082.625
40183092.0	 276.4762878417969	 386.4295349121094	 49706.7578125
40183176.0	 277.4441833496094	 382.9726257324219	 49227.47265625
40183264.0	 276.55859375	 373.7173767089844	 45382.921875
40183356.0	 276.7654724121094	 382.2939758300781	 49658.18359375
40183444.0	 276.68896484375	 377.2239990234375	 49018.96875
40183532.0	 277.4050598144531	 381.3251037597656	 49677.578125
40183620.0	 276.3283386230469	 381.7148132324219	 52900.65625
40183712.0	 277.1103515625	 382.15216064453125	 50315.12890625
40183800.0	 276.9361572265625	 382.9571838378906	 49918.984375
40183884.0	 277.6123046875	 383.00299072265625	 48633.75
40183972.0	 277.4530334472656	 382.7911376953125	 47658.6015625
40184064.0	 277.26666259765625	 380.5306091308594	 49117.9921875
40184156.0	 276.82318115234375	 382.60540771484375	 48181.1640625
40184244.0	 275.8991394042969	 385.8146057128906	 57627.73828125
40184328.0	 275.76947021484375	 387.6421813964844	 55173.30078125
40184420.0	 277.2563171386719	 369.76947021484375	 45959.93359375
40184508.0	 276.5457458496094	 379.9006652832031	 48833.0546875
40184596.0	 276.4606018066406	 379.5655212402344	 47946.2109375
40184684.0	 277.55413818359375	 378.7710266113281	 48591.1484375
40184772.0	 277.4668273925781	 383.23565673828125	 49751.21875
40184864.0	 277.0186462402344	 375.21075439453125	 46863.05859375
40184956.0	 277.1944580078125	 382.14044189453125	 50033.53125
40185040.0	 276.8662414550781	 383.954833984375	 49858.57421875
40185128.0	 277.2022705078125	 378.0884094238281	 47757.19140625
40185308.0	 276.8283996582031	 380.0933532714844	 48232.921875
40185392.0	 277.40948486328125	 377.5262756347656	 49452.86328125
40185484.0	 277.06451416015625	 378.2678527832031	 48296.84765625
40185572.0	 276.8147888183594	 379.8893737792969	 47820.6015625
40185664.0	 277.37811279296875	 381.00579833984375	 47924.15234375
40185748.0	 277.2608947753906	 381.57763671875	 48372.7734375
40185836.0	 277.0177307128906	 377.1636962890625	 47026.32421875
40185924.0	 277.78912353515625	 385.010498046875	 50868.12890625
40186016.0	 278.0863952636719	 379.9453125	 49479.31640625
40186104.0	 277.626708984375	 377.2552795410156	 48878.546875
40186192.0	 278.284912109375	 377.2507019042969	 47469.13671875
40186280.0	 276.516845703125	 386.7762145996094	 59036.27734375
40186372.0	 277.2142639160156	 378.5784912109375	 48147.40234375
40186460.0	 277.03192138671875	 380.35968017578125	 48504.37109375
40186544.0	 276.6162414550781	 377.516357421875	 49453.3671875
40186632.0	 277.3340759277344	 382.4414367675781	 49627.0
40186724.0	 277.5721130371094	 383.7187805175781	 49809.13671875
40186812.0	 277.4466552734375	 383.42645263671875	 51246.875
40186900.0	 277.45855712890625	 383.345947265625	 51094.73046875
40186992.0	 277.17578125	 381.1722717285156	 51442.74609375
40187080.0	 277.6284484863281	 375.8936767578125	 49275.4375
40187168.0	 277.31304931640625	 381.1782531738281	 51020.19921875
40187256.0	 276.9592590332031	 376.361572265625	 48845.625
40187344.0	 277.3529052734375	 384.5600280761719	 52045.17578125
40187432.0	 277.3866271972656	 384.1829528808594	 49635.32421875
40187524.0	 276.3500061035156	 383.17913818359375	 51139.9140625
40187608.0	 276.9920959472656	 385.315185546875	 50018.546875
40187696.0	 277.4916687011719	 380.63629150390625	 48098.609375
40187788.0	 277.52349853515625	 381.5794677734375	 46462.34375
40187876.0	 277.48138427734375	 381.2895812988281	 48876.33203125
40187964.0	 276.80804443359375	 384.2903137207031	 51913.71484375
40188052.0	 276.6944274902344	 384.0325927734375	 51994.6875
40188232.0	 277.9293212890625	 374.1432189941406	 44357.80859375
40188324.0	 276.9705810546875	 381.7666015625	 51618.01953125
40188404.0	 276.6316833496094	 387.4145202636719	 52167.77734375
40188496.0	 277.4234619140625	 378.88775634765625	 49431.05078125
40188588.0	 277.35809326171875	 377.91192626953125	 50566.73828125
40188676.0	 277.2755432128906	 383.2356262207031	 49588.76171875
40188760.0	 278.57470703125	 377.6589050292969	 49936.71484375
40188852.0	 277.5408020019531	 381.1756896972656	 48588.9140625
40188940.0	 277.782958984375	 388.1575927734375	 51982.7890625
40189032.0	 276.9916687011719	 378.5848388671875	 48864.3046875
40189116.0	 276.52789306640625	 377.70379638671875	 50109.17578125
40189204.0	 277.1607666015625	 382.69964599609375	 50975.03125
40189296.0	 277.34185791015625	 385.2355041503906	 50920.1953125
40189384.0	 277.4994812011719	 382.2618408203125	 49844.55078125
40189472.0	 278.4767761230469	 376.4372253417969	 45923.82421875
40189560.0	 277.2393493652344	 378.9163513183594	 48925.61328125
40189648.0	 277.3445739746094	 375.3597106933594	 47254.78125
40189740.0	 276.73773193359375	 378.00604248046875	 47819.6328125
40189824.0	 276.8462219238281	 380.1400451660156	 50617.52734375
40189912.0	 277.0680236816406	 376.4021301269531	 49091.8359375
40190004.0	 276.6856994628906	 387.5731201171875	 53857.52734375
40190092.0	 277.4761962890625	 375.2388610839844	 46172.51953125
40190176.0	 277.18377685546875	 382.1476135253906	 50030.78515625
40190268.0	 276.857666015625	 377.5415954589844	 47630.19140625
40190356.0	 277.8770446777344	 378.2802429199219	 48353.2109375
40190448.0	 276.1257019042969	 384.0001220703125	 51331.3125
40190532.0	 277.151611328125	 371.8674011230469	 44547.5546875
40190624.0	 276.4903564453125	 370.18292236328125	 45433.0546875
40190712.0	 276.56787109375	 375.23248291015625	 46055.83203125
40190800.0	 276.92901611328125	 378.351318359375	 48763.3359375
40190888.0	 275.1307678222656	 389.1332092285156	 57052.3203125
40190976.0	 276.0932922363281	 375.51025390625	 45618.68359375
40191156.0	 277.2659912109375	 373.36224365234375	 44799.08203125
40191248.0	 276.4116516113281	 387.4267578125	 53510.08984375
40191332.0	 276.8038024902344	 379.92529296875	 48836.19140625
40191424.0	 276.6968688964844	 373.6221618652344	 47869.25
40191512.0	 277.2195129394531	 375.77154541015625	 46427.38671875
40191600.0	 277.4299011230469	 379.12823486328125	 48240.1328125
40191688.0	 276.88006591796875	 381.8427734375	 50894.08984375
40191776.0	 277.3853454589844	 376.6513366699219	 47561.72265625
40191864.0	 276.484375	 383.5977478027344	 48876.55859375
40191956.0	 277.51141357421875	 380.00238037109375	 49662.7109375
40192040.0	 276.7945556640625	 382.60321044921875	 49166.8984375
40192132.0	 277.05706787109375	 377.609619140625	 49088.328125
40192220.0	 276.0874938964844	 382.8900146484375	 50023.46875
40192308.0	 276.5064392089844	 382.1506652832031	 51554.18359375
40192396.0	 276.3906555175781	 379.5665283203125	 49337.046875
40192484.0	 276.27020263671875	 382.46136474609375	 51199.734375
40192572.0	 277.0469055175781	 377.0326232910156	 47769.140625
40192664.0	 276.30963134765625	 383.08526611328125	 51054.58984375
40192752.0	 276.6526794433594	 381.9341735839844	 51073.41796875
40192840.0	 276.8236999511719	 380.4806823730469	 50353.59375
40192928.0	 275.9649353027344	 380.6951599121094	 50470.7421875
40193016.0	 276.6853942871094	 381.21624755859375	 50438.58984375
40193104.0	 276.64508056640625	 381.8225402832031	 50942.76171875
40193196.0	 276.8338317871094	 384.5887451171875	 50664.078125
40193284.0	 276.56170654296875	 382.8482971191406	 51579.71875
40193372.0	 277.02117919921875	 382.01092529296875	 46985.171875
40193460.0	 276.73748779296875	 384.8093566894531	 48286.0546875
40193548.0	 276.3714599609375	 382.3256530761719	 50369.11328125
40193636.0	 276.96417236328125	 380.33941650390625	 49992.28515625
40193728.0	 276.9249267578125	 371.91632080078125	 44836.37109375
40193816.0	 276.689208984375	 372.95135498046875	 45351.1640625
40193904.0	 277.0434875488281	 379.4221496582031	 50773.2734375
40194084.0	 277.78375244140625	 372.1329650878906	 45934.4375
40194168.0	 277.1338195800781	 378.437255859375	 47662.6484375
40194256.0	 277.60430908203125	 375.9482116699219	 47209.44921875
40194348.0	 277.029052734375	 377.42779541015625	 47407.72265625
40194436.0	 276.4752197265625	 380.38616943359375	 46659.625
40194520.0	 277.50238037109375	 384.3091735839844	 49590.109375
40194612.0	 276.66522216796875	 378.4599609375	 48804.453125
40194700.0	 277.086669921875	 373.7289733886719	 47427.48828125
40194792.0	 276.8706359863281	 379.0102844238281	 48464.87109375
40194880.0	 276.7579040527344	 371.0899353027344	 43788.0625
40194964.0	 276.1611328125	 376.0966491699219	 48187.8515625
40195056.0	 276.2429504394531	 377.48858642578125	 47063.16015625
40195144.0	 276.4919128417969	 380.8050537109375	 49464.94140625
40195232.0	 276.2801818847656	 375.2297058105469	 47259.98828125
40195320.0	 276.0415954589844	 381.4289245605469	 49360.78515625
40195412.0	 276.7567138671875	 375.39251708984375	 46491.84765625
40195500.0	 275.9228515625	 379.15142822265625	 46560.55859375
40195592.0	 276.4468688964844	 378.2552490234375	 49515.58984375
40195676.0	 277.3525085449219	 376.4811096191406	 46205.71484375
40195764.0	 275.947509765625	 384.65643310546875	 53097.65234375
40195856.0	 276.9908142089844	 375.35870361328125	 48555.8515625
40195944.0	 276.8022766113281	 381.294677734375	 48642.19140625
40196028.0	 276.64501953125	 387.100341796875	 51489.90234375
40196120.0	 277.0392761230469	 374.1419677734375	 47053.5859375
40196208.0	 276.4871520996094	 378.3310546875	 48364.55078125
40196300.0	 276.82989501953125	 380.6971130371094	 49849.3984375
40196384.0	 276.9175109863281	 381.710205078125	 49088.98046875
40196472.0	 277.0517578125	 373.3852233886719	 45622.96875
40196564.0	 276.0432434082031	 380.65960693359375	 45973.296875
40196652.0	 276.43585205078125	 376.86279296875	 47678.96875
40196740.0	 276.17388916015625	 380.7220458984375	 48590.703125
40196828.0	 276.0632629394531	 377.8786315917969	 48040.97265625
40197008.0	 276.7651062011719	 375.391845703125	 45305.46875
40197092.0	 276.837890625	 373.95068359375	 45830.5703125
40197180.0	 276.489501953125	 379.720947265625	 46746.875
40197272.0	 276.65484619140625	 377.6094665527344	 47186.8828125
40197360.0	 276.4622802734375	 375.5081481933594	 45142.94921875
40197448.0	 276.3739929199219	 381.596923828125	 50903.375
40197536.0	 276.6961364746094	 376.4332580566406	 44788.25
40197624.0	 276.0022277832031	 381.5681457519531	 48862.65625
40197716.0	 276.8299865722656	 377.2288818359375	 48504.00390625
40197804.0	 277.2926330566406	 372.99871826171875	 45950.25
40197892.0	 277.26776123046875	 374.8990478515625	 45470.078125
40197980.0	 277.6698913574219	 376.2303771972656	 47949.18359375
40198072.0	 276.9183044433594	 379.9980773925781	 49040.7890625
40198156.0	 276.55908203125	 385.0513916015625	 50794.60546875
40198244.0	 276.34039306640625	 382.5401916503906	 49832.32421875
40198336.0	 276.5892333984375	 380.0561828613281	 48187.2421875
40198424.0	 277.2643737792969	 378.16650390625	 48844.375
40198512.0	 276.5392761230469	 371.7656555175781	 47205.734375
40198600.0	 276.3233947753906	 379.2460632324219	 47062.046875
40198688.0	 276.5751647949219	 385.5906066894531	 51761.99609375
40198780.0	 278.0480651855469	 376.6780700683594	 48842.51171875
40198864.0	 277.74041748046875	 377.4078369140625	 46295.19140625
40198952.0	 277.65167236328125	 382.0183410644531	 49604.09765625
40199044.0	 277.4436950683594	 373.5125732421875	 48301.8125
40199132.0	 277.6619873046875	 382.3200988769531	 49979.19140625
40199220.0	 277.44024658203125	 380.8599548339844	 47279.046875
40199308.0	 277.5245666503906	 381.0934753417969	 49031.25
40199400.0	 276.9703063964844	 378.95281982421875	 50936.0859375
40199488.0	 277.9757080078125	 387.16729736328125	 49600.1953125
40199572.0	 277.8327941894531	 372.59429931640625	 46021.75
40199664.0	 277.1278991699219	 377.9721374511719	 46266.0078125
40199752.0	 277.5657958984375	 381.146484375	 48602.8828125
40199928.0	 277.7116394042969	 371.05047607421875	 43254.55859375
40200016.0	 277.9433288574219	 379.3741760253906	 48395.421875
40200108.0	 277.6972961425781	 384.2694396972656	 52388.95703125
40200200.0	 278.56170654296875	 376.09613037109375	 48827.0078125
40200284.0	 278.4617919921875	 381.11944580078125	 48863.46875
40200372.0	 278.1468505859375	 386.8003845214844	 51656.5703125
40200460.0	 277.52471923828125	 377.5920104980469	 47865.125
40200552.0	 277.8726501464844	 380.193115234375	 49274.7578125
40200636.0	 278.59539794921875	 379.2069091796875	 50531.296875
40200728.0	 277.6886901855469	 392.9895324707031	 53815.96484375
40200816.0	 277.2596740722656	 380.9126281738281	 50178.73046875
40200908.0	 276.4217834472656	 389.310302734375	 53993.953125
40200992.0	 278.31414794921875	 379.8927307128906	 49820.71484375
40201080.0	 277.99505615234375	 375.31256103515625	 48612.7578125
40201168.0	 278.23236083984375	 383.58367919921875	 49425.68359375
40201260.0	 277.3425598144531	 377.7682800292969	 49518.59765625
40201348.0	 277.1220397949219	 375.52630615234375	 48005.7265625
40201436.0	 277.0371398925781	 383.3874206542969	 50285.94140625
40201524.0	 276.8877258300781	 379.24676513671875	 49951.57421875
40201616.0	 277.5989685058594	 387.257080078125	 49487.51171875
40201700.0	 277.5570373535156	 378.3147277832031	 47541.78125
40201792.0	 276.98809814453125	 375.1876525878906	 47797.125
40201880.0	 276.0836486816406	 370.4753723144531	 44341.11328125
40201968.0	 277.6866149902344	 380.00518798828125	 47520.95703125
40202056.0	 276.4563903808594	 368.64447021484375	 45912.4609375
40202148.0	 277.12823486328125	 380.3558349609375	 47714.4921875
40202236.0	 277.1191101074219	 374.57293701171875	 46452.83984375
40202324.0	 276.9765319824219	 373.4415283203125	 45874.15234375
40202412.0	 277.62841796875	 377.2966613769531	 46123.51953125
40202500.0	 277.5206298828125	 383.7419128417969	 48808.67578125
40202588.0	 277.0605163574219	 387.144287109375	 49578.66796875
40202680.0	 277.6177673339844	 379.9756164550781	 47506.49609375
40202856.0	 278.4435119628906	 369.58551025390625	 40196.43359375
40202944.0	 278.9680480957031	 376.8264465332031	 47928.46484375
40203036.0	 278.1998291015625	 378.2203369140625	 47963.28125
40203116.0	 277.64923095703125	 376.9656677246094	 45400.16796875
40203208.0	 277.6919250488281	 379.6914367675781	 46824.15625
40203300.0	 278.10772705078125	 383.28277587890625	 50014.80859375
40203388.0	 277.58740234375	 375.06353759765625	 46587.26171875
40203472.0	 278.1591491699219	 383.0646057128906	 48192.72265625
40203564.0	 277.93157958984375	 380.7135314941406	 45932.6796875
40203652.0	 278.5533752441406	 374.74676513671875	 46210.87890625
40203744.0	 279.00457763671875	 379.4433898925781	 49328.99609375
40203828.0	 277.84271240234375	 386.745361328125	 49166.91796875
40203916.0	 276.99951171875	 379.14599609375	 47980.8125
40204008.0	 277.3212585449219	 376.1965026855469	 48123.92578125
40204096.0	 278.7684326171875	 384.7115783691406	 48907.5703125
40204184.0	 276.9757385253906	 378.4306945800781	 45531.76953125
40204272.0	 277.2469482421875	 385.2701110839844	 51280.30859375
40204364.0	 277.58306884765625	 390.0594177246094	 50659.9296875
40204452.0	 278.6484375	 384.0771484375	 46690.05078125
40204536.0	 277.3192443847656	 388.3970031738281	 50825.27734375
40204628.0	 278.27532958984375	 389.12890625	 48892.1875
40204716.0	 277.8782653808594	 380.1268310546875	 48707.71484375
40204804.0	 278.5096130371094	 383.2141418457031	 47075.453125
40204892.0	 277.6769714355469	 383.456298828125	 49907.6171875
40204980.0	 278.00811767578125	 375.49383544921875	 48566.8359375
40205072.0	 277.95172119140625	 382.21099853515625	 49310.6484375
40205160.0	 277.7376403808594	 377.4635314941406	 48224.953125
40205248.0	 277.9953918457031	 377.015625	 47478.1328125
40205336.0	 277.8854675292969	 379.42437744140625	 46291.765625
40205424.0	 278.2066650390625	 384.6959533691406	 50414.14453125
40205516.0	 278.13531494140625	 379.7021179199219	 47010.46484375
40205600.0	 278.114013671875	 378.8164978027344	 46973.796875
40205780.0	 277.8472595214844	 370.2757263183594	 41240.70703125
40205872.0	 277.9872741699219	 377.210693359375	 44114.078125
40205956.0	 278.40771484375	 387.0381164550781	 46468.140625
40206044.0	 277.298095703125	 382.5263366699219	 48870.34375
40206136.0	 277.7195129394531	 377.4679870605469	 46862.2421875
40206224.0	 277.4278564453125	 381.1963806152344	 46252.90625
40206312.0	 278.21685791015625	 376.2485046386719	 44406.6796875
40206400.0	 276.9495544433594	 375.9883117675781	 45764.98828125
40206488.0	 276.8246154785156	 389.144287109375	 49770.7421875
40206580.0	 276.90362548828125	 384.506591796875	 47371.86328125
40206664.0	 277.3700866699219	 379.0614929199219	 46852.74609375
40206752.0	 277.5052185058594	 390.96142578125	 48093.109375
40206844.0	 277.4459533691406	 376.7149963378906	 46127.828125
40206932.0	 277.1878356933594	 383.4316711425781	 48618.85546875
40207020.0	 277.387939453125	 380.9939270019531	 47539.6328125
40207108.0	 277.8097839355469	 383.33770751953125	 45978.18359375
40207196.0	 278.2960205078125	 377.04180908203125	 45914.3984375
40207288.0	 277.1224060058594	 383.1944580078125	 47407.03515625
40207372.0	 277.37115478515625	 380.3819274902344	 45090.1015625
40207464.0	 276.8492736816406	 386.899658203125	 49764.625
40207552.0	 277.0763244628906	 380.9091796875	 47404.64453125
40207640.0	 277.2764587402344	 373.1332092285156	 44354.87890625
40207728.0	 276.77459716796875	 383.483154296875	 48758.35546875
40207816.0	 277.142578125	 379.6690979003906	 47359.23046875
40207908.0	 277.3460388183594	 373.0128173828125	 44461.8203125
40208000.0	 277.51861572265625	 379.2447814941406	 46592.38671875
40208080.0	 277.94866943359375	 386.953125	 48298.1015625
40208172.0	 277.3650207519531	 381.4623718261719	 49735.578125
40208264.0	 278.36376953125	 384.7864074707031	 48675.48828125
40208352.0	 278.3490905761719	 389.66357421875	 48640.890625
40208436.0	 278.1377868652344	 394.9220886230469	 51279.28125
40208528.0	 278.8685607910156	 390.05859375	 51848.7265625
40208700.0	 278.9201354980469	 372.86920166015625	 41602.6796875
40208792.0	 278.38623046875	 397.4453125	 50541.5
40208880.0	 278.9507751464844	 388.96429443359375	 49349.7890625
40208968.0	 277.8240966796875	 373.03948974609375	 46243.53515625
40209056.0	 278.75482177734375	 389.0598449707031	 49938.14453125
40209148.0	 277.7671813964844	 392.2516174316406	 54806.9296875
40209236.0	 277.91278076171875	 393.4024353027344	 54239.6328125
40209324.0	 278.6468811035156	 386.505615234375	 51163.48828125
40209412.0	 278.4220886230469	 384.39642333984375	 51463.08203125
40209500.0	 278.5591735839844	 394.98980712890625	 51718.56640625
40209588.0	 278.3265380859375	 387.7016906738281	 50108.0234375
40209680.0	 278.0479736328125	 394.5857238769531	 54370.484375
40209764.0	 278.548583984375	 387.627685546875	 48652.83984375
40209856.0	 279.12060546875	 392.2750549316406	 53095.1015625
40209948.0	 279.0469055175781	 394.85137939453125	 49922.80078125
40210036.0	 278.5879211425781	 391.6390686035156	 52343.92578125
40210120.0	 278.79638671875	 382.1556396484375	 48312.70703125
40210208.0	 279.0439453125	 390.66021728515625	 52728.80859375
40210300.0	 279.40020751953125	 392.3287658691406	 49527.44140625
40210388.0	 278.9287109375	 384.0965576171875	 49826.76953125
40210476.0	 278.2459716796875	 382.2642517089844	 49917.14453125
40210564.0	 278.1729736328125	 384.8466491699219	 48863.00390625
40210652.0	 278.1803283691406	 383.1611328125	 47327.79296875
40210744.0	 278.8287353515625	 381.3171691894531	 49829.484375
40210828.0	 278.8807067871094	 388.3200378417969	 48147.9765625
40210916.0	 279.4461364746094	 387.02545166015625	 46949.83984375
40211008.0	 278.2369384765625	 388.7132873535156	 48800.0625
40211096.0	 278.73046875	 382.96771240234375	 46775.42578125
40211184.0	 279.0550231933594	 388.1155700683594	 49511.27734375
40211272.0	 278.784912109375	 381.36602783203125	 48287.4296875
40211364.0	 279.1068115234375	 382.06707763671875	 47031.26171875
40211452.0	 279.2227478027344	 386.8884582519531	 50389.38671875
