START:	 26.600000000000108
END:	 26.70000000000011

r [km]	 vr [km/s]	 np [cm-3]	 T [K]
18507608.0	 254.6119842529297	 1726.2744140625	 140552.0
18575168.0	 371.4378662109375	 192.11376953125	 291202.71875
18575140.0	 375.3189392089844	 191.42091369628906	 288822.84375
18575110.0	 377.3921813964844	 213.58473205566406	 310344.53125
18575080.0	 378.6947937011719	 215.84774780273438	 292324.96875
18575052.0	 371.0198059082031	 212.00624084472656	 339932.1875
18575024.0	 369.8805236816406	 185.1517791748047	 266509.90625
18574994.0	 369.802490234375	 180.4470977783203	 271708.15625
18574966.0	 372.1341552734375	 175.0205535888672	 257826.3125
18574938.0	 373.9067687988281	 186.21743774414062	 268821.25
18574908.0	 373.76763916015625	 182.65780639648438	 255442.703125
18574880.0	 372.2552795410156	 180.269287109375	 240489.359375
18574850.0	 371.4400634765625	 196.12887573242188	 273100.6875
18574822.0	 372.5401916503906	 202.58120727539062	 270317.53125
18574792.0	 369.8706359863281	 189.013671875	 265830.71875
18574762.0	 367.32879638671875	 187.72830200195312	 289118.78125
18574704.0	 370.96343994140625	 188.4443359375	 290076.90625
18574674.0	 369.92108154296875	 187.41542053222656	 294577.03125
18574646.0	 370.576904296875	 200.3414306640625	 282118.625
18574616.0	 370.45947265625	 181.96530151367188	 274896.46875
18574590.0	 370.2874755859375	 185.121826171875	 286447.71875
18574560.0	 371.5737609863281	 203.88885498046875	 312842.25
18574530.0	 374.7170715332031	 186.96676635742188	 287978.59375
18574502.0	 375.1676025390625	 193.43045043945312	 295194.09375
18574470.0	 370.78521728515625	 188.1379852294922	 269405.46875
18574442.0	 373.781982421875	 184.6460723876953	 258695.921875
18574414.0	 375.09246826171875	 179.94313049316406	 277124.28125
18574384.0	 376.6436462402344	 195.11648559570312	 300547.8125
18574356.0	 375.8967590332031	 190.4302978515625	 322540.5625
18574326.0	 377.6308288574219	 191.94813537597656	 296851.78125
18574298.0	 370.2109680175781	 191.7465362548828	 317054.46875
18574270.0	 375.595947265625	 182.47711181640625	 247661.4375
18574210.0	 371.4356384277344	 196.22158813476562	 282268.125
18574180.0	 373.0267028808594	 184.66555786132812	 264963.25
18574152.0	 373.64459228515625	 206.46484375	 286507.125
18574124.0	 373.1565856933594	 202.3761444091797	 303977.15625
18574094.0	 369.18524169921875	 200.46046447753906	 342649.78125
18574066.0	 368.88134765625	 215.04368591308594	 335237.46875
18574038.0	 368.2942810058594	 197.56813049316406	 313379.6875
18574008.0	 375.23236083984375	 198.50930786132812	 274570.875
18573980.0	 378.20269775390625	 208.1973876953125	 330986.8125
18573950.0	 374.8213195800781	 198.94984436035156	 321826.03125
18573920.0	 376.3183898925781	 204.53244018554688	 312494.65625
18573892.0	 376.359375	 204.23233032226562	 293831.125
18573862.0	 378.12872314453125	 213.37258911132812	 296353.6875
18573834.0	 380.3046569824219	 199.41250610351562	 272552.40625
18573804.0	 378.6731262207031	 225.89935302734375	 348455.28125
18573748.0	 379.8424072265625	 198.26718139648438	 302893.90625
18573718.0	 378.2271423339844	 218.66575622558594	 310540.0
18573688.0	 381.66436767578125	 211.60128784179688	 290876.65625
18573660.0	 380.96746826171875	 192.8916473388672	 307117.9375
18573630.0	 381.8346252441406	 203.0594024658203	 300555.8125
18573602.0	 372.55487060546875	 202.2561492919922	 370628.25
18573572.0	 379.56793212890625	 198.34173583984375	 313844.96875
18573544.0	 382.2137756347656	 230.8726348876953	 310265.625
18573516.0	 385.6130676269531	 193.84970092773438	 292084.9375
18573486.0	 379.63055419921875	 214.4357147216797	 361458.53125
18573458.0	 381.6241455078125	 236.70570373535156	 329675.28125
18573428.0	 380.93780517578125	 189.16256713867188	 324537.375
18573398.0	 385.5679931640625	 203.3660888671875	 309648.3125
18573370.0	 386.7375793457031	 200.75588989257812	 304364.40625
18573340.0	 386.4649658203125	 211.8376007080078	 316281.75
18573312.0	 389.9343566894531	 278.6227722167969	 328948.15625
18573284.0	 389.7115478515625	 228.91555786132812	 321493.0625
18573252.0	 383.3897705078125	 214.4256134033203	 356485.53125
18573226.0	 381.48211669921875	 214.90689086914062	 349691.1875
18573194.0	 384.713134765625	 209.7141571044922	 291147.6875
18573166.0	 374.000244140625	 220.23550415039062	 358537.25
18573138.0	 376.3360595703125	 208.2049102783203	 357827.71875
18573108.0	 380.85467529296875	 216.99461364746094	 311774.28125
18573080.0	 383.1873779296875	 213.20114135742188	 314436.65625
18573050.0	 383.96929931640625	 211.3000030517578	 322338.34375
18573022.0	 384.7601623535156	 212.08120727539062	 313930.65625
18572994.0	 381.7097473144531	 228.0402069091797	 341819.5
18572964.0	 382.9412841796875	 201.2924041748047	 316873.15625
18572934.0	 379.208251953125	 223.1718292236328	 322400.25
18572904.0	 383.0074157714844	 219.18453979492188	 324344.5
18572876.0	 381.19110107421875	 209.6431121826172	 328023.15625
18572848.0	 377.1676330566406	 200.240234375	 335580.40625
18572788.0	 374.7217102050781	 212.26834106445312	 342961.1875
18572760.0	 378.88165283203125	 198.84869384765625	 308870.96875
18572732.0	 380.40936279296875	 190.0277099609375	 294828.28125
18572702.0	 381.74908447265625	 203.91021728515625	 295080.25
18572672.0	 379.4149169921875	 203.87100219726562	 306409.65625
18572644.0	 373.5415954589844	 212.28553771972656	 355098.25
18572616.0	 383.5514221191406	 196.9520721435547	 312874.21875
18572586.0	 376.66082763671875	 208.15994262695312	 335805.75
18572558.0	 380.49163818359375	 204.93170166015625	 294883.4375
18572528.0	 380.1016845703125	 230.97862243652344	 315483.03125
18572498.0	 377.2440490722656	 214.6275634765625	 376624.59375
18572470.0	 383.38238525390625	 207.2694549560547	 312131.84375
18572442.0	 379.58502197265625	 206.99160766601562	 388537.3125
18572414.0	 383.14117431640625	 190.00827026367188	 316357.65625
18572384.0	 387.0475158691406	 222.9731903076172	 335503.1875
18572354.0	 382.67584228515625	 252.33888244628906	 422754.25
18572326.0	 388.90576171875	 231.59503173828125	 342875.625
18572296.0	 385.1429443359375	 254.21987915039062	 348306.90625
18572266.0	 392.59722900390625	 210.6213836669922	 386565.78125
18572238.0	 386.5877685546875	 234.96185302734375	 428069.28125
18572208.0	 389.7601318359375	 242.20957946777344	 351034.3125
18572180.0	 391.0806884765625	 221.6309814453125	 353339.71875
18572150.0	 387.33984375	 305.89202880859375	 334529.59375
18572122.0	 385.8575439453125	 237.46661376953125	 408123.59375
18572094.0	 390.7953796386719	 286.5039978027344	 349537.125
18572064.0	 387.5509948730469	 222.60336303710938	 355959.46875
18572036.0	 387.0805969238281	 234.0915985107422	 348535.59375
18572006.0	 388.6954040527344	 227.1570281982422	 326719.0
18571978.0	 386.27264404296875	 216.3148956298828	 316182.25
18571948.0	 382.71136474609375	 200.91383361816406	 309138.28125
18571918.0	 379.09735107421875	 184.16822814941406	 304533.34375
18571890.0	 382.6889953613281	 225.67605590820312	 337519.34375
18571830.0	 381.5396728515625	 205.03721618652344	 300165.71875
18571802.0	 379.6571044921875	 238.13221740722656	 310190.90625
18571772.0	 378.7791748046875	 221.87252807617188	 313302.5
18571744.0	 378.09228515625	 218.9202117919922	 295559.96875
18571716.0	 376.8874206542969	 244.2305145263672	 300440.75
18571686.0	 381.716796875	 197.90269470214844	 294439.96875
18571658.0	 384.5161437988281	 205.01641845703125	 291390.875
18571628.0	 380.4438171386719	 215.96116638183594	 357644.34375
18571600.0	 386.4905090332031	 213.9449005126953	 354817.59375
18571572.0	 381.3682556152344	 218.17831420898438	 307919.375
18571542.0	 376.3447570800781	 194.9535369873047	 296482.15625
18571514.0	 368.28173828125	 200.3167724609375	 309953.5
18571482.0	 379.8128967285156	 205.34878540039062	 292069.65625
18571454.0	 380.8475036621094	 199.41119384765625	 311049.96875
18571426.0	 378.3961181640625	 202.8137664794922	 283277.875
18571396.0	 375.78643798828125	 231.7394256591797	 319329.96875
18571366.0	 380.9771423339844	 200.34144592285156	 304959.6875
18571338.0	 383.7539367675781	 225.42347717285156	 306486.0
18571310.0	 378.5180969238281	 181.44371032714844	 338983.03125
18571282.0	 389.446533203125	 227.4674835205078	 364873.09375
18571250.0	 383.91680908203125	 200.19053649902344	 313577.0
18571222.0	 385.5569763183594	 212.46315002441406	 329766.5625
18571194.0	 380.3229064941406	 194.14695739746094	 313566.53125
18571164.0	 377.1593933105469	 211.11219787597656	 365732.03125
18571136.0	 382.8982238769531	 208.09364318847656	 320226.03125
18571106.0	 370.19342041015625	 204.84133911132812	 354975.59375
18571078.0	 381.37353515625	 201.88021850585938	 328538.90625
18571050.0	 383.73431396484375	 194.3040771484375	 343418.875
18571020.0	 383.9962158203125	 176.9046173095703	 294042.8125
18570992.0	 382.0367736816406	 221.7224578857422	 344289.71875
18570962.0	 380.2972412109375	 216.140380859375	 367421.5625
18570932.0	 383.4209899902344	 193.45750427246094	 315427.09375
18570874.0	 382.1431884765625	 242.1121063232422	 340079.03125
18570846.0	 384.3879089355469	 198.02322387695312	 301597.5
18570816.0	 383.72442626953125	 212.49893188476562	 324450.8125
18570788.0	 383.57476806640625	 205.53224182128906	 327480.59375
18570758.0	 379.7005920410156	 215.07638549804688	 362994.59375
18570730.0	 387.60308837890625	 205.31466674804688	 358650.6875
18570702.0	 386.6517333984375	 208.0592498779297	 335963.0625
18570672.0	 385.10137939453125	 212.87501525878906	 314737.4375
18570642.0	 384.25054931640625	 197.58468627929688	 297323.15625
18570614.0	 381.1875	 201.5797882080078	 341085.96875
18570584.0	 383.99078369140625	 209.463623046875	 344638.3125
18570556.0	 379.75250244140625	 206.66610717773438	 340050.09375
18570528.0	 382.6296691894531	 192.80838012695312	 286121.125
18570498.0	 382.5033874511719	 191.4832000732422	 349403.25
18570468.0	 386.7502746582031	 234.21932983398438	 364410.84375
18570438.0	 380.864990234375	 213.6668701171875	 390961.28125
18570410.0	 384.0154724121094	 211.78123474121094	 345478.15625
18570382.0	 384.10693359375	 212.68191528320312	 332725.6875
18570350.0	 383.4106750488281	 227.1211395263672	 346120.75
18570322.0	 386.9409484863281	 206.00091552734375	 328907.8125
18570292.0	 378.9714050292969	 195.1087646484375	 343652.40625
18570264.0	 381.0936279296875	 197.3699493408203	 333417.59375
18570236.0	 375.5707702636719	 195.10682678222656	 368892.28125
18570206.0	 378.9588317871094	 199.8645782470703	 317328.25
18570178.0	 370.1339111328125	 186.59095764160156	 309729.375
18570150.0	 370.8511962890625	 181.39622497558594	 258528.140625
18570120.0	 372.12066650390625	 186.9747772216797	 263021.09375
18570092.0	 373.6263427734375	 183.69493103027344	 268531.0625
18570062.0	 373.5666198730469	 211.654296875	 289455.1875
18570034.0	 370.7503356933594	 190.94320678710938	 314518.28125
18570004.0	 373.115478515625	 184.31787109375	 253205.328125
18569974.0	 374.1767883300781	 182.2067108154297	 273179.1875
18569916.0	 365.13275146484375	 187.56373596191406	 345556.71875
18569888.0	 378.2335205078125	 203.08782958984375	 326276.75
18569860.0	 379.15155029296875	 206.7500457763672	 325833.8125
18569830.0	 375.58642578125	 196.56741333007812	 319164.46875
18569802.0	 373.2900085449219	 195.9845733642578	 355925.71875
18569770.0	 379.0558166503906	 189.83970642089844	 293947.84375
18569742.0	 373.888427734375	 183.7709197998047	 302344.46875
18569714.0	 377.00372314453125	 172.9326171875	 264065.59375
18569684.0	 370.1865234375	 196.35028076171875	 374362.15625
18569656.0	 374.2900695800781	 169.1236572265625	 271696.0
18569626.0	 374.6282653808594	 181.0133514404297	 263527.8125
18569598.0	 373.3663330078125	 173.23397827148438	 260680.484375
18569570.0	 368.7258605957031	 179.87353515625	 297903.1875
18569540.0	 374.5784606933594	 178.681396484375	 304807.21875
18569510.0	 367.0555419921875	 192.4724884033203	 373751.21875
18569482.0	 369.66033935546875	 183.44140625	 288497.0
18569452.0	 370.5476379394531	 170.1472625732422	 267417.75
18569424.0	 369.13494873046875	 175.8814239501953	 271869.25
18569394.0	 370.6105651855469	 176.779052734375	 273896.65625
18569366.0	 367.1737365722656	 167.4751739501953	 287421.1875
18569338.0	 372.9676513671875	 195.08529663085938	 393595.84375
18569308.0	 379.1084289550781	 171.23699951171875	 321201.71875
18569280.0	 378.8380126953125	 180.6378936767578	 343333.75
18569250.0	 370.7168884277344	 183.55413818359375	 298301.6875
18569222.0	 366.2769470214844	 179.302001953125	 327586.09375
18569192.0	 366.1282653808594	 175.76943969726562	 289254.03125
18569162.0	 364.9101867675781	 183.48492431640625	 310685.1875
18569134.0	 364.3930358886719	 179.1016082763672	 240653.203125
18569104.0	 363.82037353515625	 171.5831298828125	 247935.5625
18569076.0	 365.1275939941406	 183.11077880859375	 261380.71875
18569046.0	 368.2132568359375	 175.2792205810547	 270432.625
18569016.0	 372.92510986328125	 173.41925048828125	 264836.03125
18568958.0	 371.4019775390625	 177.57037353515625	 276090.15625
18568930.0	 374.25701904296875	 171.1861572265625	 258050.09375
18568902.0	 371.5284423828125	 177.11575317382812	 284540.4375
18568872.0	 369.7008056640625	 182.20364379882812	 292832.96875
18568842.0	 365.1388854980469	 186.19140625	 348127.40625
18568812.0	 375.9718017578125	 182.00860595703125	 284001.375
18568784.0	 375.0018005371094	 185.18978881835938	 294964.9375
18568756.0	 365.3489074707031	 176.99755859375	 305440.34375
18568726.0	 375.3511047363281	 186.9256591796875	 315828.34375
18568698.0	 375.94921875	 173.96444702148438	 279504.28125
18568670.0	 375.0373840332031	 177.18844604492188	 296274.1875
18568640.0	 377.1247253417969	 182.1787109375	 296111.28125
18568612.0	 378.82708740234375	 181.45391845703125	 295155.9375
18568582.0	 378.80462646484375	 175.96568298339844	 287334.78125
18568552.0	 372.32183837890625	 174.60577392578125	 263873.625
18568524.0	 369.734130859375	 211.07154846191406	 312566.4375
18568494.0	 377.59503173828125	 175.78173828125	 271353.875
18568466.0	 370.5325622558594	 173.62686157226562	 284560.40625
18568436.0	 377.02679443359375	 176.94775390625	 296090.25
18568408.0	 374.9745788574219	 174.92926025390625	 268908.34375
18568380.0	 371.7437744140625	 183.55091857910156	 284791.75
18568350.0	 371.1901550292969	 191.6024932861328	 277970.09375
18568322.0	 376.91265869140625	 192.32534790039062	 269777.40625
18568292.0	 374.17706298828125	 175.51254272460938	 255368.265625
18568264.0	 367.8459167480469	 186.77084350585938	 325792.25
18568234.0	 369.6751403808594	 180.37001037597656	 278661.875
18568204.0	 372.4251708984375	 183.24911499023438	 273006.625
18568176.0	 371.68212890625	 199.59230041503906	 309291.03125
18568148.0	 379.84454345703125	 182.04544067382812	 294687.84375
18568118.0	 375.6175537109375	 180.86708068847656	 300906.78125
18568090.0	 380.204833984375	 170.35231018066406	 298881.1875
18568060.0	 382.1067199707031	 181.12620544433594	 319035.4375
18568000.0	 381.80242919921875	 180.0537872314453	 355998.84375
18567972.0	 383.20086669921875	 177.7141571044922	 410054.71875
18567944.0	 382.9765930175781	 181.95535278320312	 354771.15625
18567914.0	 389.3754577636719	 171.71551513671875	 361377.25
18567886.0	 387.80950927734375	 181.8468017578125	 373530.1875
18567858.0	 381.84490966796875	 179.52215576171875	 419380.53125
18567828.0	 390.2226257324219	 175.14979553222656	 337292.34375
18567800.0	 382.1511535644531	 187.45005798339844	 404306.0
18567770.0	 379.859619140625	 193.50865173339844	 429614.0625
18567742.0	 387.7525634765625	 186.02084350585938	 399849.0625
18567714.0	 384.68212890625	 178.5379638671875	 360668.65625
18567684.0	 387.81585693359375	 179.28456115722656	 366867.375
18567656.0	 392.6634826660156	 184.8647918701172	 411560.84375
18567622.0	 407.341552734375	 195.94789123535156	 455590.1875
18567596.0	 400.5754089355469	 180.91525268554688	 461621.09375
18567568.0	 380.5149230957031	 180.6691131591797	 343472.25
18567536.0	 381.6163635253906	 197.8900909423828	 343738.21875
18567508.0	 374.6960754394531	 182.20840454101562	 448873.75
18567478.0	 381.8586120605469	 165.04156494140625	 314890.15625
18567450.0	 374.8297424316406	 174.52313232421875	 351161.40625
18567422.0	 379.32647705078125	 178.85531616210938	 360988.8125
18567392.0	 378.2273864746094	 171.61888122558594	 347186.6875
18567364.0	 369.5574951171875	 175.19398498535156	 328981.25
18567334.0	 374.89727783203125	 194.9455108642578	 331191.4375
18567306.0	 374.3419494628906	 181.2025909423828	 330422.28125
18567276.0	 371.2037048339844	 178.923828125	 391550.78125
18567248.0	 373.64849853515625	 170.624755859375	 311270.21875
18567220.0	 382.9330139160156	 187.19654846191406	 345835.15625
18567190.0	 383.0962829589844	 205.54318237304688	 353268.625
18567160.0	 376.9510192871094	 181.1773223876953	 324387.59375
18567132.0	 379.8401184082031	 206.32061767578125	 394460.34375
18567102.0	 391.68499755859375	 184.29273986816406	 397032.78125
18567042.0	 412.1099548339844	 250.70175170898438	 463743.71875
18567014.0	 371.1266174316406	 173.17604064941406	 281009.96875
18566986.0	 389.44317626953125	 215.91351318359375	 402241.59375
18566928.0	 418.8852844238281	 250.17733764648438	 563298.25
18566900.0	 382.25	 188.4019775390625	 315728.90625
18566870.0	 396.51300048828125	 222.15928649902344	 369902.90625
18566842.0	 378.9754943847656	 189.55088806152344	 243309.25
18566812.0	 374.1669616699219	 172.69432067871094	 351028.15625
18566784.0	 372.4364929199219	 171.57920837402344	 313830.78125
18566756.0	 371.5054016113281	 174.42501831054688	 298867.84375
18566726.0	 374.090576171875	 171.45556640625	 269510.65625
18566696.0	 369.3671875	 168.5850830078125	 339111.90625
18566666.0	 390.8237609863281	 192.34591674804688	 431754.5
18566638.0	 375.6465148925781	 178.723388671875	 380329.40625
18566610.0	 381.536865234375	 183.27455139160156	 332839.46875
18566580.0	 372.72119140625	 164.44752502441406	 487052.8125
18566552.0	 385.785888671875	 187.50717163085938	 381650.03125
18566494.0	 378.2095031738281	 166.1477508544922	 308608.9375
18566466.0	 397.1432800292969	 201.01502990722656	 685609.625
18566434.0	 366.0525817871094	 172.23385620117188	 321978.84375
18566406.0	 369.7557678222656	 188.22061157226562	 329774.375
18566376.0	 371.47314453125	 171.0360107421875	 362122.84375
18566348.0	 373.60089111328125	 173.9539337158203	 326655.34375
18566320.0	 369.54583740234375	 168.48350524902344	 276772.78125
18566290.0	 374.7684326171875	 177.0240020751953	 275642.5625
18566262.0	 372.3088684082031	 180.18406677246094	 285869.0625
18566232.0	 364.6665954589844	 181.92428588867188	 321673.78125
18566204.0	 366.35272216796875	 192.67819213867188	 295176.53125
18566174.0	 373.43389892578125	 176.8848419189453	 259001.40625
18566144.0	 373.1853332519531	 190.81690979003906	 279213.25
18566086.0	 377.8187561035156	 201.29005432128906	 309580.84375
18566058.0	 377.0525207519531	 198.33258056640625	 295756.6875
18566030.0	 380.49163818359375	 187.9264373779297	 288094.5
18566000.0	 377.8121337890625	 194.50982666015625	 269914.5
18565972.0	 376.52423095703125	 199.44564819335938	 296805.28125
18565942.0	 373.5854187011719	 198.56427001953125	 302134.53125
18565912.0	 380.264404296875	 209.17657470703125	 281872.375
18565884.0	 374.32989501953125	 210.9073486328125	 292455.625
18565854.0	 374.0812683105469	 202.2937469482422	 272740.34375
18565826.0	 376.7212829589844	 194.7360382080078	 292075.125
18565796.0	 374.99554443359375	 194.2784881591797	 285520.71875
18565768.0	 376.568603515625	 195.7801971435547	 293440.15625
18565738.0	 378.0074768066406	 203.65496826171875	 302928.84375
18565710.0	 378.4269104003906	 214.3393096923828	 292800.59375
18565680.0	 377.5508117675781	 190.05091857910156	 269057.125
18565652.0	 375.0628967285156	 201.6751708984375	 268383.5625
18565622.0	 371.85284423828125	 196.97503662109375	 303202.53125
18565594.0	 373.05950927734375	 196.87628173828125	 302353.96875
18565564.0	 374.6250915527344	 196.29281616210938	 276836.75
18565536.0	 370.64202880859375	 201.2039031982422	 343753.71875
18565508.0	 381.627685546875	 230.2080535888672	 303646.875
18565478.0	 379.6484375	 236.13412475585938	 349026.40625
18565448.0	 383.11700439453125	 242.44268798828125	 300899.53125
18565420.0	 382.56988525390625	 218.6758270263672	 288932.5
18565390.0	 377.3724060058594	 204.00169372558594	 291526.40625
18565362.0	 377.6887512207031	 202.80685424804688	 287651.6875
18565332.0	 377.6460876464844	 202.14889526367188	 285264.5625
18565304.0	 377.45623779296875	 189.24639892578125	 298461.59375
18565274.0	 377.3385925292969	 208.35549926757812	 317169.90625
18565246.0	 372.6837158203125	 228.98683166503906	 370427.71875
18565218.0	 380.0063781738281	 189.726318359375	 304245.1875
18565186.0	 377.82177734375	 204.03408813476562	 305248.90625
18565128.0	 379.3768310546875	 208.02090454101562	 284429.28125
18565100.0	 379.26495361328125	 207.17408752441406	 275602.5625
18565072.0	 379.03460693359375	 204.85614013671875	 281193.90625
18565042.0	 376.7921142578125	 199.30001831054688	 289526.90625
18565014.0	 375.02239990234375	 197.64112854003906	 284013.4375
18564984.0	 373.3684997558594	 198.15377807617188	 301417.75
18564956.0	 376.32769775390625	 207.583984375	 304981.75
18564928.0	 375.7669372558594	 205.53070068359375	 314027.59375
18564898.0	 377.3006896972656	 212.5061798095703	 315379.65625
18564870.0	 378.6106262207031	 199.35633850097656	 324386.59375
18564840.0	 379.78155517578125	 209.64437866210938	 293851.78125
18564810.0	 376.71453857421875	 199.9610595703125	 291525.4375
18564782.0	 377.3278503417969	 198.15696716308594	 272509.71875
18564752.0	 378.0343017578125	 197.50685119628906	 278411.3125
18564724.0	 378.24603271484375	 198.8685302734375	 275515.125
18564694.0	 377.17413330078125	 197.7007598876953	 285344.46875
18564666.0	 372.8982238769531	 185.9923553466797	 288757.8125
18564638.0	 375.4624938964844	 188.26214599609375	 300062.875
18564608.0	 376.9309387207031	 207.7277374267578	 278668.71875
18564580.0	 375.9748840332031	 193.10292053222656	 311211.21875
18564548.0	 376.0681457519531	 196.0607147216797	 302646.53125
18564520.0	 373.6981201171875	 213.41558837890625	 363467.09375
18564492.0	 377.0334777832031	 206.445068359375	 297157.9375
18564462.0	 377.4549560546875	 204.937744140625	 277008.28125
18564434.0	 372.2246398925781	 194.94534301757812	 299075.15625
18564404.0	 375.27728271484375	 197.1085968017578	 253343.578125
18564376.0	 374.8555603027344	 200.54640197753906	 252001.21875
18564348.0	 368.5007629394531	 198.74093627929688	 286394.15625
18564316.0	 372.6184997558594	 184.89903259277344	 257335.546875
18564288.0	 369.8404235839844	 181.94302368164062	 280557.90625
18564258.0	 372.9404296875	 184.68649291992188	 285723.0
18564230.0	 372.67578125	 193.6968536376953	 284029.8125
18564170.0	 372.1285705566406	 190.70420837402344	 272496.15625
18564142.0	 373.7585754394531	 192.00938415527344	 270031.25
18564114.0	 367.9762878417969	 196.0321807861328	 294009.4375
18564086.0	 367.34515380859375	 185.85523986816406	 297204.5625
18564056.0	 367.5047607421875	 177.0071258544922	 278697.15625
18564026.0	 371.1473693847656	 192.40704345703125	 280214.625
18563998.0	 370.9199523925781	 188.9899139404297	 328408.0
18563968.0	 375.80322265625	 197.9069366455078	 342777.6875
18563940.0	 379.594482421875	 214.774169921875	 303846.03125
18563912.0	 386.01812744140625	 201.7268829345703	 329176.96875
18563882.0	 379.02789306640625	 207.3269805908203	 321737.09375
18563852.0	 379.9407958984375	 203.47772216796875	 290409.0
18563824.0	 374.2471618652344	 214.06443786621094	 327451.9375
18563794.0	 375.89630126953125	 192.9347381591797	 281533.0
18563766.0	 374.41937255859375	 203.5951690673828	 281773.75
18563736.0	 374.9684143066406	 190.23330688476562	 272647.875
18563708.0	 372.8687744140625	 193.3074493408203	 275912.28125
18563678.0	 372.4466247558594	 185.3894805908203	 254791.15625
18563650.0	 372.28680419921875	 184.71572875976562	 251953.484375
18563622.0	 371.48114013671875	 203.5829315185547	 289633.65625
18563592.0	 372.4101257324219	 188.95558166503906	 290539.4375
18563564.0	 365.239990234375	 192.8331756591797	 325575.40625
18563532.0	 368.1490783691406	 193.29537963867188	 284343.6875
18563504.0	 365.3663635253906	 177.6158447265625	 267314.5
18563476.0	 369.5437316894531	 185.05311584472656	 260716.3125
18563448.0	 372.6512756347656	 182.8126983642578	 233362.671875
18563420.0	 368.1904296875	 192.20469665527344	 269652.75
18563388.0	 372.78057861328125	 192.0213623046875	 241735.234375
18563360.0	 366.2751159667969	 190.58184814453125	 271999.1875
18563332.0	 366.3203125	 176.07386779785156	 245207.109375
18563300.0	 369.5078125	 189.17877197265625	 261795.609375
18563272.0	 368.7230529785156	 189.57086181640625	 255936.203125
18563214.0	 367.1055603027344	 183.02545166015625	 243488.90625
18563186.0	 367.3731994628906	 182.21853637695312	 248316.46875
18563156.0	 360.46044921875	 194.3589630126953	 313412.78125
18563128.0	 370.2018127441406	 185.86268615722656	 246326.984375
18563100.0	 369.97882080078125	 182.35301208496094	 242995.28125
18563012.0	 372.15521240234375	 189.2101287841797	 270548.78125
18562984.0	 368.96954345703125	 188.7891082763672	 295606.6875
18562956.0	 371.2294006347656	 199.04075622558594	 286663.3125
18562926.0	 369.94976806640625	 201.1174774169922	 321068.5
18562896.0	 371.840576171875	 207.230712890625	 294848.21875
18562866.0	 370.8724365234375	 201.7487030029297	 290382.5
18562838.0	 371.47137451171875	 203.06492614746094	 276749.75
18562810.0	 366.23486328125	 197.00196838378906	 312260.03125
18562780.0	 372.1020202636719	 184.64744567871094	 259020.1875
18562752.0	 371.0066223144531	 190.0370635986328	 249483.5
18562720.0	 368.78594970703125	 192.8394317626953	 270849.46875
18562692.0	 369.9423828125	 192.76718139648438	 245756.078125
18562664.0	 371.2490234375	 192.0143280029297	 254211.953125
18562634.0	 366.8246154785156	 193.18258666992188	 297794.46875
18562606.0	 367.9789123535156	 198.07199096679688	 293243.5
18562576.0	 369.1468505859375	 191.4463348388672	 277350.0
18562548.0	 369.2059326171875	 187.6493377685547	 247780.953125
18562518.0	 366.62884521484375	 182.93946838378906	 255515.59375
18562490.0	 366.17071533203125	 188.93276977539062	 273410.375
18562462.0	 368.8380126953125	 187.57374572753906	 260044.96875
18562430.0	 368.4083251953125	 183.7232666015625	 268612.96875
18562402.0	 371.79150390625	 197.00408935546875	 254675.078125
18562374.0	 373.5595397949219	 186.14993286132812	 261541.578125
18562344.0	 370.86541748046875	 198.83306884765625	 319419.96875
18562316.0	 377.3426818847656	 190.85516357421875	 278702.90625
18561502.0	 397.2161560058594	 291.526123046875	 358869.21875
18561446.0	 398.1501770019531	 228.42770385742188	 357926.15625
18561388.0	 397.7736511230469	 219.32717895507812	 352130.53125
18561328.0	 405.7107238769531	 274.54931640625	 399601.46875
18561270.0	 392.14373779296875	 213.21286010742188	 363835.3125
18561212.0	 394.07525634765625	 221.21713256835938	 332665.96875
18561156.0	 388.2005920410156	 196.0102996826172	 317345.03125
18561098.0	 383.71209716796875	 201.994140625	 304897.15625
18561038.0	 381.01324462890625	 189.53167724609375	 276556.21875
18560980.0	 380.3897399902344	 196.7772674560547	 287010.71875
18560922.0	 377.0	 194.7343292236328	 265341.0625
18560864.0	 379.217529296875	 196.238525390625	 264123.28125
18560806.0	 378.6771240234375	 200.87258911132812	 263718.8125
18560748.0	 376.28436279296875	 196.07363891601562	 259141.21875
18560690.0	 373.8815612792969	 193.4584197998047	 257074.75
18560632.0	 373.6185607910156	 189.5167694091797	 267401.78125
18560576.0	 373.2438659667969	 186.69964599609375	 247588.015625
18560516.0	 371.6299133300781	 180.2030792236328	 241523.828125
18560458.0	 370.29852294921875	 181.20938110351562	 250160.0625
18560400.0	 372.28173828125	 190.81817626953125	 251261.71875
18560342.0	 369.5183410644531	 178.37017822265625	 255217.078125
18560286.0	 371.11761474609375	 174.4639892578125	 244478.796875
18560226.0	 369.2132263183594	 181.60963439941406	 261452.125
18560168.0	 372.4545593261719	 178.1042022705078	 239222.125
18560110.0	 372.1080322265625	 180.9556121826172	 255001.78125
18560052.0	 370.25897216796875	 191.77389526367188	 276928.34375
18559996.0	 373.40582275390625	 194.42840576171875	 272532.625
18559936.0	 372.9511413574219	 180.29605102539062	 258462.5
18559878.0	 372.9842834472656	 182.9698028564453	 249228.5
18559820.0	 375.70526123046875	 202.15591430664062	 265586.53125
18559762.0	 378.64178466796875	 195.5869903564453	 284013.5
18559706.0	 379.95721435546875	 206.6156463623047	 307404.53125
18559588.0	 376.17120361328125	 192.46609497070312	 265656.0625
18559530.0	 376.7939147949219	 187.2244873046875	 258660.875
18559472.0	 380.6272277832031	 188.25888061523438	 280119.5625
18559414.0	 382.86663818359375	 211.84799194335938	 312374.40625
18559358.0	 385.5273132324219	 216.14056396484375	 312694.03125
18559300.0	 388.9347839355469	 222.82728576660156	 316132.59375
18559240.0	 389.26116943359375	 222.09048461914062	 324035.0
18559182.0	 387.74078369140625	 196.36676025390625	 305248.15625
18559122.0	 386.3277282714844	 218.2170867919922	 310607.25
18559066.0	 383.27398681640625	 206.8020782470703	 303405.03125
18559008.0	 387.5268859863281	 243.56275939941406	 317308.25
18558950.0	 385.896484375	 201.96905517578125	 281590.65625
18558892.0	 383.71868896484375	 193.5093536376953	 302350.125
18558832.0	 381.2078857421875	 195.79681396484375	 282917.21875
18558660.0	 384.63226318359375	 210.28285217285156	 328473.4375
18558602.0	 388.26776123046875	 212.54473876953125	 300249.84375
18558542.0	 380.0751647949219	 201.5333251953125	 319806.71875
18558486.0	 376.2617492675781	 184.60780334472656	 264215.84375
18558428.0	 383.9786071777344	 203.61428833007812	 301253.875
18558370.0	 384.02911376953125	 202.7886505126953	 308991.5
18558312.0	 384.5254821777344	 183.08770751953125	 289183.78125
18558254.0	 383.5093078613281	 200.38632202148438	 293258.9375
18558196.0	 386.6667785644531	 209.52362060546875	 306205.59375
18558138.0	 383.95806884765625	 204.18080139160156	 377946.3125
18558080.0	 389.1761779785156	 224.48707580566406	 348435.5625
18558022.0	 388.14532470703125	 209.99249267578125	 329832.78125
18557964.0	 394.0097351074219	 246.93992614746094	 345927.40625
18557906.0	 399.7430114746094	 216.2130889892578	 348851.96875
18557848.0	 396.6676330566406	 237.66270446777344	 336088.75
18557790.0	 387.4927062988281	 199.79660034179688	 308747.3125
18557672.0	 378.5018615722656	 208.17800903320312	 301450.3125
18557614.0	 377.2313537597656	 185.7738494873047	 276981.65625
18557442.0	 376.8433532714844	 178.3745574951172	 243902.734375
18557384.0	 373.7559814453125	 182.15415954589844	 249024.21875
18557324.0	 371.3368225097656	 183.55897521972656	 274066.4375
18557268.0	 379.52880859375	 201.3224639892578	 273737.0625
18557210.0	 375.68292236328125	 203.40965270996094	 358252.0
18557152.0	 373.6231994628906	 182.9863739013672	 280103.03125
18557092.0	 375.45172119140625	 186.90760803222656	 264562.34375
18557034.0	 371.92095947265625	 188.2161865234375	 281239.8125
18556976.0	 375.3780212402344	 181.87330627441406	 270596.3125
18556920.0	 373.5483093261719	 184.06863403320312	 255939.3125
18556804.0	 366.1790466308594	 195.3090362548828	 329871.34375
18556744.0	 376.7625732421875	 191.655029296875	 270737.125
18556686.0	 376.60516357421875	 210.54603576660156	 304026.25
18556630.0	 377.98052978515625	 190.0459747314453	 300112.625
18556572.0	 379.8432922363281	 197.9539031982422	 315889.78125
18556396.0	 378.47210693359375	 191.3743438720703	 301788.28125
18556338.0	 378.1993713378906	 185.7060546875	 290255.0
18556282.0	 382.02435302734375	 198.1707763671875	 311516.21875
18556222.0	 381.3002624511719	 189.8042755126953	 300196.46875
18556048.0	 370.3799743652344	 176.5655975341797	 233505.46875
18555992.0	 367.3492126464844	 177.86672973632812	 255582.265625
18555934.0	 371.00433349609375	 171.3042449951172	 235488.75
18555876.0	 369.0210876464844	 181.4911651611328	 256097.3125
18555758.0	 370.8150939941406	 172.9250030517578	 248820.109375
18555702.0	 366.57891845703125	 177.7548065185547	 275472.40625
18555644.0	 371.0565185546875	 174.76983642578125	 247076.109375
18555586.0	 371.0285949707031	 174.18858337402344	 253142.328125
18555526.0	 371.4079895019531	 174.2255859375	 256771.203125
18555468.0	 377.05712890625	 203.00071716308594	 310848.25
18555410.0	 383.824462890625	 191.68487548828125	 351734.0
18555352.0	 384.4310607910156	 196.25119018554688	 362749.75
18555296.0	 387.70477294921875	 207.16172790527344	 360471.0625
18555236.0	 389.58807373046875	 195.6732940673828	 369418.125
18555178.0	 388.5437927246094	 197.65438842773438	 411421.59375
18555120.0	 383.3466796875	 211.32855224609375	 423588.21875
18555062.0	 392.069091796875	 205.00537109375	 406679.46875
18555004.0	 389.2135925292969	 189.79441833496094	 390196.84375
18554946.0	 389.3848571777344	 198.21368408203125	 383297.1875
18554888.0	 389.2133483886719	 190.7975616455078	 366730.21875
18554830.0	 388.4765930175781	 184.71255493164062	 348714.15625
18554772.0	 393.022705078125	 195.5257110595703	 365183.34375
18554714.0	 381.7422790527344	 204.90985107421875	 444159.3125
18554656.0	 385.9901123046875	 191.22265625	 462745.53125
18554598.0	 383.55706787109375	 185.5343017578125	 332749.90625
18554540.0	 387.9992980957031	 188.79953002929688	 344613.1875
18554482.0	 380.0851745605469	 203.69070434570312	 446537.78125
18554426.0	 383.84344482421875	 198.87059020996094	 343446.1875
18554366.0	 387.5772705078125	 193.66123962402344	 342428.75
18554308.0	 386.595458984375	 187.9237060546875	 347640.96875
18554250.0	 390.7457275390625	 193.70330810546875	 354708.53125
18554192.0	 386.6604309082031	 186.7842254638672	 382941.90625
18554134.0	 389.1359558105469	 212.39845275878906	 464110.21875
18554078.0	 383.13525390625	 198.32130432128906	 371892.375
18554020.0	 391.48272705078125	 198.5521240234375	 387749.28125
18553960.0	 391.7945251464844	 186.877197265625	 362034.46875
18553844.0	 398.4295654296875	 213.709716796875	 397862.75
18553784.0	 393.2957458496094	 211.40296936035156	 367106.1875
18553728.0	 388.54107666015625	 218.00469970703125	 392232.1875
18553670.0	 380.5643005371094	 207.91567993164062	 439991.3125
18553612.0	 391.7140197753906	 198.95892333984375	 367592.15625
18553554.0	 394.43499755859375	 198.07986450195312	 356875.96875
18553496.0	 392.52239990234375	 207.9816131591797	 349782.46875
18553438.0	 377.2054138183594	 196.80812072753906	 361312.5625
18553380.0	 385.14544677734375	 196.26632690429688	 325973.5625
18553322.0	 372.34814453125	 206.59747314453125	 361591.84375
18553264.0	 386.7313537597656	 186.24993896484375	 307816.53125
18553206.0	 368.3045349121094	 190.9445343017578	 329264.375
18553146.0	 374.9994812011719	 202.2483673095703	 330258.4375
18553092.0	 377.31622314453125	 187.23609924316406	 310670.90625
18553032.0	 385.7000732421875	 197.06317138671875	 336979.3125
18552972.0	 389.6033020019531	 196.87783813476562	 356724.375
18552916.0	 381.6434326171875	 201.23403930664062	 346487.75
18552856.0	 387.8907470703125	 203.24000549316406	 398932.4375
18552798.0	 390.29229736328125	 210.9557647705078	 347986.6875
18552742.0	 387.3180847167969	 215.05262756347656	 408179.46875
18552684.0	 397.3729248046875	 212.56068420410156	 412561.25
18552626.0	 384.595947265625	 197.91213989257812	 331301.25
18552566.0	 386.0284729003906	 193.38807678222656	 324759.4375
18552508.0	 392.2145690917969	 214.6151885986328	 408360.75
18552452.0	 387.5406494140625	 206.00680541992188	 358837.6875
18552394.0	 396.8470764160156	 204.19448852539062	 386993.6875
18552336.0	 384.3424072265625	 202.57879638671875	 433488.1875
18552278.0	 389.9756774902344	 202.20741271972656	 401129.53125
18552218.0	 406.29144287109375	 242.24227905273438	 498981.1875
18552160.0	 404.7335205078125	 232.20574951171875	 442305.40625
18552104.0	 385.06744384765625	 191.87747192382812	 312764.375
18552046.0	 384.9470520019531	 191.5409393310547	 310232.4375
18551930.0	 380.534423828125	 196.7803497314453	 303824.03125
18551870.0	 387.0057373046875	 191.92022705078125	 319881.4375
18551812.0	 387.3431091308594	 197.08094787597656	 348959.34375
18551756.0	 388.2937927246094	 200.78005981445312	 348728.65625
18551698.0	 392.1194763183594	 203.43479919433594	 367603.21875
18551640.0	 389.8980407714844	 198.18772888183594	 359024.90625
18551582.0	 385.04931640625	 217.54347229003906	 366550.34375
18551522.0	 390.2746276855469	 196.46218872070312	 335060.5
18551466.0	 384.1191711425781	 202.82159423828125	 335824.40625
18551408.0	 381.8812561035156	 195.359130859375	 359449.40625
18551350.0	 383.0680847167969	 190.54837036132812	 346142.25
18551292.0	 383.14984130859375	 182.72781372070312	 305113.875
18551234.0	 382.9411315917969	 184.1064453125	 276620.8125
18551176.0	 381.31072998046875	 184.5399169921875	 273662.9375
18551118.0	 376.2407531738281	 188.6978759765625	 284265.59375
18551060.0	 379.8377380371094	 189.70516967773438	 319331.1875
18551002.0	 385.96527099609375	 196.9365234375	 319359.96875
18550942.0	 379.6664733886719	 193.73777770996094	 288156.0625
18550884.0	 374.67218017578125	 186.3883056640625	 256979.390625
18550826.0	 371.8002014160156	 200.21812438964844	 325072.46875
18550770.0	 376.8415832519531	 195.79833984375	 310246.875
18550712.0	 376.666015625	 191.1558074951172	 267940.46875
18550654.0	 376.9427795410156	 190.55950927734375	 296447.59375
18550594.0	 370.59991455078125	 183.14260864257812	 261457.4375
18550420.0	 377.3011779785156	 198.41380310058594	 291303.59375
18550362.0	 368.3576354980469	 174.48599243164062	 228034.640625
18550306.0	 365.7992858886719	 173.2371826171875	 229764.40625
18550246.0	 370.1824035644531	 172.9376983642578	 228453.046875
18550188.0	 370.04833984375	 190.29415893554688	 308764.375
18550130.0	 371.4623107910156	 186.58090209960938	 271556.375
18550014.0	 373.1325378417969	 185.18212890625	 270429.5
18549956.0	 372.9786071777344	 198.665771484375	 272897.03125
18549898.0	 378.672607421875	 182.87730407714844	 285909.0
18549840.0	 372.49700927734375	 210.75302124023438	 330054.96875
18549666.0	 376.5508728027344	 192.09254455566406	 291725.71875
18549608.0	 377.67230224609375	 184.4864959716797	 271359.5
18549550.0	 377.0592041015625	 189.61888122558594	 267099.78125
18549492.0	 376.4977111816406	 190.1739501953125	 263353.125
18549434.0	 377.88427734375	 198.54876708984375	 287870.5
18549378.0	 378.2587890625	 201.06411743164062	 297901.8125
18549320.0	 381.16510009765625	 198.81094360351562	 301271.90625
18549260.0	 382.27471923828125	 209.96006774902344	 289226.875
18549202.0	 381.6720886230469	 197.3645477294922	 287243.46875
18549144.0	 380.199462890625	 197.23300170898438	 274543.375
18549086.0	 380.0800476074219	 193.89678955078125	 267556.09375
18549028.0	 377.2602844238281	 205.57876586914062	 295899.6875
18548972.0	 377.8946228027344	 205.89401245117188	 281389.96875
18548912.0	 381.8032531738281	 206.0267791748047	 271898.78125
18548854.0	 378.9135437011719	 191.42787170410156	 267409.3125
18548796.0	 377.3627624511719	 196.4294891357422	 285021.3125
18548736.0	 379.7549133300781	 211.57098388671875	 288586.5
18548680.0	 380.60284423828125	 195.45233154296875	 278802.9375
18548622.0	 381.9842224121094	 196.48666381835938	 281503.71875
18548564.0	 381.8921813964844	 200.0891876220703	 278890.59375
18548506.0	 382.4833679199219	 193.48851013183594	 278529.5
18548448.0	 379.68402099609375	 202.45506286621094	 279827.46875
18548390.0	 374.5455017089844	 195.80003356933594	 310699.84375
18548334.0	 380.3182678222656	 187.28872680664062	 278011.75
18548276.0	 380.1998291015625	 203.1332244873047	 276776.5625
18548216.0	 381.55206298828125	 217.5000762939453	 292971.84375
18548040.0	 384.2734680175781	 204.62081909179688	 293438.5625
18547984.0	 384.40625	 199.3110809326172	 290855.65625
18547926.0	 384.23876953125	 219.35121154785156	 294137.0
18547868.0	 382.2525939941406	 195.36729431152344	 290218.0625
18547810.0	 382.42828369140625	 209.65245056152344	 292585.09375
18547750.0	 381.6690673828125	 208.3870391845703	 287067.15625
18547692.0	 381.6571044921875	 208.23025512695312	 305422.15625
18547636.0	 379.6687316894531	 195.20114135742188	 288973.5625
18547578.0	 379.3210144042969	 196.7288360595703	 259974.328125
18547520.0	 382.10125732421875	 204.52432250976562	 306388.78125
18547462.0	 382.988525390625	 196.16244506835938	 293803.84375
18547404.0	 383.7707824707031	 192.67579650878906	 286323.09375
18547344.0	 384.6529235839844	 205.72256469726562	 284972.78125
18547288.0	 379.7235107421875	 187.3628387451172	 262972.0
18547114.0	 377.0110168457031	 204.2884979248047	 283963.53125
18547056.0	 378.1194152832031	 191.85354614257812	 290159.71875
18546998.0	 378.0000915527344	 194.4112548828125	 280896.78125
18546940.0	 378.268798828125	 193.69631958007812	 268572.09375
18546882.0	 378.52545166015625	 202.69888305664062	 285740.59375
18546824.0	 376.60418701171875	 194.16615295410156	 247141.0625
18546764.0	 370.3299560546875	 196.8620147705078	 307221.53125
18546706.0	 372.0143127441406	 183.1034698486328	 241237.125
18546650.0	 372.3179016113281	 180.0826873779297	 246704.546875
18546592.0	 374.46746826171875	 181.7275390625	 244172.640625
18546534.0	 373.9420166015625	 176.05276489257812	 235130.453125
18546476.0	 369.05987548828125	 177.81597900390625	 233040.734375
18546358.0	 374.3193359375	 197.2707977294922	 308373.0
18546300.0	 373.0498352050781	 194.1852264404297	 283690.6875
18546186.0	 378.5244445800781	 190.45089721679688	 261103.859375
18546128.0	 381.0126647949219	 189.28775024414062	 267696.71875
18546070.0	 379.36041259765625	 198.35577392578125	 299157.125
18546012.0	 380.8564453125	 197.71482849121094	 290560.34375
18527622.0	 379.873779296875	 170.02821350097656	 341010.96875
18527564.0	 386.1236572265625	 180.3590545654297	 372999.625
18526056.0	 374.9841613769531	 165.99114990234375	 280020.25
18524198.0	 371.2443542480469	 209.73834228515625	 353518.3125
18522344.0	 361.5661926269531	 173.8309326171875	 225350.71875
18520486.0	 371.8407287597656	 188.3297882080078	 235028.3125
18518630.0	 378.5562744140625	 182.8451385498047	 360157.78125
18516774.0	 380.60833740234375	 213.1788330078125	 356842.375
18514916.0	 361.2902526855469	 193.01651000976562	 373791.5
18513062.0	 380.3243408203125	 180.35934448242188	 265577.40625
18511204.0	 371.9018859863281	 174.96237182617188	 360719.59375
18509352.0	 359.68505859375	 181.32601928710938	 292845.9375
18507494.0	 362.595947265625	 178.04730224609375	 269503.53125
18507202.0	 378.27911376953125	 220.3272705078125	 359304.84375
18507144.0	 386.18548583984375	 244.7525634765625	 372436.59375
18507086.0	 402.9007568359375	 251.7794647216797	 417949.75
18507028.0	 404.1001892089844	 285.63287353515625	 560992.5625
18506972.0	 453.5250549316406	 261.64483642578125	 896568.9375
18506740.0	 422.4010009765625	 265.35003662109375	 601712.75
18506682.0	 449.3507995605469	 159.52711486816406	 742775.0
18506624.0	 432.241455078125	 238.00674438476562	 704536.5625
18506566.0	 406.50006103515625	 219.23284912109375	 526415.8125
18505782.0	 373.91693115234375	 190.0861358642578	 353823.125
18505754.0	 376.6119689941406	 195.4029998779297	 403115.84375
18505724.0	 378.5013427734375	 210.27610778808594	 415054.78125
18505696.0	 368.3188781738281	 190.7074737548828	 399247.125
18505666.0	 376.7280578613281	 206.0268096923828	 456147.375
18505638.0	 386.52557373046875	 182.40061950683594	 397722.15625
