START:	 56.80000000000054
END:	 56.90000000000054

r [km]	 vr [km/s]	 np [cm-3]	 T [K]
39515836.0	 290.5409851074219	 520.3302612304688	 74800.3203125
39515928.0	 290.2526550292969	 516.7728271484375	 74085.5625
39516016.0	 291.0152282714844	 518.9181518554688	 72661.640625
39516104.0	 291.24609375	 520.1658935546875	 74888.875
39516192.0	 290.8669128417969	 521.7393798828125	 76504.6328125
39516284.0	 291.58123779296875	 512.896484375	 70949.5625
39516372.0	 292.0668029785156	 505.1263122558594	 70417.3046875
39516464.0	 290.4037170410156	 516.139404296875	 75106.5546875
39516552.0	 290.8787536621094	 518.6156616210938	 75523.359375
39516640.0	 291.3457946777344	 523.1514892578125	 75566.6953125
39516732.0	 292.008056640625	 520.1422119140625	 78207.703125
39516820.0	 293.4744567871094	 524.5728149414062	 75489.65625
39516908.0	 292.1605529785156	 523.9742431640625	 78255.8515625
39516996.0	 292.9215393066406	 509.4085693359375	 74800.671875
39517092.0	 292.7906494140625	 516.1456909179688	 75565.3359375
39517180.0	 291.957275390625	 520.0431518554688	 78031.1328125
39517268.0	 292.67266845703125	 519.1363525390625	 75067.6796875
39517356.0	 292.4739074707031	 518.522216796875	 77333.1328125
39517448.0	 292.74383544921875	 518.3487548828125	 75308.7265625
39517536.0	 292.35516357421875	 520.527099609375	 76141.71875
39517624.0	 291.5302734375	 525.1383666992188	 78356.9375
39517712.0	 292.2470703125	 521.2838745117188	 76486.703125
39517800.0	 291.7177734375	 523.1145629882812	 77039.359375
39517892.0	 292.1625061035156	 515.7659301757812	 75958.9765625
39517984.0	 292.41583251953125	 518.9430541992188	 79334.609375
39518072.0	 292.558837890625	 515.5235595703125	 77712.0703125
39518160.0	 291.39788818359375	 519.130859375	 77793.875
39518252.0	 291.55657958984375	 523.6483764648438	 80193.1015625
39518340.0	 292.6646728515625	 517.0421752929688	 74913.015625
39518428.0	 292.24444580078125	 518.8956909179688	 76665.0
39518516.0	 293.0090026855469	 505.52728271484375	 72198.8359375
39518696.0	 293.3074035644531	 504.3165588378906	 69704.578125
39518784.0	 292.5618896484375	 515.2731323242188	 76063.1640625
39518872.0	 293.61029052734375	 503.0628662109375	 72768.5625
39518964.0	 293.1610412597656	 511.9800720214844	 72412.0703125
39519056.0	 292.6562805175781	 515.1425170898438	 75546.703125
39519140.0	 292.7483215332031	 517.84716796875	 75652.6328125
39519232.0	 292.624755859375	 514.7557373046875	 73850.4609375
39519320.0	 292.7900085449219	 513.0423583984375	 75554.75
39519412.0	 292.26910400390625	 515.3554077148438	 76762.390625
39519500.0	 291.8741149902344	 520.6124877929688	 76810.109375
39519592.0	 291.730224609375	 518.2279663085938	 76685.609375
39519680.0	 293.0882873535156	 511.3440246582031	 75178.859375
39519772.0	 293.07623291015625	 509.40704345703125	 75118.5390625
39519860.0	 291.63983154296875	 509.5828552246094	 75839.0
39519948.0	 292.0040588378906	 509.09521484375	 76584.3125
39520036.0	 291.2689208984375	 518.7987670898438	 78030.875
39520128.0	 291.4126281738281	 517.3529052734375	 80966.8046875
39520216.0	 292.5057678222656	 515.8252563476562	 75479.7109375
39520304.0	 293.2928161621094	 501.7232360839844	 70930.921875
39520392.0	 293.2886047363281	 502.34637451171875	 73206.1953125
39520480.0	 293.4992980957031	 508.8443603515625	 74849.7734375
39520572.0	 293.6427917480469	 505.2471008300781	 73665.296875
39520660.0	 293.70233154296875	 500.8976135253906	 73315.9296875
39520752.0	 294.2816162109375	 501.53125	 71985.9609375
39520840.0	 294.5838317871094	 498.8205871582031	 70303.734375
39520932.0	 292.9072265625	 510.680908203125	 73792.125
39521020.0	 294.4732971191406	 501.1354675292969	 71671.4453125
39521108.0	 294.3395690917969	 497.2792053222656	 70480.78125
39521196.0	 293.33563232421875	 495.00799560546875	 70843.6953125
39521288.0	 291.96881103515625	 511.84661865234375	 73793.1796875
39521376.0	 292.3821716308594	 504.34759521484375	 72507.4296875
39521464.0	 292.4679260253906	 510.6513671875	 76469.2421875
39521648.0	 291.94281005859375	 506.87335205078125	 75884.203125
39521732.0	 293.1512451171875	 504.3523254394531	 73488.0625
39521824.0	 293.0528869628906	 510.79718017578125	 75952.9375
39521912.0	 292.85821533203125	 509.9798583984375	 73903.875
39522000.0	 293.48126220703125	 499.6734619140625	 71988.8359375
39522092.0	 292.4300537109375	 505.2698974609375	 75073.640625
39522180.0	 292.34320068359375	 503.4368591308594	 73157.3046875
39522268.0	 291.67108154296875	 515.4834594726562	 72617.625
39522360.0	 292.2467346191406	 510.1262512207031	 67723.28125
39522448.0	 292.6781005859375	 508.5098571777344	 71039.0703125
39522540.0	 292.9056396484375	 505.7412414550781	 69317.4375
39522628.0	 292.1457824707031	 509.37945556640625	 73982.234375
39522716.0	 292.0537109375	 512.0401000976562	 70692.2265625
39522808.0	 292.96612548828125	 503.9337463378906	 68965.5625
39522896.0	 292.0106506347656	 511.50347900390625	 73748.046875
39522984.0	 292.2718200683594	 510.5069580078125	 71805.1484375
39523072.0	 292.56378173828125	 504.1026916503906	 69185.734375
39523160.0	 292.50482177734375	 507.4600524902344	 71288.6875
39523256.0	 292.7235412597656	 512.0814208984375	 71263.9296875
39523340.0	 292.4479675292969	 512.3521118164062	 73325.0546875
39523428.0	 292.7074890136719	 511.04241943359375	 71841.7734375
39523520.0	 292.46875	 510.5892028808594	 73539.9453125
39523612.0	 291.9737548828125	 505.3529052734375	 70636.2890625
39523700.0	 292.190185546875	 509.2560729980469	 70606.5234375
39523788.0	 292.3938903808594	 509.6140441894531	 72690.296875
39523876.0	 292.51983642578125	 504.5643005371094	 71775.34375
39523968.0	 292.8189392089844	 503.2971496582031	 71113.875
39524056.0	 292.4346008300781	 508.8096618652344	 73533.1640625
39524148.0	 292.2603454589844	 512.3804931640625	 73656.9296875
39524236.0	 293.00677490234375	 505.3605651855469	 70379.75
39524324.0	 292.47198486328125	 508.86456298828125	 69571.375
39524416.0	 291.9369812011719	 516.9161376953125	 74322.3828125
39524592.0	 293.2931213378906	 504.64666748046875	 68763.1796875
39524680.0	 292.7440490722656	 505.7047119140625	 72044.0625
39524772.0	 293.1517333984375	 510.208740234375	 70073.4296875
39524864.0	 293.71038818359375	 502.3288879394531	 69080.9375
39524948.0	 292.2426452636719	 512.0632934570312	 70455.203125
39525036.0	 291.8970642089844	 518.656982421875	 76587.0703125
39525132.0	 292.50958251953125	 510.37591552734375	 70222.984375
39525220.0	 291.01934814453125	 520.5663452148438	 75513.6875
39525304.0	 292.4132995605469	 509.62664794921875	 71844.375
39525396.0	 293.0248718261719	 509.0083923339844	 70268.3046875
39525484.0	 291.313720703125	 516.7633666992188	 74771.3125
39525576.0	 291.1790771484375	 521.7383422851562	 77071.6171875
39525664.0	 290.9096374511719	 521.6675415039062	 74537.59375
39525752.0	 292.33209228515625	 509.1017761230469	 71461.5625
39525844.0	 290.6071472167969	 522.5466918945312	 74596.59375
39525932.0	 292.3173522949219	 514.0718383789062	 72949.2265625
39526024.0	 292.8666687011719	 510.0152587890625	 70690.125
39526112.0	 292.83038330078125	 515.5676879882812	 72352.7890625
39526200.0	 293.03125	 505.3092956542969	 69749.390625
39526288.0	 293.9289245605469	 504.6409606933594	 69622.6953125
39526380.0	 291.7287902832031	 513.7443237304688	 73285.4375
39526468.0	 292.0760498046875	 520.6778564453125	 72487.6328125
39526560.0	 294.05963134765625	 509.017333984375	 71030.4375
39526644.0	 293.8768005371094	 499.8760681152344	 67565.6484375
39526740.0	 292.9334411621094	 499.37811279296875	 68139.46875
39526828.0	 291.15570068359375	 510.4019470214844	 73273.4140625
39526912.0	 291.0111389160156	 516.1167602539062	 71419.578125
39527004.0	 291.4187316894531	 513.080322265625	 70895.8203125
39527096.0	 291.21868896484375	 517.4442138671875	 72692.28125
39527184.0	 291.4903564453125	 509.5841064453125	 70903.5
39527272.0	 291.8281555175781	 515.6728515625	 73452.90625
39527360.0	 291.2464599609375	 512.7579345703125	 71569.28125
39527540.0	 291.2499084472656	 513.0951538085938	 72041.796875
39527632.0	 291.2008972167969	 514.1017456054688	 72423.890625
39527720.0	 290.89666748046875	 523.2291870117188	 76782.390625
39527808.0	 291.90594482421875	 517.7509155273438	 72989.140625
39527900.0	 291.8243103027344	 512.25146484375	 70857.9375
39527988.0	 291.52227783203125	 515.3561401367188	 71804.15625
39528076.0	 290.8367919921875	 518.4772338867188	 73405.8671875
39528164.0	 290.9408874511719	 511.5985412597656	 71992.4765625
39528252.0	 290.7547302246094	 519.3099365234375	 77078.671875
39528344.0	 290.81597900390625	 520.7971801757812	 74973.5
39528432.0	 291.08148193359375	 516.4583129882812	 73047.8046875
39528520.0	 290.90032958984375	 515.9752807617188	 73675.234375
39528608.0	 290.8401184082031	 511.46990966796875	 71710.6640625
39528700.0	 290.49200439453125	 515.3775024414062	 74192.84375
39528792.0	 290.9715576171875	 513.5751953125	 71684.546875
39528880.0	 290.71636962890625	 513.485595703125	 72880.8203125
39528968.0	 290.283203125	 516.8466186523438	 74102.1171875
39529060.0	 291.28314208984375	 513.6117553710938	 72659.8203125
39529148.0	 291.3251037597656	 513.1863403320312	 72199.015625
39529236.0	 290.7044372558594	 518.9096069335938	 72874.34375
39529328.0	 290.66363525390625	 515.3492431640625	 72200.6171875
39529416.0	 290.7785339355469	 510.8720703125	 72367.2890625
39529508.0	 289.765625	 524.178466796875	 78154.1875
39529596.0	 290.61431884765625	 514.5551147460938	 71247.5859375
39529684.0	 290.4364013671875	 515.229248046875	 74458.84375
39529772.0	 291.1813659667969	 511.7184753417969	 70265.8984375
39529864.0	 291.03973388671875	 512.7383422851562	 70684.1484375
39529952.0	 291.1719055175781	 510.48321533203125	 70179.6328125
39530040.0	 290.8221435546875	 512.208251953125	 70680.4765625
39530128.0	 290.8908996582031	 514.3809814453125	 71836.9765625
39530220.0	 291.2232666015625	 510.2060852050781	 70705.359375
39530308.0	 291.0411682128906	 512.2620849609375	 72948.4296875
39530488.0	 291.0758056640625	 508.5969543457031	 68272.1640625
39530576.0	 291.38702392578125	 510.0835876464844	 69635.0859375
39530668.0	 289.95281982421875	 525.5048217773438	 74403.8359375
39530756.0	 289.6888427734375	 520.1643676757812	 74771.4765625
39530844.0	 289.8519592285156	 517.2286987304688	 74874.34375
39530932.0	 290.6373291015625	 516.019775390625	 70845.671875
39531024.0	 291.07794189453125	 510.4492492675781	 71148.9296875
39531112.0	 291.0648498535156	 513.781982421875	 71680.1015625
39531204.0	 290.8929748535156	 513.4338989257812	 72908.4609375
39531292.0	 290.28814697265625	 520.2310791015625	 73361.578125
39531380.0	 290.97979736328125	 510.5932312011719	 71902.078125
39531472.0	 289.82177734375	 512.587890625	 69835.5078125
39531560.0	 289.65008544921875	 522.862548828125	 74072.6953125
39531652.0	 290.1256408691406	 520.8076782226562	 74446.0234375
39531736.0	 290.7644958496094	 521.0834350585938	 73036.765625
39531832.0	 289.53240966796875	 522.3728637695312	 74751.359375
39531920.0	 290.4665222167969	 521.0110473632812	 74371.375
39532008.0	 291.47265625	 515.8075561523438	 71437.8515625
39532096.0	 292.1916809082031	 503.5489807128906	 67515.5078125
39532184.0	 290.8661804199219	 521.8102416992188	 71922.4609375
39532276.0	 290.1052551269531	 520.4603881835938	 73219.421875
39532364.0	 290.96136474609375	 519.939208984375	 68799.375
39532452.0	 290.71905517578125	 518.2271118164062	 69542.3984375
39532540.0	 290.3349304199219	 523.1058959960938	 71722.2265625
39532632.0	 289.97613525390625	 520.4443969726562	 72205.0390625
39532720.0	 291.2306823730469	 518.3010864257812	 68957.328125
39532808.0	 290.7287902832031	 519.1629638671875	 71316.8359375
39532896.0	 290.56005859375	 518.9981689453125	 71380.234375
39532988.0	 290.5632019042969	 516.8311767578125	 71204.5078125
39533076.0	 290.2535705566406	 523.71435546875	 73029.046875
39533168.0	 290.5630187988281	 515.9346313476562	 70581.8046875
39533256.0	 290.3882141113281	 518.1448974609375	 70830.328125
39533436.0	 290.8975524902344	 513.0398559570312	 68249.59375
39533524.0	 290.3309631347656	 523.0560302734375	 70949.9453125
39533616.0	 290.2751159667969	 523.128173828125	 71558.7265625
39533704.0	 290.5522766113281	 516.4322509765625	 71550.5
39533792.0	 290.99676513671875	 515.530517578125	 72270.1484375
39533884.0	 291.5205383300781	 513.5031127929688	 69432.6484375
39533972.0	 292.3177490234375	 508.623291015625	 69100.0625
39534060.0	 292.3833923339844	 511.9197692871094	 68425.2890625
39534148.0	 292.2608947753906	 511.0089416503906	 69661.0859375
39534240.0	 292.6158142089844	 506.6222229003906	 68093.3046875
39534332.0	 292.53973388671875	 507.9669189453125	 68261.84375
39534416.0	 292.5146484375	 512.5193481445312	 67653.0703125
39534504.0	 292.43353271484375	 505.66357421875	 67607.2890625
39534596.0	 292.20709228515625	 505.4641418457031	 67948.625
39534688.0	 291.5912780761719	 518.2101440429688	 70805.1640625
39534776.0	 293.05975341796875	 510.4209289550781	 65795.3125
39534864.0	 294.2491760253906	 506.1303405761719	 65652.21875
39534952.0	 293.6723327636719	 504.0525817871094	 65421.3203125
39535044.0	 292.9541320800781	 507.105712890625	 66661.9375
39535132.0	 292.7417907714844	 508.9619140625	 66697.125
39535220.0	 293.815185546875	 501.93426513671875	 66741.1484375
39535312.0	 293.0905456542969	 505.8644714355469	 69359.015625
39535400.0	 292.9776916503906	 506.82366943359375	 69053.171875
39535488.0	 293.9542541503906	 506.084228515625	 69984.421875
39535580.0	 293.70648193359375	 516.6326293945312	 69967.0078125
39535668.0	 294.1178894042969	 508.29547119140625	 67072.7421875
39535756.0	 294.0741882324219	 506.0904235839844	 68605.71875
39535848.0	 292.96563720703125	 507.8659973144531	 69222.7578125
39535940.0	 293.203369140625	 505.1758117675781	 69694.609375
39536028.0	 293.332275390625	 503.0393981933594	 68718.234375
39536116.0	 292.9028015136719	 513.2988891601562	 68036.125
39536204.0	 292.7250061035156	 506.7386779785156	 68025.78125
39536384.0	 292.69171142578125	 501.0551452636719	 65896.828125
39536472.0	 292.76666259765625	 514.7853393554688	 70479.4453125
39536560.0	 293.0062561035156	 511.8630065917969	 69095.2734375
39536652.0	 293.1375732421875	 515.1986694335938	 70690.078125
39536740.0	 293.64117431640625	 510.5658264160156	 69657.6953125
39536832.0	 293.08984375	 510.0992126464844	 69581.890625
39536916.0	 293.3169250488281	 511.85107421875	 70441.2421875
39537004.0	 293.29827880859375	 507.5489807128906	 69428.484375
39537100.0	 293.18798828125	 510.40838623046875	 69184.6171875
39537188.0	 293.8279113769531	 510.1038513183594	 67292.78125
39537276.0	 294.6759338378906	 502.4346008300781	 67451.21875
39537364.0	 295.12945556640625	 503.6374206542969	 67194.4921875
39537456.0	 294.486328125	 505.2092590332031	 68871.6015625
39537544.0	 294.7244873046875	 504.2035827636719	 68828.0546875
39537632.0	 294.5087890625	 511.69512939453125	 69198.5078125
39537724.0	 295.3162536621094	 498.3868713378906	 66979.828125
39537812.0	 294.6578369140625	 503.91943359375	 69223.7265625
39537904.0	 294.9169921875	 504.1593322753906	 68563.3046875
39537992.0	 295.1145324707031	 505.9863586425781	 67115.4375
39538080.0	 295.5105895996094	 502.51470947265625	 65979.4296875
39538168.0	 295.0351257324219	 506.642578125	 69042.6640625
39538260.0	 295.3044738769531	 514.1312255859375	 68961.03125
39538352.0	 295.38507080078125	 500.9501953125	 65158.8046875
39538440.0	 295.4343566894531	 502.953857421875	 67209.3359375
39538528.0	 295.971923828125	 498.8869934082031	 64057.12890625
39538616.0	 296.1159973144531	 503.4867248535156	 67381.5625
39538708.0	 296.11163330078125	 507.2633056640625	 66834.8828125
39538796.0	 296.1315002441406	 505.1690673828125	 64927.97265625
39538884.0	 295.041015625	 509.1359558105469	 68730.015625
39538972.0	 294.94598388671875	 502.7589111328125	 65671.9609375
39539060.0	 294.6954040527344	 513.2064819335938	 67943.8671875
39539152.0	 294.7623291015625	 512.3041381835938	 67117.9453125
39539332.0	 296.2906799316406	 512.6432495117188	 65031.60546875
39539416.0	 294.91455078125	 516.484619140625	 68839.109375
39539512.0	 295.860595703125	 517.1793212890625	 67239.4609375
39539600.0	 295.2548522949219	 513.9555053710938	 67587.3046875
39539688.0	 295.22943115234375	 509.5735778808594	 66679.2109375
39539776.0	 294.9266357421875	 511.61871337890625	 68075.1640625
39539864.0	 294.7252197265625	 511.75372314453125	 67963.75
39539956.0	 294.7617492675781	 513.44287109375	 66732.2421875
39540044.0	 294.64727783203125	 510.1205139160156	 67617.2578125
39540132.0	 294.6030578613281	 509.353515625	 66837.140625
39540224.0	 294.4684753417969	 514.2197875976562	 69559.8671875
39540312.0	 296.2482604980469	 515.4247436523438	 70453.5703125
39540404.0	 296.7332458496094	 516.7424926757812	 71221.859375
39540492.0	 296.4225769042969	 517.7744750976562	 71876.15625
39540580.0	 296.64080810546875	 521.2401733398438	 70574.71875
39540672.0	 296.5021667480469	 513.8629760742188	 70117.1953125
39540760.0	 296.76361083984375	 518.6519165039062	 70685.015625
39540852.0	 296.6164855957031	 521.5114135742188	 68833.8828125
39540940.0	 296.6854553222656	 515.86376953125	 68242.890625
39541028.0	 295.9668884277344	 512.3931274414062	 69699.3125
39541120.0	 296.8055419921875	 512.1307373046875	 68295.1640625
39541208.0	 296.0507507324219	 514.951171875	 69368.609375
39541296.0	 295.97802734375	 518.1282348632812	 71940.90625
39541384.0	 296.59051513671875	 511.9525146484375	 69481.234375
39541472.0	 296.48980712890625	 513.2528076171875	 70233.0078125
39541564.0	 296.1315612792969	 513.1939086914062	 69063.9296875
39541652.0	 296.0462951660156	 519.6827392578125	 72545.234375
39541740.0	 296.0227355957031	 515.5004272460938	 71649.453125
39541832.0	 295.766357421875	 515.0790405273438	 73336.25
39541916.0	 296.2811584472656	 514.44287109375	 71179.421875
39542012.0	 296.00140380859375	 514.0660400390625	 70661.7109375
39542100.0	 296.685791015625	 514.3377075195312	 69489.5390625
39542276.0	 297.2138977050781	 510.1120300292969	 67847.5703125
39542368.0	 296.66424560546875	 512.1052856445312	 69380.7734375
39542456.0	 296.7969970703125	 513.456787109375	 69687.46875
39542544.0	 296.9366149902344	 515.61376953125	 69817.5234375
39542632.0	 297.38555908203125	 515.046630859375	 68569.40625
39542724.0	 297.4222106933594	 513.652587890625	 69154.9140625
39542812.0	 296.78759765625	 517.3702392578125	 73448.8046875
39542904.0	 296.9701232910156	 518.4791259765625	 71163.328125
39542992.0	 297.10345458984375	 517.6080932617188	 69914.7421875
39543080.0	 296.9350280761719	 516.6488647460938	 71751.1796875
39543172.0	 296.83831787109375	 513.1932373046875	 69249.1796875
39543260.0	 297.1849365234375	 512.3432006835938	 69387.6328125
39543348.0	 297.9257507324219	 511.4237365722656	 68599.4765625
39543440.0	 297.15826416015625	 517.294921875	 72490.3984375
39543528.0	 297.23834228515625	 514.112060546875	 71861.859375
39543620.0	 296.8221740722656	 512.6572875976562	 69100.7109375
39543708.0	 295.94110107421875	 510.99395751953125	 70744.296875
39543796.0	 296.0238952636719	 511.9770202636719	 67925.421875
39543884.0	 295.9368896484375	 512.5599365234375	 69655.7109375
39543972.0	 296.549560546875	 513.581298828125	 68948.6015625
39544064.0	 297.2125549316406	 514.6566772460938	 69183.765625
39544152.0	 297.9700622558594	 504.8664855957031	 65892.9921875
39544244.0	 297.4319152832031	 510.9064025878906	 68219.609375
39544332.0	 297.97979736328125	 511.39385986328125	 69021.2890625
39544424.0	 297.50103759765625	 516.20068359375	 68382.4375
39544512.0	 297.1476745605469	 511.5752258300781	 68585.6484375
39544600.0	 296.59197998046875	 509.4358825683594	 69221.1953125
39544688.0	 297.20318603515625	 515.7691040039062	 69747.4296875
39544776.0	 296.67791748046875	 514.9995727539062	 69081.5390625
39544868.0	 297.15142822265625	 510.6197204589844	 65493.07421875
39544956.0	 297.8135070800781	 509.8811950683594	 65209.3203125
39545044.0	 298.3701171875	 507.72637939453125	 66055.9609375
39545220.0	 299.6856994628906	 504.27996826171875	 63867.95703125
39545316.0	 299.5370788574219	 505.18890380859375	 65982.015625
39545404.0	 299.56695556640625	 512.04638671875	 66232.65625
39545492.0	 299.70318603515625	 505.68505859375	 64902.3046875
39545580.0	 299.1285095214844	 508.6204528808594	 66345.0546875
39545672.0	 299.5151672363281	 509.8809814453125	 63645.03515625
39545764.0	 299.3325500488281	 502.916015625	 65727.3203125
39545852.0	 299.87225341796875	 507.266845703125	 66203.9140625
39545936.0	 299.90966796875	 503.0451965332031	 64249.39453125
39546028.0	 299.4375	 505.5198669433594	 66349.40625
39546120.0	 299.7698059082031	 509.1612854003906	 67410.3671875
39546208.0	 299.97674560546875	 505.9354248046875	 65099.25390625
39546296.0	 300.11981201171875	 505.3006896972656	 65100.25
39546384.0	 300.60064697265625	 503.5365905761719	 65144.26171875
39546476.0	 300.67938232421875	 500.3037414550781	 65511.375
39546564.0	 299.9175720214844	 504.3822326660156	 65993.515625
39546656.0	 300.3589782714844	 504.06964111328125	 65439.83984375
39546744.0	 300.2247619628906	 510.4317932128906	 67350.8203125
39546832.0	 300.42254638671875	 510.62615966796875	 66906.4296875
39546924.0	 300.7673034667969	 507.50640869140625	 66166.1640625
39547012.0	 300.376220703125	 504.6329040527344	 67003.2421875
39547100.0	 300.25213623046875	 509.6639099121094	 69356.875
39547188.0	 300.27679443359375	 509.3409423828125	 67577.3203125
39547276.0	 300.64312744140625	 513.6055908203125	 68269.1640625
39547372.0	 300.6734313964844	 504.2555236816406	 66235.34375
39547456.0	 300.8749694824219	 505.789306640625	 66488.328125
39547544.0	 300.6996765136719	 510.4365234375	 67174.6796875
39547636.0	 300.5390625	 508.643798828125	 66807.421875
39547724.0	 299.9540100097656	 508.51385498046875	 67417.015625
39547816.0	 300.1080017089844	 510.37884521484375	 67915.1328125
39547904.0	 300.0414733886719	 506.8135986328125	 68389.0703125
39547992.0	 300.2494812011719	 505.97467041015625	 67001.9375
39548172.0	 299.9136962890625	 505.4001770019531	 66026.7578125
39548264.0	 299.97900390625	 514.2968139648438	 67138.640625
39548352.0	 300.3502502441406	 508.1936950683594	 67059.90625
39548440.0	 300.1412353515625	 505.07470703125	 67752.484375
39548528.0	 299.9509582519531	 509.342041015625	 69549.9921875
39548620.0	 300.8641662597656	 510.6457824707031	 69218.65625
39548708.0	 300.9476013183594	 507.00079345703125	 68996.5390625
39548796.0	 301.0284118652344	 510.3374938964844	 68752.359375
39548884.0	 301.5033264160156	 504.6043395996094	 66827.6640625
39548972.0	 300.4483947753906	 512.4622192382812	 69961.03125
39549064.0	 300.6473693847656	 504.2162780761719	 67506.3828125
39549156.0	 300.1195983886719	 510.31939697265625	 70307.4296875
39549244.0	 300.820556640625	 505.5316467285156	 66783.6953125
39549332.0	 300.0385437011719	 507.6197814941406	 67086.5625
39549424.0	 299.6097412109375	 507.85284423828125	 67961.125
39549512.0	 300.12237548828125	 509.5361633300781	 67437.609375
39549600.0	 299.6387939453125	 506.83026123046875	 68733.2734375
39549688.0	 299.588623046875	 506.4715270996094	 66978.2890625
39549776.0	 299.90234375	 504.6656188964844	 67595.15625
39549868.0	 298.9864807128906	 512.3795776367188	 68988.3359375
39549956.0	 299.1264953613281	 511.30718994140625	 67988.15625
39550048.0	 299.01080322265625	 507.3054504394531	 68964.8671875
39550136.0	 298.6358642578125	 517.1023559570312	 69632.5390625
39550224.0	 298.6878662109375	 513.6197509765625	 68966.78125
39550316.0	 299.0009460449219	 508.1964416503906	 66063.6171875
39550404.0	 298.5416564941406	 514.42919921875	 67986.265625
39550496.0	 298.38848876953125	 515.2329711914062	 69901.5390625
39550584.0	 298.21966552734375	 516.74853515625	 71137.8203125
39550672.0	 298.35955810546875	 517.9974975585938	 68945.7265625
39550764.0	 298.5271911621094	 512.1730346679688	 68623.515625
39550852.0	 298.5235595703125	 510.8218688964844	 69438.4609375
39550940.0	 298.1954650878906	 515.45263671875	 70836.4921875
39551120.0	 298.16766357421875	 511.3046569824219	 70486.078125
39551208.0	 298.0890808105469	 517.9612426757812	 72203.2734375
39551296.0	 297.92864990234375	 520.8014526367188	 71967.5078125
39551388.0	 298.4982604980469	 513.995849609375	 69069.5859375
39551476.0	 297.7572326660156	 515.7703247070312	 71950.484375
39551568.0	 298.1591491699219	 510.3922119140625	 68082.234375
39551656.0	 297.6823425292969	 519.474365234375	 69006.0703125
39551744.0	 298.4975891113281	 511.4381103515625	 67723.4453125
39551832.0	 298.2591552734375	 516.1227416992188	 70489.15625
39551920.0	 298.384765625	 514.6200561523438	 69728.1875
39552012.0	 298.6618347167969	 511.4081726074219	 69330.59375
39552100.0	 298.7262268066406	 512.4666748046875	 68064.140625
39552188.0	 298.4812316894531	 515.5529174804688	 69643.40625
39552280.0	 299.03546142578125	 506.4897155761719	 65980.375
39552364.0	 298.53125	 520.4852905273438	 69008.296875
39552460.0	 298.7655029296875	 509.6275329589844	 69102.1796875
39552548.0	 299.28265380859375	 502.55535888671875	 65023.76953125
39552636.0	 299.0547180175781	 508.4746398925781	 66485.7265625
39552724.0	 298.3401794433594	 510.6454162597656	 67510.953125
39552816.0	 299.1180114746094	 507.2882080078125	 66578.4765625
39552908.0	 299.4759826660156	 508.9414978027344	 66776.5390625
39552996.0	 298.7916259765625	 510.0846862792969	 67402.7578125
39553084.0	 299.22833251953125	 508.2356262207031	 67293.8125
39553172.0	 299.142333984375	 512.9204711914062	 67728.8984375
39553264.0	 298.8312072753906	 512.6946411132812	 67136.421875
39553352.0	 299.1123962402344	 515.3838500976562	 67809.609375
39553440.0	 298.6592102050781	 515.564697265625	 67683.671875
39553528.0	 298.428955078125	 515.5924682617188	 69543.3125
39553616.0	 298.7925720214844	 515.388916015625	 69098.0390625
39553712.0	 298.8077087402344	 513.5147705078125	 68227.9453125
39553800.0	 299.1899719238281	 513.5517578125	 68071.1640625
39553884.0	 299.1492614746094	 506.7599792480469	 66454.21875
39554064.0	 298.4529724121094	 506.0496520996094	 64775.125
39554156.0	 298.12890625	 508.9678039550781	 68365.4921875
39554244.0	 298.0376892089844	 509.7530517578125	 67539.9375
39554332.0	 297.99456787109375	 511.644287109375	 67685.1171875
39554420.0	 298.2420349121094	 508.4558410644531	 65629.90625
39554512.0	 298.1856994628906	 513.2723999023438	 66237.96875
39554604.0	 298.4894714355469	 512.7386474609375	 68035.25
39554692.0	 298.38525390625	 509.0391845703125	 67262.78125
39554780.0	 298.7502136230469	 511.2847900390625	 66451.453125
39554868.0	 298.7113952636719	 511.4376220703125	 66765.9609375
39554960.0	 298.47186279296875	 507.8532409667969	 67058.1171875
39555048.0	 298.5810852050781	 511.214111328125	 66099.3046875
39555136.0	 298.7513122558594	 506.20916748046875	 66167.4609375
39555228.0	 299.2301330566406	 509.93359375	 65755.2421875
39555316.0	 299.04107666015625	 505.72637939453125	 65603.15625
39555408.0	 298.84442138671875	 506.1072998046875	 65119.578125
39555496.0	 298.5787048339844	 513.5098876953125	 67998.3671875
39555584.0	 299.235107421875	 510.56292724609375	 67441.2578125
39555672.0	 299.03326416015625	 506.4499206542969	 65224.7109375
39555764.0	 298.96417236328125	 508.08258056640625	 65605.1328125
39555852.0	 299.2017822265625	 511.5372314453125	 68148.2421875
39555944.0	 299.3943176269531	 506.4532165527344	 67009.9921875
39556032.0	 299.8414306640625	 503.3666076660156	 64134.296875
39556120.0	 298.9749755859375	 507.52447509765625	 68222.5859375
39556208.0	 298.314697265625	 510.6922607421875	 67413.921875
39556300.0	 298.5779113769531	 511.6333923339844	 68925.640625
39556388.0	 299.00872802734375	 512.0032958984375	 66418.3515625
39556476.0	 299.57696533203125	 507.1409606933594	 66308.9765625
39556564.0	 300.1021423339844	 506.15460205078125	 65206.390625
39556652.0	 299.6905212402344	 507.2925720214844	 66283.8203125
39556744.0	 298.71343994140625	 515.3377685546875	 69940.921875
39556836.0	 299.2479248046875	 512.864990234375	 68596.4140625
39557008.0	 300.0953674316406	 502.0616149902344	 64590.06640625
39557100.0	 300.7045593261719	 510.3619689941406	 68146.921875
39557192.0	 300.21295166015625	 507.2796325683594	 67834.359375
39557284.0	 300.716796875	 502.88720703125	 65727.15625
39557372.0	 301.0464782714844	 503.6268615722656	 65942.1015625
39557456.0	 301.15643310546875	 499.8963317871094	 66485.25
39557552.0	 300.50311279296875	 500.6341247558594	 65009.87890625
39557640.0	 298.6602478027344	 512.8400268554688	 73084.578125
39557728.0	 301.391845703125	 496.3090515136719	 65326.10546875
39557816.0	 299.6841125488281	 505.8707580566406	 69098.65625
39557904.0	 299.7756042480469	 505.5328063964844	 68302.390625
39557996.0	 300.2215881347656	 499.41583251953125	 66220.0078125
39558084.0	 299.92425537109375	 501.6844177246094	 66787.0078125
39558176.0	 300.032470703125	 500.6763916015625	 67883.4296875
39558260.0	 300.10968017578125	 504.314208984375	 66774.9296875
39558352.0	 299.4827880859375	 503.4170837402344	 67798.484375
39558444.0	 300.86029052734375	 500.47308349609375	 64941.09765625
39558532.0	 300.09796142578125	 504.6139831542969	 66769.8984375
39558620.0	 299.82623291015625	 501.9425354003906	 67976.921875
39558708.0	 300.1864318847656	 499.1418151855469	 66965.1484375
39558796.0	 300.22119140625	 499.3930358886719	 65179.453125
39558888.0	 299.18121337890625	 505.8060302734375	 70230.125
39558980.0	 299.17755126953125	 510.3722229003906	 70439.8984375
39559064.0	 300.1192626953125	 504.0381774902344	 67167.9765625
39559152.0	 299.8090515136719	 501.1880187988281	 66438.9609375
39559244.0	 299.64031982421875	 503.78619384765625	 68486.21875
39559336.0	 299.49603271484375	 504.8869934082031	 68158.03125
39559424.0	 299.4337158203125	 508.0259094238281	 67788.71875
39559512.0	 299.64776611328125	 506.4272766113281	 67916.9296875
39559600.0	 299.76116943359375	 505.377685546875	 67855.5703125
39559692.0	 299.8980712890625	 503.98419189453125	 66433.5078125
39559784.0	 299.9221496582031	 505.6158447265625	 67142.0546875
39559960.0	 300.31207275390625	 500.295166015625	 66309.2734375
39560048.0	 300.4643249511719	 500.2928771972656	 66159.125
39560136.0	 300.09564208984375	 509.3073425292969	 70481.0078125
39560228.0	 300.8724365234375	 503.76324462890625	 68312.546875
39560316.0	 300.2427062988281	 504.32757568359375	 68955.3125
39560404.0	 299.4734802246094	 509.913818359375	 71728.640625
39560492.0	 299.64105224609375	 506.93438720703125	 69225.796875
39560584.0	 300.3892822265625	 495.53179931640625	 64075.55078125
39560672.0	 300.0705261230469	 501.7430725097656	 66998.0859375
39560764.0	 299.8564147949219	 505.39324951171875	 68339.359375
39560852.0	 300.0466003417969	 496.15484619140625	 66845.4453125
39560940.0	 300.0030822753906	 499.3719482421875	 66557.21875
39561032.0	 300.1874084472656	 505.5939025878906	 67754.7734375
39561120.0	 300.3573303222656	 498.2030944824219	 67143.5078125
39561208.0	 300.2835693359375	 501.647705078125	 67175.5859375
39561296.0	 300.3716125488281	 498.9725036621094	 66734.171875
39561388.0	 300.1200866699219	 500.448974609375	 68288.2890625
39561476.0	 300.9244689941406	 501.9563903808594	 68110.640625
39561568.0	 301.0807189941406	 500.2874450683594	 66532.9765625
39561656.0	 300.3210754394531	 505.0250244140625	 69140.109375
39561744.0	 300.3044738769531	 505.442138671875	 68384.21875
39561836.0	 299.95843505859375	 505.968017578125	 67745.296875
39561924.0	 299.98211669921875	 510.0074768066406	 69913.4453125
39562016.0	 300.3660583496094	 502.7349548339844	 69504.234375
39562104.0	 300.2076721191406	 504.5105895996094	 70004.4375
39562192.0	 300.351806640625	 506.0635070800781	 69215.8125
39562280.0	 299.7975158691406	 506.2632751464844	 70683.0625
39562372.0	 300.93682861328125	 496.3960266113281	 66183.5
39562460.0	 300.82080078125	 502.951416015625	 68795.453125
39562548.0	 300.7070007324219	 505.6315002441406	 71300.75
39562636.0	 301.4284362792969	 496.1654968261719	 66193.9296875
39562728.0	 300.2776184082031	 506.4048156738281	 70249.4765625
39562908.0	 301.32330322265625	 497.8365478515625	 65156.79296875
39562996.0	 300.86151123046875	 507.27545166015625	 69930.6640625
39563084.0	 301.2457580566406	 499.59063720703125	 66534.25
39563172.0	 301.19000244140625	 500.86395263671875	 66505.953125
39563264.0	 301.636962890625	 501.4490051269531	 68503.1328125
39563352.0	 300.72955322265625	 507.9570617675781	 70244.6875
39563440.0	 301.3140563964844	 502.25482177734375	 67706.7421875
39563528.0	 301.18524169921875	 502.0294494628906	 66704.0390625
39563620.0	 300.26898193359375	 508.664794921875	 71442.6484375
39563712.0	 301.2255859375	 504.0057373046875	 68122.1015625
39563800.0	 301.10101318359375	 503.5818176269531	 67501.1640625
39563888.0	 300.84014892578125	 504.03143310546875	 67798.2734375
39563976.0	 300.8566589355469	 504.1743469238281	 70969.1875
39564064.0	 301.4669189453125	 502.8539733886719	 67743.7578125
39564160.0	 300.9665832519531	 510.70843505859375	 69821.265625
39564248.0	 301.1504211425781	 502.0783386230469	 67864.703125
39564336.0	 300.6828918457031	 504.8876953125	 72839.8671875
39564424.0	 300.9261779785156	 504.6037292480469	 69847.8046875
39564512.0	 301.1874694824219	 507.77056884765625	 71205.5625
39564604.0	 300.9955139160156	 507.1438903808594	 71461.8203125
39564692.0	 301.330810546875	 503.37548828125	 70704.546875
39564780.0	 300.65130615234375	 506.61822509765625	 71037.84375
39564872.0	 301.0334167480469	 501.79290771484375	 68397.796875
39564960.0	 301.0920104980469	 504.16546630859375	 69817.1484375
39565052.0	 300.77606201171875	 501.0890197753906	 70018.46875
39565140.0	 301.2713317871094	 502.8641357421875	 69875.90625
39565228.0	 300.9563903808594	 508.0666809082031	 69371.53125
39565316.0	 300.2498474121094	 507.6906433105469	 70250.765625
39565404.0	 300.6906433105469	 506.9916076660156	 68840.9609375
39565496.0	 300.84991455078125	 510.94757080078125	 70952.59375
39565584.0	 300.7792053222656	 510.569091796875	 73309.1484375
39565672.0	 301.7444763183594	 498.8230285644531	 67612.40625
39565852.0	 302.1844177246094	 492.5062561035156	 64048.0234375
39565944.0	 301.91204833984375	 503.66473388671875	 69388.0625
39566032.0	 302.16168212890625	 500.2688293457031	 66663.9921875
39566120.0	 301.9520263671875	 498.84576416015625	 66227.828125
39566208.0	 302.44891357421875	 498.83563232421875	 65996.1640625
39566296.0	 301.8815002441406	 497.6427307128906	 66046.5078125
39566388.0	 301.0206604003906	 502.5527648925781	 68159.03125
39566480.0	 300.7894592285156	 504.9962463378906	 69955.828125
39566568.0	 300.9661865234375	 504.3724060058594	 69775.8125
39566656.0	 301.09063720703125	 508.2508850097656	 72048.9921875
39566744.0	 300.9729919433594	 512.5474853515625	 73235.6796875
39566836.0	 301.3728332519531	 505.21429443359375	 69021.8671875
39566924.0	 302.11334228515625	 501.898193359375	 67669.7109375
39567016.0	 300.7612609863281	 514.7658081054688	 76062.8125
39567104.0	 301.5039978027344	 504.0916748046875	 70439.6875
39567192.0	 301.68316650390625	 504.5142822265625	 68979.5390625
39567280.0	 301.4444274902344	 503.0172424316406	 69292.09375
39567372.0	 301.2130126953125	 509.3091125488281	 70026.2265625
39567460.0	 301.1936340332031	 507.2004699707031	 70812.953125
39567548.0	 301.30572509765625	 510.47601318359375	 71459.8359375
39567640.0	 301.5135192871094	 505.49359130859375	 69097.03125
39567728.0	 301.6872863769531	 506.7504577636719	 68681.234375
39567816.0	 301.6658935546875	 508.322509765625	 69420.953125
39567908.0	 301.84124755859375	 503.6771545410156	 68181.4921875
39567996.0	 301.99432373046875	 505.51611328125	 68237.4453125
39568084.0	 301.48797607421875	 507.7384033203125	 69045.984375
39568176.0	 301.7098388671875	 504.06884765625	 69189.8359375
39568264.0	 301.46417236328125	 506.09747314453125	 68617.4375
39568352.0	 301.84326171875	 499.2645263671875	 65390.9609375
39568440.0	 301.19525146484375	 504.74346923828125	 68705.0703125
39568528.0	 302.1763916015625	 498.1311340332031	 67360.9375
39568620.0	 301.1101989746094	 509.1158752441406	 69976.609375
39568800.0	 301.9527893066406	 501.0570373535156	 66900.1328125
39568888.0	 301.4294738769531	 501.5428771972656	 68891.625
39568976.0	 301.45208740234375	 506.6163330078125	 69088.984375
39569068.0	 302.1186828613281	 498.3125915527344	 68596.2265625
39569156.0	 301.7161560058594	 506.7113037109375	 69262.46875
39569244.0	 302.3322448730469	 499.572021484375	 67442.7890625
39569336.0	 302.4276123046875	 498.9952087402344	 68470.25
39569424.0	 301.6131896972656	 507.0672302246094	 72266.6953125
39569516.0	 302.1057434082031	 500.98785400390625	 69656.6328125
39569604.0	 301.95068359375	 501.7589111328125	 71372.3125
39569692.0	 302.2604064941406	 502.3493957519531	 71987.3828125
39569780.0	 302.0569763183594	 500.26080322265625	 70610.7734375
39569868.0	 302.0578918457031	 503.310302734375	 68628.2109375
39569960.0	 301.9790344238281	 503.1921691894531	 71068.1015625
39570048.0	 301.5240478515625	 504.6072998046875	 72352.96875
39570140.0	 302.3701477050781	 499.9725036621094	 70197.2734375
39570228.0	 302.05029296875	 504.988525390625	 72469.46875
39570316.0	 302.2080993652344	 506.939453125	 70883.6796875
39570408.0	 302.16162109375	 505.2081604003906	 72971.6484375
39570496.0	 302.0335388183594	 503.54425048828125	 72491.390625
39570584.0	 302.2248840332031	 498.5581970214844	 69337.359375
39570672.0	 302.0196838378906	 503.6699523925781	 72979.90625
39570760.0	 301.83056640625	 508.6529541015625	 71156.109375
39570852.0	 301.797607421875	 508.3678283691406	 72690.703125
39570940.0	 301.4947509765625	 507.9072570800781	 72289.046875
39571032.0	 301.2210693359375	 508.10772705078125	 71430.890625
39571120.0	 300.87225341796875	 512.3196411132812	 70645.1640625
39571208.0	 300.7209777832031	 512.8450927734375	 73125.9140625
39571300.0	 301.01544189453125	 512.3432006835938	 70844.90625
39571388.0	 300.8500671386719	 511.1900939941406	 71112.1328125
39571480.0	 300.67218017578125	 514.3108520507812	 73603.8203125
39571568.0	 300.70648193359375	 513.15966796875	 72812.203125
39571744.0	 301.1276550292969	 507.9152526855469	 70602.1328125
39571836.0	 301.63671875	 509.34228515625	 70101.9140625
39571924.0	 301.6578063964844	 510.3564758300781	 77576.109375
39572012.0	 302.2168884277344	 499.3818054199219	 72210.6953125
39572100.0	 302.58392333984375	 506.365234375	 73546.1796875
39572192.0	 302.80010986328125	 499.976806640625	 71580.7265625
39572284.0	 302.35784912109375	 505.0921936035156	 73637.390625
39572372.0	 301.2796936035156	 509.447265625	 76824.6015625
39572460.0	 301.8348388671875	 509.0379638671875	 71200.0390625
39572548.0	 301.8460693359375	 513.851806640625	 72329.1953125
39572636.0	 302.006591796875	 507.1463928222656	 72840.15625
39572728.0	 302.50189208984375	 504.7738952636719	 69709.9375
39572816.0	 301.7354736328125	 506.2953796386719	 71145.3515625
39572904.0	 301.6011962890625	 509.191650390625	 73727.984375
39572992.0	 302.03265380859375	 508.2987060546875	 71447.078125
39573084.0	 301.8212890625	 508.38580322265625	 71194.9765625
39573176.0	 302.10968017578125	 509.1549377441406	 70722.03125
39573264.0	 301.982421875	 510.73944091796875	 71520.8046875
39573352.0	 301.7359619140625	 513.0802001953125	 72399.3203125
39573440.0	 301.6195373535156	 509.4497375488281	 72019.1953125
39573528.0	 301.9563903808594	 509.49652099609375	 71705.796875
39573624.0	 301.862548828125	 512.8406982421875	 73811.9140625
39573712.0	 301.4964904785156	 515.128173828125	 76367.71875
39573800.0	 301.8162841796875	 505.4810791015625	 70187.734375
39573888.0	 301.7847595214844	 505.41351318359375	 72460.4375
39573976.0	 301.567626953125	 510.59722900390625	 70616.9296875
39574068.0	 301.94537353515625	 509.2894287109375	 71525.3046875
39574156.0	 301.3040466308594	 513.7835083007812	 74030.7421875
39574244.0	 301.4254455566406	 511.2435302734375	 73602.75
39574332.0	 301.93817138671875	 500.8773498535156	 68362.5859375
39574420.0	 301.5093994140625	 505.7294616699219	 67124.171875
39574516.0	 301.5667419433594	 502.50775146484375	 65719.3984375
39574692.0	 301.4712829589844	 495.5272216796875	 65385.37890625
39574780.0	 300.9798278808594	 502.93475341796875	 69309.5390625
39574868.0	 301.2175598144531	 500.1134338378906	 68593.9140625
39574956.0	 301.5178527832031	 499.8177490234375	 66195.2734375
39575052.0	 301.7740173339844	 497.9945068359375	 65676.1640625
39575136.0	 301.5668640136719	 498.94598388671875	 65385.3515625
39575224.0	 301.6525573730469	 506.1968688964844	 66121.7890625
39575316.0	 301.17633056640625	 500.6000061035156	 67114.578125
39575404.0	 301.2679748535156	 503.2662048339844	 66314.890625
39575496.0	 301.4090881347656	 505.0972595214844	 66927.2890625
39575584.0	 301.41778564453125	 497.011474609375	 63640.4453125
39575672.0	 300.45263671875	 511.5696716308594	 71016.5546875
39575760.0	 301.31597900390625	 506.1329650878906	 66703.125
39575852.0	 301.4295654296875	 505.1263732910156	 67380.921875
39575944.0	 301.6206359863281	 506.32757568359375	 66636.484375
39576032.0	 302.0337829589844	 502.1857604980469	 66132.5859375
39576120.0	 301.5353698730469	 510.5114440917969	 69014.9296875
39576208.0	 302.2790832519531	 504.09619140625	 66014.03125
39576296.0	 302.6691589355469	 498.1491394042969	 65412.13671875
39576392.0	 302.0255432128906	 502.0558166503906	 66202.234375
39576476.0	 302.26806640625	 503.27838134765625	 65419.328125
39576568.0	 301.75543212890625	 506.2510070800781	 67593.8828125
39576656.0	 301.9029235839844	 499.7115783691406	 65825.84375
39576744.0	 301.439697265625	 502.425537109375	 67174.328125
39576836.0	 301.83758544921875	 503.3935852050781	 66850.265625
39576924.0	 301.4198303222656	 509.74273681640625	 69407.4453125
39577012.0	 302.0042419433594	 507.02801513671875	 68494.125
39577100.0	 302.671630859375	 504.65936279296875	 66413.0859375
39577192.0	 302.3700866699219	 501.3735046386719	 66559.4140625
39577280.0	 302.5323791503906	 498.73187255859375	 65764.515625
39577372.0	 302.02398681640625	 507.0359802246094	 67924.9921875
39577460.0	 302.1121826171875	 504.68695068359375	 67740.9140625
39577636.0	 301.84954833984375	 501.55438232421875	 65715.21875
39577724.0	 300.8587951660156	 508.1308898925781	 68996.625
39577816.0	 300.3297424316406	 509.21405029296875	 69424.796875
39577904.0	 300.95928955078125	 505.80010986328125	 67336.6796875
39577992.0	 301.25469970703125	 503.30755615234375	 68216.75
39578084.0	 301.4712829589844	 503.5528869628906	 67158.7578125
39578172.0	 301.29058837890625	 503.5132751464844	 67993.9609375
39578264.0	 300.9909973144531	 505.374755859375	 68068.578125
39578352.0	 301.4122619628906	 510.1937561035156	 68134.03125
39578444.0	 301.3363037109375	 510.92840576171875	 71758.234375
39578532.0	 301.7673645019531	 506.6194152832031	 71223.546875
39578620.0	 301.80572509765625	 499.9853515625	 67676.21875
39578712.0	 301.5499572753906	 503.7665100097656	 70935.9296875
39578800.0	 301.6607666015625	 501.2755126953125	 65282.2109375
39578888.0	 301.4328308105469	 501.0590515136719	 67322.203125
39578976.0	 301.31719970703125	 507.0472717285156	 67963.5390625
39579064.0	 301.87042236328125	 499.75872802734375	 67776.015625
39579156.0	 301.0654602050781	 508.4448547363281	 66969.5859375
39579244.0	 301.5087585449219	 503.1653137207031	 66050.9375
39579336.0	 303.77996826171875	 497.26593017578125	 64310.0625
39579424.0	 302.6622009277344	 492.1318664550781	 63743.328125
39579512.0	 300.717529296875	 505.7367248535156	 66734.546875
39579600.0	 300.3518981933594	 504.2434387207031	 66802.171875
39579692.0	 301.1098937988281	 505.4562072753906	 65933.1640625
39579780.0	 300.1962890625	 509.5025634765625	 69952.359375
39579868.0	 301.9347839355469	 497.90667724609375	 65846.734375
39579960.0	 301.62957763671875	 501.5201721191406	 65415.07421875
39580048.0	 301.1336669921875	 506.41644287109375	 67715.7421875
39580136.0	 301.4668884277344	 503.51312255859375	 66391.390625
39580224.0	 302.48162841796875	 504.8885498046875	 67673.640625
39580316.0	 302.3835144042969	 500.00286865234375	 67372.859375
39580404.0	 302.2404479980469	 495.6785888671875	 65875.1015625
39580584.0	 303.1287536621094	 499.35797119140625	 66245.671875
39580672.0	 303.5462341308594	 495.72259521484375	 63727.21484375
39580764.0	 304.3454284667969	 496.302978515625	 64845.23046875
39580852.0	 305.0787658691406	 492.0513000488281	 65045.4609375
39580940.0	 301.9660339355469	 496.2249755859375	 65454.37109375
39581028.0	 301.8537292480469	 506.37652587890625	 68779.0078125
39581120.0	 302.35394287109375	 507.7488098144531	 68113.6640625
39581208.0	 302.1654052734375	 501.9588623046875	 66220.7109375
39581296.0	 302.28448486328125	 499.8822021484375	 65398.328125
39581388.0	 301.9219055175781	 498.098388671875	 67288.7265625
39581472.0	 301.54400634765625	 502.0763854980469	 65844.0
39581568.0	 300.574951171875	 506.43280029296875	 67974.2578125
39581656.0	 301.0833435058594	 501.0660400390625	 68446.21875
39581744.0	 300.84051513671875	 505.6838073730469	 68497.5703125
39581832.0	 301.23468017578125	 503.1053466796875	 65853.5078125
39581920.0	 301.9075012207031	 499.4651184082031	 64692.91015625
39582012.0	 301.3016357421875	 505.56109619140625	 67905.65625
39582100.0	 301.388427734375	 507.7940368652344	 67805.84375
39582192.0	 301.01202392578125	 502.55865478515625	 67401.296875
39582280.0	 301.85308837890625	 500.61419677734375	 66551.765625
39582368.0	 302.03411865234375	 500.5495300292969	 66927.46875
39582460.0	 301.8980407714844	 496.2304992675781	 66183.859375
39582548.0	 301.5355529785156	 499.14984130859375	 66956.2734375
39582636.0	 301.0699462890625	 509.6178894042969	 68799.0078125
39582724.0	 301.96142578125	 501.7628173828125	 67152.859375
39582816.0	 301.76959228515625	 503.5999755859375	 68404.5234375
39582904.0	 301.0034484863281	 503.3238525390625	 66825.3203125
39582996.0	 301.1236572265625	 507.0542907714844	 67197.1796875
39583084.0	 300.85552978515625	 508.1866149902344	 69408.3125
39583172.0	 301.2393493652344	 509.3322448730469	 67422.640625
39583264.0	 300.91015625	 507.7662658691406	 67819.6640625
39583352.0	 301.5560607910156	 505.1860046386719	 67162.6796875
39583532.0	 301.125	 499.46002197265625	 65290.7421875
39583620.0	 301.508056640625	 510.7156677246094	 69569.5859375
39583708.0	 301.86395263671875	 507.3343200683594	 66462.3359375
39583796.0	 301.82269287109375	 501.9764404296875	 66026.1171875
39583888.0	 302.1385498046875	 502.1538391113281	 66040.5859375
39583976.0	 302.4709777832031	 500.2462158203125	 64666.38671875
39584068.0	 300.994140625	 509.2216491699219	 69012.6640625
39584156.0	 301.1565856933594	 510.1250915527344	 70146.2265625
39584244.0	 301.6689453125	 505.5456237792969	 68051.5234375
39584332.0	 301.8804931640625	 507.29486083984375	 67183.515625
39584424.0	 302.1851806640625	 502.0581359863281	 65445.50390625
39584512.0	 302.04742431640625	 508.8212890625	 67367.8984375
39584600.0	 302.2350769042969	 502.7945861816406	 66680.46875
39584688.0	 302.7008361816406	 499.7101135253906	 65086.74609375
39584780.0	 301.73541259765625	 501.871337890625	 66937.0703125
39584868.0	 302.0311279296875	 506.3594970703125	 68754.140625
39584956.0	 301.345458984375	 508.47686767578125	 67543.0859375
39585048.0	 301.68408203125	 503.1210021972656	 66072.3125
39585136.0	 302.2330017089844	 501.04815673828125	 65884.421875
39585224.0	 301.70245361328125	 509.3088073730469	 69540.3046875
39585316.0	 302.472412109375	 506.4565734863281	 67031.3125
