START:	 37.20000000000026
END:	 37.30000000000026

r [km]	 vr [km/s]	 np [cm-3]	 T [K]
25949594.0	 309.9891662597656	 276.6966247558594	 292909.46875
25949492.0	 311.9788513183594	 309.4766540527344	 284741.0
25949446.0	 310.54803466796875	 238.8648223876953	 265998.75
25949170.0	 320.0480041503906	 237.17559814453125	 422908.28125
25949144.0	 320.732177734375	 250.9792022705078	 373902.5
25949120.0	 323.6810302734375	 237.80638122558594	 337290.96875
25949092.0	 324.8287658691406	 218.53070068359375	 280518.8125
25948944.0	 326.6102600097656	 302.8148193359375	 355004.71875
25948892.0	 325.7435302734375	 274.786376953125	 371207.875
25948868.0	 327.9273681640625	 346.0812683105469	 508059.40625
25948846.0	 324.6603698730469	 231.79637145996094	 357380.1875
25948794.0	 324.86981201171875	 250.58421325683594	 431882.75
25948770.0	 320.6798400878906	 256.8948059082031	 378372.28125
25948742.0	 316.35003662109375	 288.3326416015625	 421219.5
25948718.0	 311.2452697753906	 251.7006072998047	 311953.9375
25948692.0	 319.56182861328125	 300.73651123046875	 367969.59375
25948668.0	 310.3086242675781	 255.67962646484375	 208869.921875
25948644.0	 319.1999816894531	 269.9439392089844	 398192.40625
25948594.0	 318.840576171875	 261.7897644042969	 375804.4375
25948570.0	 305.63922119140625	 266.5055847167969	 333448.71875
25948542.0	 319.0411682128906	 249.2182159423828	 351568.84375
25948518.0	 308.9940490722656	 256.32122802734375	 294200.65625
25948492.0	 318.89276123046875	 285.1072692871094	 392661.59375
25948468.0	 309.33245849609375	 292.9294128417969	 388921.875
25948418.0	 302.5098571777344	 273.42852783203125	 241834.640625
25948394.0	 317.1897888183594	 221.63670349121094	 252824.34375
25948194.0	 308.6046447753906	 310.8429870605469	 372250.90625
25947916.0	 316.5155944824219	 253.70120239257812	 274392.40625
25947890.0	 317.5946044921875	 430.63055419921875	 378226.6875
25947842.0	 314.0823669433594	 260.0084228515625	 383482.78125
25947816.0	 313.9169006347656	 208.716796875	 247105.328125
25947768.0	 304.3302917480469	 293.92999267578125	 328213.1875
25947692.0	 311.2890930175781	 211.24378967285156	 173843.28125
25947666.0	 319.5446472167969	 295.4873046875	 303784.875
25947594.0	 316.7302551269531	 332.3283386230469	 373046.53125
25947518.0	 319.24261474609375	 253.77618408203125	 363792.3125
25947242.0	 313.77716064453125	 279.1324768066406	 357953.125
25947216.0	 317.8323059082031	 244.5205535888672	 319668.65625
25946942.0	 186.72711181640625	 43.927955627441406	 1458.0411376953125
25946892.0	 341.8821105957031	 246.05433654785156	 365852.6875
25946792.0	 303.4670715332031	 258.0916442871094	 291694.8125
25946766.0	 316.3330993652344	 258.31878662109375	 293229.21875
25946642.0	 241.20010375976562	 38.82938766479492	 9856.0712890625
25946540.0	 323.1108703613281	 347.986328125	 363397.0
25946466.0	 321.6348876953125	 281.56842041015625	 389219.34375
25946442.0	 244.1804656982422	 51.292076110839844	 13768.3720703125
25946416.0	 317.23040771484375	 244.8202667236328	 425517.15625
25946266.0	 314.1540832519531	 291.6594543457031	 415542.71875
25946242.0	 307.3875427246094	 254.46778869628906	 316335.0625
25946216.0	 312.78399658203125	 237.93878173828125	 387439.09375
25946090.0	 315.7052307128906	 255.24183654785156	 356957.5
25946066.0	 319.74212646484375	 240.70669555664062	 304111.1875
25946042.0	 323.9292297363281	 249.95401000976562	 328646.25
25945940.0	 319.781005859375	 218.01296997070312	 336035.375
25945918.0	 316.2124328613281	 232.7376708984375	 318671.875
25945768.0	 320.7988586425781	 243.68902587890625	 339363.65625
25945666.0	 305.65509033203125	 268.7825622558594	 280639.375
25945540.0	 308.79449462890625	 249.32318115234375	 342337.4375
25945516.0	 314.941162109375	 261.02532958984375	 415996.15625
25945490.0	 315.0816955566406	 243.2112579345703	 312485.40625
25945466.0	 314.3985900878906	 229.64370727539062	 347071.90625
25945340.0	 322.5798645019531	 232.6717529296875	 354013.6875
25945318.0	 319.60009765625	 225.8022003173828	 331457.6875
25945290.0	 324.2622985839844	 235.88087463378906	 336695.03125
25945266.0	 323.9110412597656	 222.4398651123047	 292764.6875
25945242.0	 325.742431640625	 220.79080200195312	 337533.78125
25945216.0	 333.5528869628906	 194.201416015625	 265191.8125
25945190.0	 325.5455627441406	 235.08921813964844	 321657.59375
25945164.0	 315.236328125	 240.03970336914062	 359814.0
25945138.0	 324.1287536621094	 220.89346313476562	 424758.90625
25945116.0	 325.24273681640625	 244.99435424804688	 383581.28125
25945066.0	 338.0505065917969	 191.00167846679688	 242459.453125
25945040.0	 343.1949462890625	 220.48973083496094	 385435.875
25945014.0	 339.6662902832031	 232.99755859375	 403077.9375
25944990.0	 330.4555969238281	 236.67015075683594	 324193.25
25944964.0	 339.0892639160156	 230.08787536621094	 322691.5625
25944940.0	 341.7187194824219	 237.13636779785156	 291444.65625
25944916.0	 345.91888427734375	 249.9779510498047	 342405.25
25944740.0	 313.1900939941406	 285.9803771972656	 500488.03125
25944614.0	 312.8464660644531	 211.5310821533203	 267978.25
25944590.0	 316.79388427734375	 231.45632934570312	 333186.53125
25944490.0	 311.39141845703125	 234.6741485595703	 349705.09375
25944464.0	 305.321044921875	 228.73851013183594	 378003.65625
25944362.0	 312.33990478515625	 234.87840270996094	 386085.65625
25944314.0	 316.8218078613281	 236.0000762939453	 377104.875
25944290.0	 319.21856689453125	 224.8865203857422	 362379.875
25944264.0	 317.91448974609375	 221.47019958496094	 342057.4375
25944214.0	 310.5185241699219	 246.76547241210938	 410027.3125
25944190.0	 317.9133605957031	 235.083984375	 370307.46875
25944116.0	 305.65997314453125	 262.20953369140625	 405756.0625
25944090.0	 300.23577880859375	 221.82666015625	 252582.8125
25944064.0	 310.08154296875	 235.5547637939453	 360799.5625
25943964.0	 315.8160705566406	 225.3853759765625	 343417.53125
25943838.0	 325.5779113769531	 201.33331298828125	 305007.875
25943814.0	 321.2946472167969	 229.4215850830078	 369360.8125
25943762.0	 309.89178466796875	 188.29681396484375	 222938.234375
25943738.0	 324.7413635253906	 203.98379516601562	 296942.0
25943714.0	 315.2555847167969	 226.03933715820312	 356029.46875
25943590.0	 326.83038330078125	 214.52731323242188	 296507.71875
25943388.0	 321.48968505859375	 199.30123901367188	 283972.59375
25943362.0	 320.5351257324219	 232.45037841796875	 349052.1875
25943338.0	 321.8903503417969	 217.49546813964844	 362999.1875
25943314.0	 326.7806396484375	 225.25228881835938	 314299.625
25943288.0	 324.0577392578125	 203.50563049316406	 304133.75
25943264.0	 310.13653564453125	 266.9068603515625	 455815.0
25943238.0	 334.89483642578125	 215.23440551757812	 366262.28125
25943114.0	 316.1938781738281	 230.82217407226562	 366859.0625
25943088.0	 314.80694580078125	 228.90773010253906	 361981.96875
25943064.0	 304.24456787109375	 206.3181915283203	 153699.453125
25942964.0	 317.96356201171875	 228.9586944580078	 291611.75
25942938.0	 328.79083251953125	 220.0967559814453	 322237.3125
25942888.0	 321.7739562988281	 253.71681213378906	 385758.625
25942864.0	 318.4013366699219	 230.22213745117188	 356283.59375
25942836.0	 330.6172180175781	 219.81578063964844	 351414.6875
25942762.0	 316.3046875	 192.45217895507812	 195316.453125
25942738.0	 326.8438415527344	 213.82275390625	 359696.375
25942712.0	 324.4543151855469	 235.70132446289062	 333660.3125
25942638.0	 314.56951904296875	 206.42367553710938	 245324.859375
25942590.0	 324.860107421875	 203.65664672851562	 301254.5625
25942562.0	 326.93548583984375	 223.3411102294922	 326765.0625
25942540.0	 316.4453125	 221.35833740234375	 332012.15625
25942462.0	 323.341796875	 227.6725616455078	 338980.34375
25942438.0	 318.2154846191406	 257.8954162597656	 377100.09375
25942414.0	 319.1620178222656	 239.1260986328125	 351527.3125
25942360.0	 311.46746826171875	 215.9178466796875	 317079.4375
25942088.0	 318.7278137207031	 226.73731994628906	 371624.96875
25941986.0	 320.7235107421875	 212.65122985839844	 307363.71875
25941938.0	 320.56170654296875	 244.35621643066406	 342399.46875
25941914.0	 317.3597717285156	 232.85845947265625	 403492.75
25941810.0	 320.9489440917969	 262.2017822265625	 466861.84375
25941712.0	 316.7826843261719	 224.4432830810547	 321295.8125
25941686.0	 318.3684997558594	 245.0033416748047	 368466.75
25941662.0	 331.6796569824219	 222.18630981445312	 285614.4375
25941612.0	 334.3450012207031	 217.51910400390625	 308050.03125
25941586.0	 330.1580810546875	 235.37185668945312	 423658.5625
25941538.0	 316.66162109375	 245.69406127929688	 404544.125
25941512.0	 330.9534912109375	 244.63479614257812	 361708.6875
25941488.0	 342.7641906738281	 238.9689178466797	 431465.4375
25941438.0	 348.3890380859375	 223.42845153808594	 441557.28125
25941338.0	 346.7977600097656	 224.8372802734375	 493724.25
25941288.0	 348.4010009765625	 217.3657989501953	 406287.3125
25941260.0	 343.7073974609375	 240.5174560546875	 477502.65625
25941236.0	 348.8844909667969	 230.8770751953125	 439714.375
25941210.0	 348.132568359375	 223.20301818847656	 449544.1875
25941184.0	 342.341796875	 225.96624755859375	 475782.71875
25941060.0	 337.5478515625	 238.68264770507812	 483951.5625
25941036.0	 341.2098693847656	 226.5084991455078	 453689.03125
25941012.0	 346.6981201171875	 245.07281494140625	 433001.34375
25940986.0	 334.51092529296875	 209.99449157714844	 357612.0625
25940962.0	 340.6630554199219	 223.6227569580078	 369103.3125
25940938.0	 344.71026611328125	 214.4617919921875	 388744.09375
25940912.0	 345.38604736328125	 207.78634643554688	 390498.53125
25940836.0	 330.6291198730469	 210.24801635742188	 340806.53125
25940812.0	 331.66717529296875	 213.20855712890625	 359994.625
25940786.0	 329.8210754394531	 231.083984375	 440037.90625
25940762.0	 339.7400817871094	 219.31521606445312	 382841.75
25940710.0	 342.059814453125	 209.8376922607422	 398676.40625
25940686.0	 340.7572326660156	 248.71966552734375	 405451.28125
25940660.0	 332.1275634765625	 257.13885498046875	 477759.15625
25940636.0	 328.5373840332031	 214.20376586914062	 323575.59375
25940612.0	 342.8520202636719	 216.06411743164062	 426393.28125
25940584.0	 339.7342529296875	 252.51918029785156	 453723.03125
25940562.0	 322.24627685546875	 232.1947479248047	 393084.3125
25940536.0	 323.9698486328125	 210.88250732421875	 359441.4375
25940510.0	 332.54901123046875	 195.26734924316406	 320353.59375
25940486.0	 327.4107971191406	 218.4763946533203	 348880.4375
25940386.0	 327.5812072753906	 232.8843231201172	 361143.71875
25940362.0	 318.2160949707031	 256.298828125	 463625.15625
25940288.0	 337.792236328125	 232.33309936523438	 412229.78125
25940260.0	 325.73101806640625	 233.92288208007812	 428991.6875
25940212.0	 323.03778076171875	 261.7425537109375	 403818.9375
25940184.0	 338.870361328125	 224.447021484375	 359967.03125
25940162.0	 337.8157958984375	 233.20864868164062	 380548.21875
25940110.0	 342.5605773925781	 227.2722625732422	 396723.625
25940086.0	 343.0796813964844	 233.95082092285156	 391099.125
25940060.0	 342.25799560546875	 234.7136688232422	 396854.625
25940034.0	 349.2926940917969	 211.27989196777344	 382314.78125
25939984.0	 341.62518310546875	 217.46676635742188	 299854.53125
25939886.0	 261.9743957519531	 64.6751708984375	 35613.03125
25939860.0	 346.56085205078125	 246.3286590576172	 403061.25
25939836.0	 345.4304504394531	 227.60772705078125	 430426.90625
25939810.0	 352.781494140625	 225.0885467529297	 385093.5625
25939784.0	 352.32025146484375	 221.4000701904297	 409495.78125
25939760.0	 365.2326354980469	 203.26171875	 352206.875
25939734.0	 357.5621337890625	 214.68466186523438	 433647.375
25939712.0	 356.4885559082031	 221.9742889404297	 398491.84375
25939686.0	 354.73004150390625	 215.5970458984375	 413221.875
25939660.0	 362.98431396484375	 210.8428497314453	 372911.34375
25939636.0	 359.65643310546875	 199.70948791503906	 369776.125
25939610.0	 349.372314453125	 230.62911987304688	 447807.6875
25939584.0	 364.93505859375	 197.77781677246094	 355311.9375
25939560.0	 361.5345153808594	 209.39324951171875	 392131.0625
25939534.0	 353.85931396484375	 227.13040161132812	 437831.09375
25939510.0	 356.2248229980469	 211.36183166503906	 457045.78125
25939484.0	 356.2538146972656	 229.26637268066406	 437060.25
25939460.0	 373.46905517578125	 203.12962341308594	 363982.90625
25939434.0	 364.818359375	 195.70010375976562	 310187.1875
25939408.0	 372.92755126953125	 195.2490234375	 329191.375
25939386.0	 374.322021484375	 200.72813415527344	 375171.0
25939360.0	 369.0677795410156	 199.4143829345703	 338206.21875
25939336.0	 365.8837585449219	 213.72438049316406	 448414.25
25939310.0	 374.9433288574219	 202.77662658691406	 452225.875
25939284.0	 378.66107177734375	 194.27523803710938	 366996.65625
25939260.0	 380.9964599609375	 197.81887817382812	 476487.65625
25939234.0	 368.2428894042969	 205.656494140625	 401421.0
25939208.0	 369.4522705078125	 193.22286987304688	 321524.90625
25939186.0	 362.8554992675781	 213.5978546142578	 385248.34375
25939162.0	 363.52545166015625	 206.19061279296875	 402814.5
25939134.0	 346.8692626953125	 223.30137634277344	 396163.21875
25939110.0	 343.537109375	 216.7769775390625	 401476.65625
25939060.0	 340.48590087890625	 241.04470825195312	 460949.6875
25939036.0	 347.3853454589844	 226.04774475097656	 432571.28125
25939008.0	 349.64837646484375	 224.27073669433594	 326003.875
25938984.0	 345.7201232910156	 216.6230010986328	 362937.03125
25938958.0	 344.925048828125	 226.48373413085938	 425420.46875
25938934.0	 344.6030578613281	 235.42283630371094	 454988.1875
25938910.0	 342.82147216796875	 228.4630584716797	 398839.4375
25938884.0	 342.3699951171875	 233.72500610351562	 391779.46875
25938860.0	 348.74072265625	 218.09434509277344	 333870.3125
25938808.0	 343.09954833984375	 242.3490447998047	 404357.65625
25938786.0	 349.65411376953125	 235.57965087890625	 345358.53125
25938760.0	 327.9166259765625	 265.515380859375	 450827.8125
25938734.0	 346.0469665527344	 235.47897338867188	 393791.9375
25938710.0	 348.3405456542969	 225.32574462890625	 355128.34375
25938684.0	 346.3370056152344	 207.05572509765625	 339687.4375
25938658.0	 334.216796875	 248.96958923339844	 393260.28125
25938636.0	 339.07952880859375	 253.7664794921875	 510221.21875
25938608.0	 346.5627746582031	 230.94662475585938	 367030.90625
25938584.0	 343.85076904296875	 218.22605895996094	 393658.46875
25938558.0	 343.47967529296875	 243.2198486328125	 415722.0
25938534.0	 336.0207214355469	 221.82659912109375	 355276.03125
25938408.0	 332.2689514160156	 246.7797393798828	 431188.5625
25938384.0	 338.35784912109375	 218.0056610107422	 369608.53125
25938358.0	 330.04583740234375	 230.27796936035156	 366974.25
25938334.0	 331.9885559082031	 225.4188995361328	 350341.375
25938310.0	 343.0572814941406	 217.91421508789062	 367438.71875
25938284.0	 332.4000549316406	 251.28866577148438	 393860.75
25938232.0	 343.6475830078125	 241.19297790527344	 353271.09375
25938208.0	 343.43487548828125	 244.02708435058594	 422035.28125
25938186.0	 336.58270263671875	 241.73094177246094	 372626.15625
25938158.0	 350.0015869140625	 206.41490173339844	 324239.65625
25938134.0	 342.444580078125	 252.3277130126953	 419343.21875
25938108.0	 338.6427307128906	 255.47500610351562	 410177.84375
25938082.0	 335.7700500488281	 256.61273193359375	 419747.25
25938058.0	 328.3240661621094	 237.02218627929688	 351089.40625
25938034.0	 331.9268493652344	 212.4694061279297	 297873.75
25938010.0	 333.7722473144531	 252.95675659179688	 402624.53125
25937984.0	 330.0581359863281	 251.52870178222656	 349000.59375
25937934.0	 345.88079833984375	 252.46942138671875	 380177.34375
25937906.0	 339.5630187988281	 265.5565490722656	 405089.84375
25937882.0	 335.7453918457031	 255.80596923828125	 383829.28125
25937784.0	 337.51593017578125	 251.1155242919922	 415687.21875
25937758.0	 332.8835144042969	 245.57472229003906	 360698.78125
25937734.0	 344.9162902832031	 223.11972045898438	 354940.4375
25937708.0	 347.1849365234375	 212.85202026367188	 335088.8125
25937684.0	 339.3413391113281	 237.82444763183594	 354586.28125
25937658.0	 343.65972900390625	 237.33909606933594	 421754.5625
25937632.0	 342.5672912597656	 244.8509063720703	 404181.65625
25937610.0	 338.2264099121094	 229.76356506347656	 322677.78125
25937582.0	 334.3141784667969	 234.63034057617188	 370448.09375
25937558.0	 345.2961120605469	 236.15087890625	 393607.0625
25937534.0	 341.3914489746094	 228.63919067382812	 373435.0
25937484.0	 343.6213073730469	 244.3514404296875	 424219.0
25937458.0	 346.9342956542969	 229.71331787109375	 330362.96875
25937332.0	 344.63458251953125	 239.11851501464844	 381945.0
25937232.0	 347.1418762207031	 245.9623260498047	 406407.3125
25937208.0	 350.5617370605469	 239.63902282714844	 400117.5625
25937182.0	 352.5040283203125	 249.6572723388672	 420131.25
25937058.0	 348.8966979980469	 248.9561767578125	 417210.84375
25937032.0	 353.1000671386719	 222.22291564941406	 317678.3125
25937010.0	 353.9217224121094	 236.74107360839844	 343158.375
25936984.0	 342.88385009765625	 254.80474853515625	 418264.0625
25936906.0	 351.7461853027344	 224.9793243408203	 330139.09375
25936882.0	 357.7070007324219	 214.59768676757812	 281800.0625
25936856.0	 348.376220703125	 241.49290466308594	 375715.59375
25936834.0	 340.718994140625	 265.098876953125	 448044.0625
25936808.0	 351.07330322265625	 242.23443603515625	 369287.6875
25936732.0	 347.8431091308594	 250.548095703125	 402501.875
25936706.0	 353.16650390625	 236.88992309570312	 386376.3125
25936682.0	 249.47128295898438	 34.1749382019043	 12204.20703125
25936406.0	 343.7846984863281	 254.57530212402344	 398704.5
25936384.0	 349.7469482421875	 257.39019775390625	 401511.46875
25936358.0	 356.18505859375	 209.17843627929688	 280443.25
25936332.0	 345.2855224609375	 237.2892608642578	 384017.3125
25936130.0	 350.6037292480469	 277.46307373046875	 425388.1875
25936106.0	 345.6794738769531	 239.7603302001953	 400064.96875
25936032.0	 348.5472412109375	 231.7589569091797	 366627.9375
25936006.0	 349.0394592285156	 247.01885986328125	 409620.40625
25935958.0	 347.9386291503906	 248.09791564941406	 403761.53125
25935932.0	 350.1972351074219	 249.40467834472656	 402752.4375
25935906.0	 347.107177734375	 249.57044982910156	 444298.15625
25935882.0	 350.2064514160156	 238.64263916015625	 413218.84375
25935806.0	 348.9437561035156	 238.33889770507812	 424288.03125
25935758.0	 346.4381408691406	 231.10670471191406	 381229.6875
25935732.0	 357.183349609375	 221.2685546875	 362634.5
25935632.0	 352.7138977050781	 222.9210662841797	 359698.53125
25935606.0	 339.8155212402344	 253.61366271972656	 482760.21875
25935582.0	 348.1051025390625	 234.81524658203125	 373939.46875
25935556.0	 356.46246337890625	 210.95860290527344	 318749.03125
25935530.0	 346.46295166015625	 233.9185028076172	 388399.71875
25935506.0	 355.85931396484375	 222.26524353027344	 332124.5
25935480.0	 352.8310852050781	 219.6597137451172	 360611.5
25935456.0	 352.21844482421875	 229.2894287109375	 351011.03125
25935432.0	 346.4999084472656	 248.76744079589844	 417577.125
25935406.0	 344.2549133300781	 250.2211151123047	 430421.71875
25935356.0	 352.7334289550781	 243.62710571289062	 299580.84375
25935332.0	 350.7017822265625	 227.41000366210938	 348999.375
25935256.0	 349.0599365234375	 239.04373168945312	 397518.625
25935230.0	 348.2312316894531	 227.9490509033203	 416862.09375
25935208.0	 337.251953125	 264.6170654296875	 444694.28125
25935156.0	 347.2468566894531	 224.42486572265625	 351161.6875
25935104.0	 345.96337890625	 232.66241455078125	 351351.25
25935080.0	 337.0255126953125	 268.3859558105469	 424291.4375
25935030.0	 353.8149108886719	 257.65380859375	 353889.75
25934930.0	 338.88836669921875	 241.32310485839844	 417601.625
25934880.0	 333.2572021484375	 251.45022583007812	 449416.84375
25934856.0	 346.83514404296875	 226.752685546875	 370917.8125
25934830.0	 344.64715576171875	 229.5933837890625	 378200.90625
25934806.0	 348.3729248046875	 228.552490234375	 365897.0625
25934782.0	 339.893798828125	 227.73423767089844	 326988.09375
25934756.0	 347.6803283691406	 237.78501892089844	 418351.34375
25934730.0	 347.413330078125	 233.65155029296875	 423119.15625
25934706.0	 353.45904541015625	 225.09669494628906	 408567.53125
25934680.0	 349.52947998046875	 237.8430938720703	 401884.21875
25934658.0	 352.3343200683594	 232.79415893554688	 394774.90625
25934630.0	 352.1655578613281	 222.22225952148438	 365016.34375
25934606.0	 343.1344909667969	 240.57833862304688	 425039.25
25934580.0	 347.4385070800781	 237.28964233398438	 399878.65625
25934556.0	 352.4233703613281	 213.97882080078125	 323568.5625
25934530.0	 340.4872741699219	 231.53004455566406	 449382.625
25934504.0	 349.01226806640625	 238.06124877929688	 397854.84375
25934480.0	 343.1153869628906	 225.99879455566406	 398290.21875
25934456.0	 342.9395751953125	 241.87493896484375	 421601.09375
25934404.0	 345.256591796875	 238.09559631347656	 449882.9375
25934380.0	 354.5806884765625	 231.09335327148438	 403015.71875
25934356.0	 352.1320495605469	 240.72933959960938	 396924.40625
25934330.0	 354.7511291503906	 226.86300659179688	 383906.53125
25934304.0	 349.7992248535156	 247.38168334960938	 419291.84375
25934280.0	 350.077880859375	 242.14215087890625	 418700.96875
25934254.0	 351.4454040527344	 278.63214111328125	 423950.0
25934228.0	 355.5621337890625	 219.26759338378906	 363180.25
25934206.0	 350.8926696777344	 230.34072875976562	 411834.84375
25934180.0	 365.8205261230469	 223.05406188964844	 330075.6875
25934156.0	 360.4195251464844	 237.91165161132812	 392783.8125
25934104.0	 356.6365966796875	 216.2003631591797	 302382.1875
25933954.0	 351.8544616699219	 247.83692932128906	 410761.09375
25933928.0	 348.9505310058594	 246.96847534179688	 386209.21875
25933880.0	 344.48370361328125	 254.96131896972656	 401181.875
25933854.0	 343.5783386230469	 251.67572021484375	 389519.84375
25933830.0	 346.6890869140625	 259.3804626464844	 333477.65625
25933806.0	 344.4939270019531	 278.89044189453125	 404003.1875
25933704.0	 356.8556823730469	 218.8865966796875	 292221.9375
25933680.0	 344.32672119140625	 252.5270538330078	 353435.84375
25933654.0	 341.6273193359375	 244.71939086914062	 359897.96875
25933630.0	 341.5398864746094	 260.931884765625	 382215.46875
25933404.0	 334.5074157714844	 264.77862548828125	 481916.21875
25933378.0	 339.3778991699219	 212.41482543945312	 331137.28125
25933354.0	 328.5988464355469	 240.76043701171875	 403179.34375
25933278.0	 328.72442626953125	 230.1605682373047	 402565.4375
25933254.0	 327.27935791015625	 255.05262756347656	 371279.6875
25933230.0	 327.5588073730469	 248.1658172607422	 411453.8125
25933204.0	 328.3935546875	 257.4169006347656	 462707.8125
25933180.0	 314.6116638183594	 249.923583984375	 295165.6875
25933130.0	 316.4486999511719	 270.68096923828125	 291998.4375
25933078.0	 320.2211608886719	 261.3728942871094	 312667.75
25933030.0	 309.5627136230469	 281.55438232421875	 350489.375
25932980.0	 319.5030822753906	 268.5741271972656	 311182.75
25932954.0	 322.4245910644531	 277.37811279296875	 362858.8125
25932930.0	 322.7564392089844	 276.30987548828125	 338660.40625
25932828.0	 320.9899597167969	 272.8125915527344	 345804.40625
25932804.0	 312.92877197265625	 279.4896240234375	 359553.8125
25932704.0	 316.90887451171875	 270.3105773925781	 297035.0625
25932678.0	 292.8984375	 327.8243408203125	 498765.96875
25932654.0	 309.9089660644531	 266.8566589355469	 306331.3125
25932628.0	 318.5252685546875	 291.0643310546875	 363743.6875
25932604.0	 323.8050537109375	 267.9527587890625	 333528.6875
25932454.0	 329.0862121582031	 304.9775085449219	 459424.6875
25932428.0	 343.1876220703125	 263.801025390625	 397916.09375
25932276.0	 335.3389892578125	 273.5373840332031	 363193.375
25932202.0	 346.5907287597656	 235.50819396972656	 402856.4375
25932176.0	 349.1241760253906	 239.89453125	 356225.46875
25932152.0	 344.37017822265625	 260.0988464355469	 397419.84375
25932128.0	 349.7944030761719	 249.4204559326172	 395703.1875
25932102.0	 348.0979309082031	 258.21551513671875	 404343.125
25932054.0	 348.3935852050781	 242.30557250976562	 305604.28125
25932028.0	 338.41583251953125	 261.2878112792969	 346616.96875
25932004.0	 345.29852294921875	 262.3741149902344	 407323.46875
25931978.0	 351.1832580566406	 238.0376434326172	 353891.125
25931952.0	 350.0290832519531	 245.65890502929688	 362923.71875
25931928.0	 343.9612121582031	 251.87448120117188	 373960.78125
25931878.0	 341.2821044921875	 252.988037109375	 365280.59375
25931852.0	 340.6437683105469	 259.26068115234375	 338942.46875
25931828.0	 348.4344482421875	 234.53834533691406	 319013.28125
25931804.0	 345.0042724609375	 259.7287902832031	 371321.3125
25931702.0	 320.32183837890625	 303.5179138183594	 386752.53125
25931676.0	 309.6557922363281	 300.1268005371094	 350471.4375
25931626.0	 315.1900634765625	 269.81787109375	 299860.90625
25931480.0	 349.20526123046875	 263.6324157714844	 432105.09375
25931450.0	 356.06622314453125	 262.4010925292969	 420877.03125
25931428.0	 339.1864013671875	 251.11148071289062	 325161.78125
25931402.0	 334.4649963378906	 270.66607666015625	 328888.5
25931326.0	 329.6425476074219	 251.33340454101562	 357885.25
25931302.0	 336.2410583496094	 272.1521301269531	 413598.0625
25931278.0	 349.5920104980469	 262.329833984375	 429353.3125
25931252.0	 339.6114501953125	 257.1794128417969	 345665.8125
25931228.0	 340.66302490234375	 270.0152282714844	 368371.53125
25931176.0	 326.38153076171875	 278.61279296875	 352277.34375
25931152.0	 333.408447265625	 273.22509765625	 363591.0625
25931076.0	 342.3665771484375	 261.9111328125	 371392.8125
25931052.0	 336.365478515625	 248.34005737304688	 337334.3125
25931028.0	 336.9988098144531	 254.28627014160156	 305594.96875
25930952.0	 327.6399841308594	 274.5170593261719	 318648.65625
25930926.0	 315.02349853515625	 287.5774841308594	 269530.3125
25930902.0	 320.7926025390625	 271.1080627441406	 276338.4375
25930876.0	 331.61688232421875	 269.4017028808594	 293904.46875
25930802.0	 334.0119934082031	 264.6237487792969	 323282.75
25930776.0	 326.8975830078125	 263.9898681640625	 349696.65625
25930702.0	 334.890869140625	 267.5900573730469	 362671.96875
25930676.0	 366.6336669921875	 232.38693237304688	 352213.3125
25930652.0	 356.98162841796875	 250.51023864746094	 405375.15625
25930626.0	 350.08319091796875	 260.33074951171875	 394409.875
25930600.0	 360.7972106933594	 233.62962341308594	 424889.84375
25930576.0	 364.09063720703125	 223.57046508789062	 308346.8125
25930550.0	 363.8564758300781	 243.26449584960938	 368290.625
25930526.0	 363.37969970703125	 233.08099365234375	 342644.03125
25930502.0	 355.7379455566406	 268.7362365722656	 430098.8125
25930476.0	 358.2004699707031	 237.07508850097656	 408406.53125
25930326.0	 340.4374694824219	 262.7863464355469	 366494.15625
25930300.0	 349.3102111816406	 260.4035339355469	 388160.625
25930276.0	 349.82025146484375	 255.89170837402344	 383105.8125
25930252.0	 341.7190246582031	 244.0179443359375	 312034.53125
25930226.0	 323.1906433105469	 297.50555419921875	 380391.28125
25930102.0	 338.9955749511719	 260.5132141113281	 375694.875
25930076.0	 341.4845275878906	 278.6976318359375	 408311.625
25929952.0	 336.1015625	 259.9642639160156	 322779.84375
25929926.0	 311.6815490722656	 239.9439239501953	 193472.640625
25929874.0	 329.3780517578125	 269.60296630859375	 299973.75
25929848.0	 342.3486633300781	 274.3512268066406	 380004.65625
25929826.0	 328.2635192871094	 285.7281188964844	 359180.65625
25929776.0	 329.59234619140625	 290.40350341796875	 355455.53125
25929750.0	 324.11529541015625	 334.9547424316406	 321872.375
25929726.0	 325.3224182128906	 338.01922607421875	 384448.90625
25929700.0	 324.1015319824219	 307.112548828125	 358658.28125
25929676.0	 323.0273742675781	 333.4576416015625	 369509.125
25929650.0	 328.64599609375	 288.9783630371094	 326026.71875
25929626.0	 315.0357971191406	 273.2232360839844	 249361.3125
25929476.0	 314.89276123046875	 312.5725402832031	 407893.03125
25929450.0	 319.42822265625	 309.8059387207031	 358982.59375
25929426.0	 321.84210205078125	 303.0597839355469	 360089.40625
25929402.0	 322.2533264160156	 292.3741760253906	 404879.875
25929324.0	 328.9489440917969	 281.96826171875	 367658.4375
25929300.0	 330.88812255859375	 289.11590576171875	 367074.375
25929276.0	 327.54913330078125	 263.49261474609375	 319342.96875
25929250.0	 322.4536437988281	 296.7878723144531	 347782.0625
25929226.0	 323.067626953125	 304.1696472167969	 352273.0625
25929200.0	 322.36077880859375	 290.77642822265625	 336114.4375
25929150.0	 326.8214111328125	 298.0340576171875	 399663.6875
25929124.0	 332.08154296875	 263.45855712890625	 321712.34375
25929076.0	 357.0485534667969	 246.3303680419922	 341330.09375
25929050.0	 341.2453308105469	 268.9186706542969	 393052.5625
25929026.0	 344.5482482910156	 236.86341857910156	 343906.46875
25929000.0	 352.62896728515625	 237.77432250976562	 301113.96875
25928976.0	 336.96337890625	 241.16311645507812	 290653.25
25928950.0	 337.26995849609375	 264.1412048339844	 329576.15625
25928924.0	 339.18194580078125	 278.3026428222656	 387829.5625
25928900.0	 335.8536682128906	 266.10638427734375	 334142.9375
25928874.0	 334.7737121582031	 264.1758117675781	 348124.0
25928850.0	 331.9661560058594	 294.86297607421875	 386862.21875
25928826.0	 341.8896789550781	 250.55145263671875	 419897.28125
25928774.0	 337.602783203125	 264.2529296875	 367463.9375
25928748.0	 336.9840087890625	 263.6070861816406	 337598.28125
25928724.0	 330.1640319824219	 262.64556884765625	 320945.3125
25928650.0	 336.18927001953125	 256.6100158691406	 360061.3125
25928624.0	 336.066162109375	 249.99899291992188	 286787.6875
25928600.0	 335.8170166015625	 266.0043029785156	 318961.15625
25928576.0	 324.5596923828125	 282.0755920410156	 331945.25
25928550.0	 324.3836364746094	 286.4999084472656	 353136.3125
25928526.0	 320.98486328125	 299.8355407714844	 330421.3125
25928500.0	 321.71173095703125	 292.166748046875	 369016.8125
25928474.0	 325.1010437011719	 281.8882751464844	 349819.28125
25928452.0	 321.2774353027344	 278.59716796875	 356993.75
25928424.0	 324.8438720703125	 283.50341796875	 340063.375
25928400.0	 315.3880920410156	 316.0762634277344	 402228.3125
25928376.0	 323.845703125	 310.33306884765625	 345090.40625
25928324.0	 339.2161560058594	 250.977783203125	 278634.5
25928272.0	 328.38134765625	 273.5829162597656	 339240.75
25928198.0	 327.11895751953125	 271.6351623535156	 316102.84375
25928174.0	 325.9595642089844	 297.0215148925781	 360997.78125
25928148.0	 326.4009704589844	 289.2812805175781	 383111.40625
25928124.0	 331.5799560546875	 275.5523376464844	 341399.375
25928098.0	 331.1471252441406	 258.4739685058594	 314308.28125
25928074.0	 327.55767822265625	 284.3746643066406	 316832.875
25928050.0	 336.7144470214844	 264.3038330078125	 303131.375
25928024.0	 329.3536071777344	 270.9347229003906	 334568.71875
25928000.0	 333.015625	 268.548583984375	 332039.0
25927974.0	 337.4747314453125	 280.1566162109375	 378099.90625
25927950.0	 331.77191162109375	 266.2408447265625	 344030.75
25927874.0	 311.5334777832031	 307.3643798828125	 347782.3125
25927848.0	 317.621826171875	 279.8614501953125	 313864.3125
25927824.0	 314.4586181640625	 298.37225341796875	 365293.5625
25927800.0	 307.7012023925781	 331.7168273925781	 400612.40625
25927774.0	 315.7685852050781	 285.19036865234375	 350543.21875
25927748.0	 316.92950439453125	 315.9562072753906	 342227.53125
25927722.0	 307.5763854980469	 295.265869140625	 314905.1875
25927698.0	 307.3687438964844	 301.74188232421875	 280159.5625
25927674.0	 302.51251220703125	 291.2449035644531	 311748.5
25927648.0	 305.2505187988281	 273.1809997558594	 248887.0625
25927624.0	 301.1642150878906	 283.5602111816406	 261605.265625
25927574.0	 299.72882080078125	 280.5039978027344	 245115.59375
25927550.0	 298.44036865234375	 289.1371154785156	 294804.3125
25927498.0	 309.9709167480469	 323.99462890625	 344167.84375
25927476.0	 309.8055114746094	 265.20562744140625	 248746.84375
25927400.0	 308.45086669921875	 273.1294250488281	 272439.90625
25927224.0	 306.4874572753906	 308.3110656738281	 357495.5625
25926922.0	 312.724365234375	 319.3190002441406	 388484.21875
25926898.0	 320.012939453125	 297.1363830566406	 340395.3125
25926872.0	 327.8857421875	 283.7806396484375	 306368.53125
25926850.0	 324.2060852050781	 295.49603271484375	 333687.28125
25926822.0	 320.6006774902344	 311.3320617675781	 336884.4375
25926798.0	 326.5519714355469	 261.6462097167969	 298832.28125
25926774.0	 326.1230163574219	 285.5246276855469	 346826.71875
25926672.0	 326.101806640625	 266.78375244140625	 274972.9375
25926648.0	 317.1712646484375	 310.70989990234375	 366319.46875
25926622.0	 316.63525390625	 291.556396484375	 349914.46875
25926598.0	 313.8000793457031	 267.0467224121094	 265954.5625
25926548.0	 316.20086669921875	 284.6774597167969	 362728.375
25926422.0	 324.9304504394531	 282.70477294921875	 327221.03125
25926398.0	 315.42236328125	 309.01483154296875	 390428.9375
25926372.0	 320.7272644042969	 299.1598205566406	 390672.65625
25926348.0	 316.3796691894531	 285.7473449707031	 365181.96875
25926322.0	 324.3377380371094	 267.8545227050781	 315131.28125
25926296.0	 327.0838623046875	 273.84002685546875	 304868.03125
25926272.0	 323.30584716796875	 292.46575927734375	 385845.71875
25926246.0	 338.23699951171875	 286.9970397949219	 329785.125
25926222.0	 331.6285400390625	 266.6169738769531	 369509.84375
25926148.0	 321.522216796875	 256.0046691894531	 285374.25
25926122.0	 332.1179504394531	 292.0907897949219	 389031.21875
25926096.0	 341.6332092285156	 263.3670959472656	 400443.0625
25926072.0	 354.9978942871094	 233.4249725341797	 358086.59375
25925972.0	 336.29693603515625	 278.02239990234375	 357097.59375
25925922.0	 337.9942321777344	 242.56005859375	 331104.96875
25925896.0	 331.07208251953125	 273.46435546875	 378115.0625
25925772.0	 332.9969482421875	 258.71868896484375	 352992.84375
25925624.0	 336.5930480957031	 291.225341796875	 370372.15625
25925598.0	 330.7116394042969	 289.98004150390625	 345606.40625
25925574.0	 327.25726318359375	 270.00372314453125	 355445.53125
25925548.0	 336.4483337402344	 266.77191162109375	 329550.5625
25925522.0	 332.3004455566406	 276.454345703125	 360799.375
25925496.0	 338.4356994628906	 254.3529815673828	 319149.71875
25925470.0	 338.7803649902344	 260.8181457519531	 381737.59375
25925270.0	 335.185791015625	 283.43658447265625	 371813.90625
25925248.0	 329.41888427734375	 264.0917663574219	 314475.8125
25925220.0	 332.9883728027344	 287.4970397949219	 347617.25
25925196.0	 336.2624206542969	 279.652099609375	 375757.3125
25925172.0	 328.4527587890625	 272.12744140625	 257448.96875
25925146.0	 333.5769958496094	 267.77099609375	 330072.34375
25924870.0	 333.9634094238281	 289.77325439453125	 389322.21875
25924846.0	 330.6424255371094	 277.0992431640625	 333518.34375
25924546.0	 333.6473693847656	 267.966064453125	 335981.09375
25924170.0	 309.6240539550781	 279.36346435546875	 246805.375
25922018.0	 325.0335998535156	 296.4506530761719	 339202.34375
25921994.0	 325.9084167480469	 326.9794921875	 352594.34375
25921842.0	 334.98138427734375	 325.8913879394531	 361341.90625
25921242.0	 342.2818908691406	 290.8622741699219	 432534.15625
25921218.0	 338.3551330566406	 315.75177001953125	 423655.4375
25920992.0	 335.0093994140625	 332.1461486816406	 451458.875
25920968.0	 337.73077392578125	 318.7854919433594	 416745.625
25920544.0	 311.6868896484375	 274.33538818359375	 213830.125
25920392.0	 321.00933837890625	 296.8240051269531	 310412.21875
25920366.0	 317.0247802734375	 355.9811096191406	 464756.90625
25920066.0	 304.7894592285156	 276.5443115234375	 240598.71875
25919966.0	 315.12286376953125	 329.353759765625	 304783.96875
25919916.0	 311.8433837890625	 313.6243591308594	 303081.46875
25919692.0	 326.79412841796875	 320.44146728515625	 344424.375
25919666.0	 320.5754089355469	 328.844482421875	 448687.5625
25918740.0	 321.6322021484375	 367.5827331542969	 385362.28125
25918716.0	 332.0475769042969	 319.9910583496094	 400434.9375
25918466.0	 316.2991943359375	 351.03717041015625	 391988.875
25918264.0	 300.84368896484375	 310.5854187011719	 287069.9375
25918238.0	 214.73193359375	 40.35442352294922	 7239.23681640625
25917964.0	 330.83099365234375	 308.4544372558594	 350889.9375
25917638.0	 314.5768737792969	 474.8315124511719	 413666.84375
25917416.0	 310.7278747558594	 374.8318176269531	 367498.0625
25916990.0	 320.59173583984375	 379.68658447265625	 432321.78125
25916962.0	 328.7151184082031	 316.0478820800781	 354716.875
25916762.0	 326.4028015136719	 361.4973449707031	 376512.40625
25916740.0	 254.34828186035156	 86.5204086303711	 14768.189453125
25916614.0	 300.88232421875	 281.81829833984375	 292999.84375
25916462.0	 323.013916015625	 349.55731201171875	 404348.46875
25916288.0	 310.3166198730469	 440.4090881347656	 452041.84375
25916262.0	 304.5373840332031	 342.6197509765625	 300120.96875
25915338.0	 308.0850830078125	 311.6187744140625	 355068.78125
25915312.0	 312.8607177734375	 315.5187683105469	 379191.46875
25915260.0	 320.0413818359375	 285.6771545410156	 300370.375
25915236.0	 315.9864501953125	 289.918212890625	 350957.59375
25915212.0	 310.22894287109375	 317.7658386230469	 337899.09375
25915162.0	 312.6346435546875	 318.2999572753906	 375466.90625
25915112.0	 316.1393737792969	 291.48785400390625	 330831.8125
25915088.0	 314.79180908203125	 311.78265380859375	 319924.375
25915062.0	 312.4765625	 289.5899963378906	 270288.0
25915036.0	 316.07623291015625	 297.41656494140625	 310125.875
25915012.0	 317.0418701171875	 296.3472900390625	 322394.3125
25914986.0	 319.4576721191406	 303.13885498046875	 308304.46875
25914964.0	 316.7419128417969	 297.2574157714844	 324623.03125
25914938.0	 311.64862060546875	 283.5747375488281	 270432.21875
25914912.0	 307.31890869140625	 334.968017578125	 368272.09375
25914886.0	 310.0715637207031	 287.8785095214844	 303057.28125
25914810.0	 213.3595733642578	 39.98869705200195	 5075.90283203125
25914786.0	 311.4869079589844	 319.20599365234375	 339647.125
25914760.0	 307.46588134765625	 339.5715637207031	 378289.84375
25914736.0	 303.6484375	 307.3673400878906	 320961.15625
25914712.0	 312.8437194824219	 318.429443359375	 358648.375
25914662.0	 310.6002197265625	 328.205810546875	 356350.71875
25914636.0	 321.66009521484375	 261.0917663574219	 282829.6875
25914588.0	 313.4011535644531	 284.5993957519531	 294877.09375
25914560.0	 303.4736328125	 303.7211608886719	 347888.59375
25914538.0	 311.6099548339844	 274.3879699707031	 265277.8125
25914512.0	 318.034423828125	 304.093505859375	 352342.5
25914362.0	 314.0225830078125	 286.4290771484375	 275002.125
25914286.0	 315.58245849609375	 301.2129211425781	 326657.625
25914260.0	 313.5565490722656	 302.7640686035156	 327134.96875
25914236.0	 314.75640869140625	 294.951904296875	 312939.375
25913462.0	 318.3860778808594	 343.1195373535156	 365842.90625
25912636.0	 308.9158020019531	 303.2347717285156	 286318.78125
25912584.0	 322.2071838378906	 290.1240234375	 324414.125
25912558.0	 310.7819519042969	 347.0733642578125	 434165.03125
25912458.0	 314.9610900878906	 308.7073059082031	 390047.71875
25912432.0	 223.07969665527344	 39.6894645690918	 9036.62890625
25912358.0	 321.3921203613281	 308.0843200683594	 347201.21875
25912334.0	 316.7218017578125	 288.1209716796875	 362686.1875
25912308.0	 316.8680725097656	 306.92340087890625	 353754.34375
25912110.0	 304.1836853027344	 304.36297607421875	 268103.34375
25912084.0	 310.1024475097656	 335.6585693359375	 340458.5625
25912058.0	 313.5190124511719	 323.9100341796875	 323524.59375
25911932.0	 316.0552062988281	 288.01129150390625	 284259.625
25911882.0	 320.560302734375	 305.623291015625	 359428.9375
25911858.0	 315.02264404296875	 302.0505676269531	 357764.75
25911684.0	 329.82757568359375	 282.6495056152344	 321542.53125
25911558.0	 326.9576721191406	 315.7010192871094	 358051.9375
25911532.0	 324.8381042480469	 327.6117858886719	 401056.96875
25911508.0	 323.88812255859375	 340.4398193359375	 389142.4375
25911482.0	 324.7263488769531	 359.5537109375	 358995.1875
25911460.0	 320.0990295410156	 334.1361999511719	 384124.75
25911432.0	 319.55889892578125	 400.75341796875	 382184.53125
25910506.0	 313.39019775390625	 294.0373840332031	 336036.46875
25910482.0	 286.3216857910156	 536.6917114257812	 417702.4375
25910156.0	 310.3820495605469	 377.7637634277344	 336240.53125
25909956.0	 312.2952575683594	 379.5784606933594	 320332.90625
25909380.0	 296.3477478027344	 376.2000427246094	 263999.25
25908782.0	 351.9102478027344	 294.9660339355469	 525014.0625
25908732.0	 366.6837158203125	 269.5278625488281	 494036.15625
25908678.0	 366.321044921875	 266.8144836425781	 478730.65625
25908656.0	 378.06072998046875	 259.3052062988281	 531716.8125
25908204.0	 325.58001708984375	 471.0411071777344	 405705.71875
25908180.0	 330.2123718261719	 309.72589111328125	 384110.78125
25907954.0	 335.4698791503906	 294.52264404296875	 323209.40625
25907928.0	 354.97003173828125	 304.48895263671875	 451290.78125
25907356.0	 335.6908874511719	 270.4698181152344	 373392.40625
25907330.0	 355.0623474121094	 270.6162414550781	 430714.40625
25907304.0	 351.81573486328125	 283.726806640625	 503047.65625
25907280.0	 347.6199951171875	 285.827392578125	 453396.1875
25907252.0	 332.26214599609375	 302.77197265625	 360013.875
25907204.0	 355.3797607421875	 290.1596374511719	 509970.46875
25907180.0	 364.69390869140625	 280.7323303222656	 522707.375
25907154.0	 358.05712890625	 294.3862609863281	 510099.90625
25907130.0	 357.3132019042969	 277.4841003417969	 445274.5625
25907106.0	 356.09893798828125	 300.640625	 478713.5
25907054.0	 357.6866455078125	 264.1465148925781	 426173.9375
25907006.0	 325.2742919921875	 345.2219543457031	 335359.9375
25906952.0	 330.9610595703125	 318.3255920410156	 364363.3125
25906904.0	 332.0946044921875	 318.9630126953125	 372412.46875
25906730.0	 300.69482421875	 293.0793151855469	 311562.1875
25906654.0	 309.8409423828125	 327.1468811035156	 297578.90625
25906580.0	 301.16943359375	 456.189208984375	 342828.21875
25906554.0	 307.8169860839844	 366.0653991699219	 353687.875
25906180.0	 296.8604736328125	 311.3302307128906	 343322.34375
25905976.0	 307.5371398925781	 320.5806579589844	 299482.65625
25905954.0	 290.2782897949219	 352.04931640625	 285913.28125
25905930.0	 309.73504638671875	 336.88751220703125	 316687.09375
25905826.0	 307.5314636230469	 285.62872314453125	 294216.8125
25905804.0	 296.91204833984375	 280.7513122558594	 256834.703125
25905778.0	 293.59228515625	 408.93994140625	 383675.8125
25905452.0	 304.6806335449219	 395.805908203125	 347786.25
25905430.0	 296.1519775390625	 333.08203125	 387304.90625
25905352.0	 295.99163818359375	 278.1772155761719	 270432.0625
25905328.0	 299.5863342285156	 316.15008544921875	 334377.6875
25905202.0	 335.94622802734375	 332.03631591796875	 499985.0625
25905152.0	 341.8835754394531	 398.467041015625	 463856.625
25904976.0	 358.3900146484375	 268.4084777832031	 431852.9375
25904926.0	 372.4998779296875	 251.8727264404297	 362933.84375
25904826.0	 354.98687744140625	 260.9915466308594	 363558.21875
25904800.0	 350.01263427734375	 288.60101318359375	 423470.9375
25904778.0	 353.2680969238281	 277.6978759765625	 442120.6875
25904752.0	 356.3272705078125	 269.0262756347656	 423268.84375
25904650.0	 354.6857604980469	 267.8645935058594	 439551.875
25904626.0	 354.85455322265625	 279.6788330078125	 420783.0
25904600.0	 351.4238586425781	 295.5760192871094	 432529.21875
25904576.0	 351.994384765625	 273.76849365234375	 389478.5625
25904550.0	 350.08184814453125	 276.3431701660156	 393547.90625
25904526.0	 354.66131591796875	 279.1516418457031	 442180.1875
25904502.0	 339.9429016113281	 283.5079345703125	 391106.0
25904452.0	 332.8304748535156	 277.0972595214844	 364012.03125
25904426.0	 345.14398193359375	 288.8243103027344	 469193.28125
25904276.0	 342.6860046386719	 299.9505310058594	 425653.40625
25904252.0	 341.67059326171875	 306.9361572265625	 451333.3125
25904226.0	 340.763671875	 321.1687927246094	 437769.84375
25904100.0	 352.06866455078125	 275.427978515625	 427238.46875
25903952.0	 331.37506103515625	 303.1146240234375	 373099.75
25903926.0	 350.9863586425781	 289.7413330078125	 424570.15625
25903900.0	 354.7217102050781	 294.0256042480469	 465147.3125
25903876.0	 366.3899230957031	 260.1615295410156	 382860.96875
25903850.0	 363.2748718261719	 276.0390930175781	 459248.53125
25903750.0	 364.1916198730469	 270.5997009277344	 488341.5625
25903726.0	 370.716552734375	 256.43426513671875	 436883.21875
25903702.0	 369.480712890625	 277.2913818359375	 478928.25
25903676.0	 373.6749572753906	 263.7921447753906	 445209.9375
25903600.0	 353.0181884765625	 277.6524658203125	 448808.8125
25903226.0	 350.55767822265625	 300.7627258300781	 421760.9375
25903200.0	 348.0284729003906	 317.2960510253906	 470501.84375
25903176.0	 344.1488342285156	 333.974609375	 363108.5625
25903152.0	 358.9452819824219	 285.46685791015625	 447318.1875
25903124.0	 361.0167236328125	 284.1006164550781	 403630.78125
25903102.0	 359.970947265625	 271.9891052246094	 469552.96875
25902726.0	 348.59222412109375	 299.9603271484375	 469037.96875
25902700.0	 345.0889587402344	 338.46502685546875	 490730.0
25902198.0	 348.1792297363281	 315.70782470703125	 470079.84375
25901474.0	 258.680908203125	 67.67265319824219	 28511.609375
25901348.0	 359.8587341308594	 273.73309326171875	 481664.0
25901322.0	 367.0325622558594	 269.5939025878906	 464727.65625
25901300.0	 369.45111083984375	 260.6084899902344	 448778.625
25901274.0	 380.9241638183594	 216.53553771972656	 328321.875
25901248.0	 370.6748352050781	 235.7158660888672	 405207.3125
25901198.0	 377.09149169921875	 277.9334716796875	 539000.0625
25901172.0	 377.2861328125	 264.50836181640625	 510173.53125
25901074.0	 365.8515625	 248.3795928955078	 475352.46875
25901048.0	 364.8273620605469	 232.3948211669922	 438907.6875
25900998.0	 366.4350280761719	 257.1866455078125	 555507.3125
25900572.0	 355.6417236328125	 288.27203369140625	 426857.90625
25900448.0	 359.19866943359375	 243.0426788330078	 358953.9375
25900422.0	 352.8585510253906	 263.0534362792969	 411659.8125
25900296.0	 351.0212097167969	 262.0355224609375	 433941.875
25900246.0	 364.6983947753906	 256.1158752441406	 416076.03125
25900172.0	 358.12908935546875	 265.2083740234375	 457771.375
25900146.0	 363.9165954589844	 228.08010864257812	 343960.78125
25900120.0	 356.8313293457031	 247.86888122558594	 399493.96875
25900096.0	 363.1617431640625	 239.66163635253906	 344100.65625
25899870.0	 357.44854736328125	 244.63360595703125	 403651.375
25899848.0	 361.08056640625	 236.46751403808594	 345827.84375
25899798.0	 351.1184997558594	 258.816162109375	 389579.5625
25899748.0	 356.7680969238281	 258.24969482421875	 383516.96875
25899722.0	 359.6127624511719	 246.0155029296875	 383967.4375
25899696.0	 363.98345947265625	 215.07904052734375	 279083.0
25899672.0	 365.89825439453125	 231.7493896484375	 315490.75
25899520.0	 345.62506103515625	 248.1530303955078	 373526.9375
25899496.0	 352.18499755859375	 255.30235290527344	 382259.4375
25899472.0	 352.2159729003906	 255.3702850341797	 402969.75
25899422.0	 358.8289794921875	 229.9080352783203	 303860.28125
25899372.0	 360.60565185546875	 215.0769805908203	 290187.8125
25899348.0	 362.816162109375	 228.38282775878906	 326988.71875
25899296.0	 346.6767883300781	 256.7751770019531	 379822.0
25899270.0	 356.211181640625	 234.6363525390625	 334022.46875
25899246.0	 355.1156005859375	 261.6950988769531	 373057.96875
25899222.0	 344.65985107421875	 260.3699035644531	 401231.59375
25898946.0	 352.7373352050781	 243.24899291992188	 331097.4375
25898920.0	 357.468994140625	 232.602783203125	 353247.78125
25898870.0	 356.8516540527344	 240.8421173095703	 375513.46875
25898844.0	 352.4381103515625	 239.64495849609375	 377222.09375
25898644.0	 335.8951721191406	 270.765869140625	 377455.3125
25898322.0	 351.7195129394531	 258.9052734375	 406567.75
25898296.0	 352.0224304199219	 251.69989013671875	 340309.84375
25897970.0	 334.95953369140625	 277.3507080078125	 374435.125
25897946.0	 344.1011657714844	 243.35418701171875	 308416.84375
25897770.0	 329.2516784667969	 281.7563781738281	 348684.0
25897644.0	 359.460693359375	 221.2547149658203	 340868.4375
25897618.0	 269.8736572265625	 55.898460388183594	 26055.5234375
25897596.0	 351.0476989746094	 266.43206787109375	 436380.6875
25897294.0	 362.50732421875	 243.58071899414062	 399815.625
25897268.0	 344.1711730957031	 254.019287109375	 341284.75
25897244.0	 346.46234130859375	 238.5573272705078	 352123.53125
25897220.0	 343.7008972167969	 249.9263153076172	 324303.65625
25897170.0	 348.0852966308594	 250.3376007080078	 398735.6875
25897144.0	 355.3738708496094	 237.32220458984375	 342416.0625
25897044.0	 361.5587158203125	 245.98402404785156	 316805.3125
25897018.0	 353.8533935546875	 234.95907592773438	 351509.0625
25896994.0	 349.81494140625	 273.32098388671875	 349473.5625
25896946.0	 369.685791015625	 236.8755645751953	 337768.25
25896920.0	 359.00848388671875	 235.76649475097656	 416161.53125
25896844.0	 346.83160400390625	 254.52745056152344	 379384.65625
25896818.0	 348.2864990234375	 249.8644256591797	 381018.125
25896794.0	 362.0744323730469	 232.8821563720703	 363354.6875
25896768.0	 359.73040771484375	 231.72401428222656	 335794.40625
25896744.0	 356.7305908203125	 224.7001190185547	 318344.625
25896720.0	 356.1697692871094	 238.29234313964844	 382942.0625
25896694.0	 354.7420959472656	 226.83299255371094	 344047.375
25896670.0	 355.6714172363281	 222.5304412841797	 295632.03125
25896644.0	 355.3548583984375	 230.25100708007812	 338134.21875
25896618.0	 358.2134094238281	 239.25369262695312	 388706.125
25896592.0	 362.53369140625	 223.34327697753906	 339854.40625
25896568.0	 355.239990234375	 233.72491455078125	 319589.40625
25896544.0	 347.89105224609375	 243.42965698242188	 341037.25
25896518.0	 351.1548156738281	 242.5782470703125	 394262.375
25896494.0	 353.0657958984375	 230.2648468017578	 392717.6875
25896444.0	 350.1027526855469	 232.55198669433594	 359031.375
25896418.0	 345.4585266113281	 235.93202209472656	 348854.78125
25896394.0	 345.98193359375	 239.4522247314453	 317624.78125
25896370.0	 350.68878173828125	 234.2947540283203	 343671.71875
25896342.0	 351.3880615234375	 230.70797729492188	 331527.21875
25896320.0	 346.92181396484375	 233.98397827148438	 343135.15625
25896294.0	 351.8994140625	 242.50985717773438	 379079.1875
25896268.0	 355.39703369140625	 229.84056091308594	 365672.53125
25896242.0	 352.9285888671875	 228.48577880859375	 341427.625
25896216.0	 350.5298767089844	 237.19187927246094	 329282.375
25896192.0	 347.398193359375	 246.71176147460938	 345242.84375
25896166.0	 347.4408874511719	 242.65635681152344	 361274.90625
25896118.0	 352.9605407714844	 232.14869689941406	 337508.625
25896092.0	 347.3151550292969	 243.03579711914062	 357759.375
25896068.0	 356.9314270019531	 243.16970825195312	 368215.65625
25896042.0	 365.6588439941406	 221.04957580566406	 360846.25
25896018.0	 349.4311218261719	 236.09750366210938	 368035.5625
25895992.0	 347.3555603027344	 243.28338623046875	 368955.59375
25895966.0	 355.4907531738281	 233.7964630126953	 366319.625
25895944.0	 355.7273864746094	 230.96725463867188	 314228.78125
25895916.0	 349.2451171875	 234.87551879882812	 318050.21875
25895894.0	 354.8313903808594	 229.14932250976562	 286830.46875
25895870.0	 357.63189697265625	 229.71542358398438	 310164.96875
25895842.0	 349.625244140625	 242.66409301757812	 365419.875
25895792.0	 360.6877136230469	 232.18917846679688	 319957.28125
25895768.0	 353.2032470703125	 232.66416931152344	 353923.90625
25895742.0	 344.5737609863281	 240.1588897705078	 325607.40625
25895694.0	 359.4053649902344	 220.09544372558594	 328859.125
25895668.0	 351.0162658691406	 242.3286590576172	 353399.34375
25895642.0	 349.2478332519531	 244.16824340820312	 354477.5
25895592.0	 335.7999267578125	 245.11387634277344	 325417.84375
25895568.0	 338.0459289550781	 260.4038391113281	 347504.59375
25895542.0	 337.85107421875	 260.9186706542969	 360599.21875
25895492.0	 338.0848083496094	 246.21295166015625	 324793.25
25895444.0	 331.5171813964844	 251.2037811279297	 312737.1875
25895418.0	 328.9278869628906	 273.40289306640625	 347802.75
25895392.0	 331.1236267089844	 264.28607177734375	 316864.0625
25895292.0	 344.62115478515625	 244.98428344726562	 310347.59375
25895268.0	 343.3496398925781	 242.15798950195312	 336220.71875
25895218.0	 343.0122375488281	 233.2045135498047	 323124.71875
25895192.0	 332.8183898925781	 269.26654052734375	 336754.21875
25895142.0	 350.6737365722656	 215.60220336914062	 258738.609375
25895116.0	 339.0674743652344	 234.3748779296875	 279572.71875
25895092.0	 340.2232360839844	 239.02679443359375	 265346.65625
25895066.0	 348.2916259765625	 234.6906280517578	 307221.9375
25895042.0	 343.9032897949219	 223.64356994628906	 311801.5625
25895016.0	 332.8267822265625	 246.9659423828125	 316959.65625
25894992.0	 332.0962219238281	 247.999755859375	 331033.78125
25894918.0	 350.81243896484375	 245.12057495117188	 355962.0
25894742.0	 338.0337829589844	 255.3031463623047	 323957.1875
25894464.0	 356.02801513671875	 237.85552978515625	 327076.53125
25894442.0	 350.070556640625	 239.58372497558594	 358004.71875
25894418.0	 351.23101806640625	 239.83096313476562	 316819.40625
25894392.0	 344.7022399902344	 260.6189880371094	 354929.34375
25894366.0	 351.86151123046875	 256.5461730957031	 378101.53125
25894340.0	 348.5238342285156	 245.53526306152344	 361894.46875
25894316.0	 246.3337860107422	 38.32730484008789	 6340.46484375
25894292.0	 357.8818054199219	 235.89813232421875	 336425.65625
25894266.0	 363.61572265625	 222.09451293945312	 309068.21875
25894216.0	 364.0955810546875	 234.33377075195312	 378350.15625
25894192.0	 370.1419677734375	 211.43515014648438	 296187.84375
25894068.0	 373.1266174316406	 225.20809936523438	 305401.15625
25894042.0	 366.8034362792969	 233.18362426757812	 314052.125
25894016.0	 356.3953552246094	 248.72251892089844	 432566.09375
25893890.0	 347.39556884765625	 228.30874633789062	 256777.546875
25893866.0	 347.11151123046875	 252.7651824951172	 357011.03125
25893840.0	 343.42926025390625	 263.0020446777344	 371988.46875
25893692.0	 357.57916259765625	 235.74932861328125	 370529.8125
25893640.0	 346.16094970703125	 266.8714904785156	 377491.15625
25893616.0	 355.41094970703125	 234.3448486328125	 364577.9375
25893592.0	 347.8664855957031	 246.01515197753906	 304301.15625
25893566.0	 360.8616638183594	 219.58383178710938	 296960.5625
25893542.0	 356.4825744628906	 234.64276123046875	 312251.15625
25893516.0	 346.1900634765625	 234.6329803466797	 358396.78125
25893490.0	 358.5205993652344	 231.64382934570312	 314513.84375
25893468.0	 353.8623046875	 235.91065979003906	 349477.15625
25893442.0	 355.0603942871094	 220.8163604736328	 333807.65625
25893416.0	 367.22344970703125	 208.85879516601562	 259095.5
25893390.0	 358.4060974121094	 236.74053955078125	 366256.03125
25893314.0	 375.3431091308594	 213.46763610839844	 291710.21875
25893290.0	 368.6833801269531	 247.83013916015625	 464882.28125
25893266.0	 369.980224609375	 231.7557830810547	 427400.125
25893240.0	 364.66998291015625	 260.7685241699219	 459964.15625
25893216.0	 361.5771179199219	 261.0378112792969	 419588.90625
25893190.0	 360.56787109375	 246.54495239257812	 352568.9375
25893166.0	 362.6097106933594	 242.16586303710938	 358948.5
25893140.0	 362.7100830078125	 248.25148010253906	 372261.46875
25893114.0	 363.2174377441406	 237.21591186523438	 352436.875
25893090.0	 361.3223571777344	 250.70233154296875	 375100.125
25893064.0	 356.9065246582031	 240.5718994140625	 333350.03125
25892916.0	 377.3379821777344	 243.48110961914062	 405106.0
25892888.0	 364.27484130859375	 229.2334747314453	 351615.28125
25892640.0	 304.8423156738281	 282.7222595214844	 283489.71875
25892590.0	 309.18701171875	 328.7398986816406	 336565.625
25892240.0	 329.99981689453125	 290.1073303222656	 348276.875
25892212.0	 333.0400085449219	 254.6534881591797	 312806.90625
25892190.0	 326.9315185546875	 270.8920593261719	 320049.46875
25892038.0	 339.7271423339844	 258.7102355957031	 360188.75
25891990.0	 328.2501220703125	 275.1032409667969	 343974.1875
25891840.0	 323.32440185546875	 283.6504821777344	 340855.65625
25891764.0	 332.7035217285156	 255.95755004882812	 336953.75
25891738.0	 325.5909423828125	 272.70062255859375	 357772.5
25891714.0	 322.4618225097656	 327.677001953125	 400116.03125
25891690.0	 339.397216796875	 234.7877960205078	 272700.28125
25891664.0	 326.8450622558594	 300.55145263671875	 302653.9375
25891638.0	 328.4081115722656	 276.1408386230469	 307349.28125
25891364.0	 322.9389953613281	 291.4291687011719	 368139.0
25891340.0	 330.6490478515625	 283.23773193359375	 363821.5
25891314.0	 329.0989074707031	 277.2093505859375	 335856.1875
25891262.0	 322.26654052734375	 252.7542266845703	 308068.125
25891238.0	 319.482421875	 345.4156799316406	 321985.21875
25891214.0	 330.9698181152344	 247.44032287597656	 319004.75
25891038.0	 324.9757995605469	 284.03656005859375	 296378.875
25891012.0	 337.896240234375	 265.86358642578125	 406655.8125
25890888.0	 350.5387268066406	 237.92172241210938	 348381.3125
25890864.0	 339.95184326171875	 258.89117431640625	 334400.46875
25890838.0	 349.99969482421875	 241.91917419433594	 304788.90625
25890814.0	 335.4171447753906	 270.8221130371094	 352945.71875
25890790.0	 347.07196044921875	 262.74786376953125	 394853.375
25890762.0	 353.6099853515625	 247.60604858398438	 311591.09375
25890740.0	 357.3948669433594	 251.57168579101562	 405054.09375
25890714.0	 356.7154235839844	 246.34786987304688	 359645.53125
25890688.0	 358.5513000488281	 261.86346435546875	 353709.9375
25890638.0	 355.77105712890625	 265.7574462890625	 391898.75
25890586.0	 341.6296691894531	 260.53094482421875	 332547.59375
25890438.0	 355.9216613769531	 248.7657012939453	 404179.65625
25890412.0	 358.93658447265625	 243.9287567138672	 369727.1875
25890286.0	 371.4138488769531	 232.83932495117188	 387124.875
25890264.0	 363.0794982910156	 227.1131591796875	 326135.0625
25890238.0	 348.1388244628906	 279.56146240234375	 398545.40625
25890212.0	 358.90264892578125	 238.6429901123047	 335299.3125
25890188.0	 350.36712646484375	 253.52870178222656	 368192.78125
25890162.0	 351.77203369140625	 245.70697021484375	 377251.96875
25890138.0	 358.50677490234375	 231.34478759765625	 351842.09375
25890112.0	 359.9114074707031	 247.5443115234375	 435768.75
25890088.0	 363.9176940917969	 239.246337890625	 368177.0
25890062.0	 353.490966796875	 258.0211181640625	 390929.34375
25889962.0	 362.0396423339844	 243.52015686035156	 399058.1875
25889936.0	 362.049072265625	 256.18255615234375	 407720.1875
25889888.0	 366.59674072265625	 236.73831176757812	 394273.625
25889862.0	 353.76806640625	 249.98741149902344	 371328.0
25889838.0	 343.4504699707031	 230.51902770996094	 327596.0625
25889812.0	 337.5719909667969	 215.0455322265625	 291481.34375
25889786.0	 324.6741943359375	 259.1313171386719	 287749.09375
25889764.0	 327.6314697265625	 280.2658386230469	 337129.125
25889636.0	 330.8661193847656	 286.3849182128906	 410173.40625
25889612.0	 350.23699951171875	 273.55377197265625	 435063.375
25889588.0	 330.01348876953125	 245.44288635253906	 282932.46875
25889562.0	 320.999755859375	 278.1815490722656	 288491.84375
25889510.0	 328.6664733886719	 251.43289184570312	 333482.40625
25889310.0	 335.0199279785156	 308.07196044921875	 484732.71875
25889288.0	 345.41912841796875	 262.67474365234375	 369432.8125
25889262.0	 345.4076232910156	 236.89138793945312	 260364.546875
25889112.0	 323.1730041503906	 304.8260803222656	 330833.0
25889086.0	 344.885986328125	 242.9394989013672	 282680.53125
25889062.0	 342.4095458984375	 267.8199157714844	 367278.21875
25888836.0	 338.19659423828125	 277.91693115234375	 395855.28125
25888610.0	 304.07904052734375	 327.8000793457031	 392285.96875
25888586.0	 296.3271179199219	 296.0825500488281	 247292.4375
25888512.0	 350.6944885253906	 250.32640075683594	 388273.625
25888484.0	 354.04205322265625	 217.45086669921875	 340816.78125
25887860.0	 357.05474853515625	 264.165771484375	 411036.6875
25887834.0	 361.7744445800781	 268.2481384277344	 433948.21875
25887812.0	 368.2311706542969	 256.34197998046875	 430613.40625
25887784.0	 347.2649230957031	 264.7034606933594	 379589.5
25887662.0	 356.64129638671875	 265.1582336425781	 403963.0625
25887636.0	 370.9200744628906	 243.43287658691406	 375105.1875
25887610.0	 369.83795166015625	 249.33604431152344	 368463.5625
25887560.0	 368.6588439941406	 246.9951171875	 344513.9375
25887184.0	 346.23638916015625	 281.2934265136719	 386448.96875
25887158.0	 347.47943115234375	 283.3924865722656	 455908.34375
25887134.0	 357.11968994140625	 267.8702087402344	 385971.875
25887034.0	 340.3593444824219	 283.82354736328125	 412542.84375
25887010.0	 351.0487976074219	 270.6014099121094	 413408.53125
25886984.0	 353.0083312988281	 266.9411926269531	 400798.09375
25886960.0	 355.7599182128906	 256.4593811035156	 415674.90625
25886934.0	 369.5672607421875	 247.2358856201172	 420666.90625
25886710.0	 359.1340637207031	 269.9026794433594	 499859.40625
25886684.0	 362.71514892578125	 250.32525634765625	 412722.125
25886658.0	 350.89764404296875	 281.1935729980469	 422324.5625
25886482.0	 321.2287902832031	 282.50335693359375	 281246.59375
25886456.0	 344.0218505859375	 287.1205139160156	 458634.875
25886434.0	 348.65325927734375	 281.0655517578125	 378447.84375
25886410.0	 353.46826171875	 269.1405029296875	 363952.09375
25886382.0	 344.76837158203125	 268.4169006347656	 391852.84375
25886258.0	 356.0908508300781	 218.3284912109375	 309868.0625
25886184.0	 363.96319580078125	 250.72592163085938	 432267.25
25886134.0	 344.98699951171875	 299.2513427734375	 403148.3125
25886108.0	 339.4284973144531	 269.5383605957031	 362121.40625
25886082.0	 338.6421203613281	 303.58587646484375	 395459.8125
25885558.0	 294.70294189453125	 328.296630859375	 361234.59375
25885058.0	 285.3559265136719	 281.7460021972656	 173098.78125
25885034.0	 308.98095703125	 437.68218994140625	 400290.125
25884858.0	 290.0485534667969	 314.55084228515625	 212332.484375
25884806.0	 305.2333984375	 300.1173400878906	 318795.59375
25884780.0	 293.778564453125	 367.7014465332031	 173634.15625
25884556.0	 290.0816955566406	 295.2542724609375	 282973.9375
25884508.0	 305.22528076171875	 288.1277770996094	 226498.3125
25884232.0	 297.2231750488281	 288.3417053222656	 284611.84375
25883956.0	 295.2244567871094	 291.32586669921875	 225675.140625
25883782.0	 287.017578125	 284.5263671875	 187174.765625
25883682.0	 271.1192321777344	 396.7143249511719	 251277.5625
25883654.0	 288.5076904296875	 396.40289306640625	 319669.78125
25883630.0	 293.4608154296875	 307.3347473144531	 251677.0
25883482.0	 285.847412109375	 318.0389099121094	 255690.65625
25883406.0	 287.0137023925781	 318.6040954589844	 259419.8125
25883380.0	 273.8039245605469	 381.78582763671875	 336967.71875
25883130.0	 300.5394287109375	 366.3531188964844	 227120.96875
25883104.0	 296.1307373046875	 256.81719970703125	 223783.328125
25883080.0	 286.0320129394531	 326.7942810058594	 303359.6875
25883054.0	 310.048828125	 352.9491271972656	 338347.4375
25883030.0	 295.8201904296875	 368.78546142578125	 335042.6875
25883006.0	 305.67706298828125	 309.2576904296875	 300169.1875
25882980.0	 280.89288330078125	 464.9380798339844	 297353.9375
25882730.0	 270.2740783691406	 366.2466125488281	 291774.625
25882704.0	 286.4303283691406	 336.30963134765625	 268574.6875
25882278.0	 291.2713928222656	 315.25738525390625	 282928.03125
25882254.0	 281.528076171875	 357.1943359375	 335987.28125
25882228.0	 290.0003356933594	 364.4866943359375	 331416.125
25882180.0	 297.531494140625	 336.4129638671875	 284905.75
25882028.0	 288.8455810546875	 316.7101135253906	 259556.828125
25882006.0	 280.02642822265625	 387.7298889160156	 326396.1875
25881980.0	 289.95068359375	 327.40118408203125	 271317.96875
25881804.0	 291.1980895996094	 424.7392272949219	 296089.65625
25881678.0	 296.6895446777344	 331.14007568359375	 359979.75
25881654.0	 307.29486083984375	 283.7386169433594	 267280.0
25881428.0	 302.5326843261719	 331.20306396484375	 464193.40625
25881406.0	 291.9458312988281	 246.65245056152344	 153077.109375
25881378.0	 309.7234191894531	 312.22467041015625	 347241.84375
25880802.0	 308.2718200683594	 306.8556823730469	 286039.34375
25880778.0	 308.38421630859375	 293.92498779296875	 245612.015625
25880754.0	 312.6865234375	 339.5034484863281	 307864.25
25880704.0	 289.1853332519531	 340.12921142578125	 215545.609375
25880678.0	 301.7779846191406	 348.3549499511719	 374146.3125
25880578.0	 305.9280090332031	 282.00152587890625	 250747.3125
25880502.0	 312.95465087890625	 300.8248596191406	 242200.796875
25880478.0	 300.9003601074219	 354.23516845703125	 287013.78125
25880402.0	 308.575439453125	 325.6449890136719	 310697.65625
25880376.0	 309.14874267578125	 291.3475646972656	 246633.9375
25880278.0	 321.8849182128906	 288.7695617675781	 309865.34375
25880252.0	 313.3912353515625	 310.006591796875	 379719.1875
25880152.0	 304.2444763183594	 327.0387268066406	 359906.09375
25880126.0	 305.6540222167969	 340.2802734375	 338981.40625
25880104.0	 318.8008728027344	 294.3706970214844	 301905.5
25880078.0	 318.7694396972656	 283.0977478027344	 289176.15625
25880052.0	 319.6438293457031	 297.4558410644531	 317734.59375
25948926.0	 367.4765930175781	 179.1332244873047	 474407.71875
25947432.0	 334.88092041015625	 147.1627960205078	 250464.328125
25947406.0	 330.7850341796875	 170.60733032226562	 292386.5
25947376.0	 343.671630859375	 170.82882690429688	 310525.25
25947348.0	 339.037841796875	 155.28099060058594	 285264.4375
25946588.0	 342.2574768066406	 166.4122772216797	 308924.84375
25946558.0	 348.1988220214844	 170.9333953857422	 354931.4375
25946476.0	 335.1527099609375	 167.8917694091797	 312567.8125
25946448.0	 343.9991149902344	 167.2495880126953	 354408.8125
25945884.0	 344.9692687988281	 160.6709747314453	 285202.34375
25945068.0	 326.2855224609375	 154.48898315429688	 307979.6875
25945010.0	 326.1110534667969	 176.07958984375	 373369.15625
25944984.0	 328.7218017578125	 160.13986206054688	 289729.4375
25944644.0	 329.8778381347656	 158.2284393310547	 313839.71875
25944080.0	 330.22552490234375	 162.9149169921875	 280478.0625
25943630.0	 328.60736083984375	 153.48187255859375	 237109.875
25942954.0	 343.9252624511719	 156.08766174316406	 315906.375
25942842.0	 327.6506042480469	 160.14990234375	 283156.78125
25942814.0	 334.8207702636719	 146.84202575683594	 234686.0
25942558.0	 330.7585754394531	 161.60092163085938	 322388.9375
25941742.0	 323.3601379394531	 155.501220703125	 244445.046875
25941714.0	 325.8849182128906	 161.5846710205078	 273384.65625
25941686.0	 335.5210876464844	 146.9669189453125	 219923.9375
25941178.0	 340.8825988769531	 162.81939697265625	 350583.5625
25941152.0	 353.25048828125	 196.909423828125	 448978.5
25940814.0	 333.7842712402344	 153.31942749023438	 252349.0
25940786.0	 332.4520263671875	 156.37376403808594	 259644.15625
25940756.0	 323.8901062011719	 162.389404296875	 278443.40625
25940730.0	 328.5826110839844	 148.1021270751953	 250471.203125
25940560.0	 331.1986389160156	 153.603759765625	 245263.828125
25940418.0	 329.4200744628906	 150.85693359375	 240062.390625
25939236.0	 331.9206848144531	 168.23008728027344	 313209.75
25939150.0	 331.61798095703125	 170.77072143554688	 298550.03125
25939122.0	 338.049072265625	 159.3902130126953	 255258.40625
25939094.0	 332.4562683105469	 147.57728576660156	 232961.671875
25937574.0	 339.5650634765625	 209.7887420654297	 346092.5
25936474.0	 334.4297790527344	 178.96104431152344	 312116.875
25936446.0	 349.67266845703125	 153.49876403808594	 402043.78125
25935180.0	 333.8504638671875	 187.10183715820312	 303584.0
25934840.0	 331.3796691894531	 163.02452087402344	 255653.859375
25934700.0	 336.3197021484375	 203.25091552734375	 423754.1875
25933374.0	 329.8935546875	 186.2412872314453	 299612.71875
25933346.0	 333.2083740234375	 149.28900146484375	 260185.078125
25932980.0	 329.1365966796875	 151.25917053222656	 245920.75
25932924.0	 326.689697265625	 148.80357360839844	 244035.109375
25932870.0	 316.079833984375	 164.78379821777344	 270822.71875
25932474.0	 312.67578125	 175.6784210205078	 270006.28125
25932448.0	 318.056640625	 157.30841064453125	 261780.265625
25932418.0	 323.62396240234375	 169.5357208251953	 278571.875
25931966.0	 326.03277587890625	 164.6575469970703	 289265.75
25931910.0	 326.632080078125	 147.39903259277344	 235334.359375
25931122.0	 322.6440124511719	 154.44674682617188	 256370.09375
25930388.0	 337.02520751953125	 222.4775390625	 338750.5
25929374.0	 330.5677185058594	 217.05532836914062	 301649.46875
25927404.0	 328.926025390625	 203.14566040039062	 325532.09375
25927346.0	 330.3461608886719	 201.1209716796875	 380400.53125
25925824.0	 346.9262390136719	 207.48776245117188	 505024.46875
25923232.0	 317.2294006347656	 182.60699462890625	 275795.09375
25923204.0	 320.7477722167969	 240.20065307617188	 320909.15625
25922272.0	 354.5215148925781	 187.33221435546875	 457448.90625
25922246.0	 359.2315368652344	 143.59339904785156	 323521.5625
25919512.0	 335.9776916503906	 150.2931671142578	 270186.40625
25919344.0	 332.1351623535156	 160.20423889160156	 329046.5625
25918978.0	 331.7624206542969	 175.72055053710938	 386224.6875
25918920.0	 338.147705078125	 154.91375732421875	 324846.40625
25918668.0	 335.00048828125	 165.25950622558594	 272702.03125
25918246.0	 351.74139404296875	 149.6649932861328	 290150.0
25918216.0	 348.4284362792969	 166.46780395507812	 383084.875
25918186.0	 348.09521484375	 165.3126983642578	 451945.84375
25915992.0	 355.053466796875	 179.57444763183594	 537234.625
25915934.0	 355.6714172363281	 167.83981323242188	 434709.90625
25912808.0	 396.74578857421875	 159.18748474121094	 436739.125
25912778.0	 403.79852294921875	 160.80882263183594	 491255.34375
25912748.0	 388.40374755859375	 157.7264862060547	 471768.75
25912524.0	 374.18731689453125	 171.42857360839844	 489738.625
25911002.0	 381.4222412109375	 175.55960083007812	 478875.75
25908184.0	 397.0355224609375	 151.95968627929688	 398062.375
25908156.0	 385.8560485839844	 159.57418823242188	 444568.21875
25908128.0	 389.0271301269531	 164.1749267578125	 478281.1875
25908102.0	 387.7937316894531	 161.64947509765625	 434949.25
25908072.0	 374.79522705078125	 168.9413604736328	 444097.25
25907988.0	 383.0418395996094	 164.6492462158203	 604579.0625
25905452.0	 379.22491455078125	 158.79588317871094	 415197.9375
25884876.0	 392.1067810058594	 159.25473022460938	 715659.875
25882226.0	 411.46270751953125	 149.75048828125	 487670.25
25881128.0	 359.99334716796875	 144.22142028808594	 350977.46875
