START:	 57.60000000000055
END:	 57.70000000000055

r [km]	 vr [km/s]	 np [cm-3]	 T [K]
40072392.0	 277.262451171875	 357.81536865234375	 66158.7109375
40072480.0	 275.9951477050781	 367.5173034667969	 64005.53515625
40072568.0	 276.13031005859375	 373.1604919433594	 68838.1328125
40072660.0	 275.657470703125	 360.3952941894531	 60891.25390625
40072748.0	 275.9254150390625	 368.2141418457031	 66666.2734375
40072836.0	 275.9123840332031	 367.5691833496094	 68567.0390625
40072924.0	 275.1590881347656	 375.7327880859375	 70400.0234375
40073012.0	 275.26885986328125	 363.6009521484375	 65846.75
40073100.0	 275.3943176269531	 369.1110534667969	 67132.3515625
40073192.0	 275.15557861328125	 370.0844421386719	 66085.2421875
40073280.0	 276.9819030761719	 366.2521057128906	 64164.00390625
40073364.0	 275.4914855957031	 363.06927490234375	 66994.515625
40073452.0	 275.29608154296875	 362.9584655761719	 60474.52734375
40073544.0	 275.0108337402344	 369.15582275390625	 65560.5703125
40073632.0	 274.89788818359375	 371.40472412109375	 69157.5859375
40073724.0	 275.5318908691406	 370.2440490722656	 69083.6796875
40073812.0	 275.2596130371094	 369.0201721191406	 70806.5078125
40073896.0	 275.2568359375	 368.3471984863281	 65581.2265625
40074076.0	 276.10858154296875	 369.2635498046875	 59637.28125
40074164.0	 275.9817199707031	 367.2930603027344	 66792.5703125
40074256.0	 276.97308349609375	 371.2778625488281	 64843.140625
40074344.0	 275.5249938964844	 373.9023742675781	 73400.296875
40074432.0	 275.9119873046875	 360.4971618652344	 65181.3046875
40074520.0	 275.54071044921875	 365.27838134765625	 66425.0625
40074608.0	 276.0317077636719	 363.6015625	 67586.1953125
40074696.0	 276.2050476074219	 370.7781982421875	 65805.390625
40074788.0	 275.300048828125	 367.3616638183594	 70277.5078125
40074876.0	 275.7326965332031	 359.3082275390625	 63323.77734375
40074968.0	 275.6851806640625	 366.13909912109375	 68638.5546875
40075052.0	 275.0043029785156	 367.1276550292969	 63900.62890625
40075140.0	 275.17205810546875	 369.3983459472656	 64696.98046875
40075232.0	 275.12335205078125	 375.7660827636719	 66348.0
40075320.0	 274.4949645996094	 358.1087646484375	 60087.85546875
40075408.0	 275.4707946777344	 368.5452575683594	 65481.50390625
40075500.0	 274.46575927734375	 368.940673828125	 65296.65625
40075584.0	 274.01666259765625	 365.65179443359375	 65365.09375
40075676.0	 274.5868225097656	 368.3439636230469	 60656.54296875
40075764.0	 273.225341796875	 361.8432922363281	 58710.29296875
40075852.0	 272.7785339355469	 361.09735107421875	 55781.4609375
40075940.0	 272.8268737792969	 355.77325439453125	 52852.0078125
40076032.0	 273.7696533203125	 355.3915100097656	 58041.1328125
40076116.0	 274.7928466796875	 369.9715576171875	 64235.0703125
40076208.0	 274.01214599609375	 364.1617126464844	 58143.14453125
40076292.0	 272.6096496582031	 366.3106689453125	 61123.89453125
40076384.0	 273.76654052734375	 363.4419250488281	 58663.22265625
40076472.0	 271.5385437011719	 357.207763671875	 56203.28125
40076564.0	 272.5900573730469	 360.8173828125	 52522.89453125
40076648.0	 273.1293640136719	 358.8714904785156	 53689.0234375
40076740.0	 272.96893310546875	 353.393310546875	 50316.69140625
40076828.0	 272.9270935058594	 357.0240173339844	 51980.515625
40077008.0	 274.0751953125	 347.4566345214844	 44130.52734375
40077096.0	 272.4331970214844	 354.6889343261719	 52418.30078125
40077180.0	 273.5132751464844	 366.33123779296875	 55335.0234375
40077272.0	 273.96356201171875	 373.98455810546875	 55914.4375
40077360.0	 272.3778076171875	 359.2601318359375	 54909.26171875
40077452.0	 273.3478088378906	 362.3696594238281	 54870.37109375
40077540.0	 274.27740478515625	 378.444580078125	 62584.05078125
40077628.0	 274.74249267578125	 367.900634765625	 61783.6171875
40077712.0	 276.3766174316406	 371.4707946777344	 63634.8359375
40077804.0	 276.451171875	 367.4698181152344	 63613.3046875
40077892.0	 275.0390930175781	 375.1393737792969	 73380.4765625
40077980.0	 277.181884765625	 367.7709045410156	 65901.234375
40078072.0	 275.99468994140625	 371.6284484863281	 67957.0234375
40078160.0	 275.9012145996094	 370.8581237792969	 63958.51953125
40078244.0	 276.6256103515625	 369.4875183105469	 60221.37890625
40078336.0	 275.1923828125	 364.1015625	 65781.78125
40078424.0	 274.7999267578125	 368.1387939453125	 63262.765625
40078516.0	 274.80078125	 366.38555908203125	 61274.61328125
40078604.0	 274.5691833496094	 365.2244567871094	 63096.5390625
40078696.0	 276.5064697265625	 371.15411376953125	 64459.24609375
40078784.0	 276.29412841796875	 366.0650939941406	 61632.83203125
40078868.0	 275.6869201660156	 369.8963928222656	 63085.6640625
40078956.0	 276.3137512207031	 357.8616943359375	 57386.5078125
40079048.0	 275.6394348144531	 371.7621765136719	 65283.296875
40079136.0	 276.2427062988281	 368.9522705078125	 61164.765625
40079224.0	 275.8651428222656	 367.914306640625	 61080.671875
40079316.0	 275.9859924316406	 363.3372497558594	 61377.40625
40079400.0	 274.0452575683594	 357.5124816894531	 55413.10546875
40079492.0	 276.02984619140625	 361.8697509765625	 61062.6015625
40079580.0	 272.923095703125	 361.95489501953125	 57223.94140625
40079668.0	 274.16839599609375	 355.9910888671875	 52470.9765625
40079760.0	 273.4048767089844	 356.9909973144531	 52935.97265625
40079932.0	 273.78173828125	 352.7962951660156	 47631.08984375
40080020.0	 273.1308898925781	 352.4632873535156	 52990.3671875
40080112.0	 273.1407470703125	 362.8477478027344	 58354.71484375
40080200.0	 273.53826904296875	 362.4745788574219	 56784.01171875
40080292.0	 273.1804504394531	 372.2541198730469	 60566.171875
40080380.0	 275.5185546875	 370.9493408203125	 62045.95703125
40080464.0	 275.0723876953125	 367.2179870605469	 65504.015625
40080552.0	 275.27166748046875	 364.5772399902344	 59708.42578125
40080644.0	 275.2131042480469	 364.26214599609375	 59954.234375
40080732.0	 274.5813903808594	 366.52703857421875	 59522.58984375
40080824.0	 275.4464416503906	 365.6019287109375	 57988.79296875
40080912.0	 274.4252624511719	 360.3702392578125	 56796.7265625
40081000.0	 274.1037292480469	 372.4639587402344	 60956.75390625
40081088.0	 274.87548828125	 364.8063659667969	 56816.55859375
40081180.0	 275.2137756347656	 362.79083251953125	 53982.35546875
40081268.0	 274.78546142578125	 365.68206787109375	 58411.03515625
40081356.0	 274.4320373535156	 357.9880065917969	 53072.171875
40081448.0	 273.9295349121094	 365.1444091796875	 54640.84765625
40081532.0	 272.0833740234375	 359.81146240234375	 52233.8828125
40081620.0	 272.1934509277344	 368.6965026855469	 52502.1328125
40081708.0	 272.9554748535156	 356.47723388671875	 48624.79296875
40081800.0	 274.1871643066406	 374.8451232910156	 59780.234375
40081888.0	 274.2530212402344	 351.7201843261719	 47690.12890625
40081980.0	 273.7244873046875	 358.66339111328125	 54149.3203125
40082064.0	 274.4117126464844	 357.7407531738281	 50823.96484375
40082152.0	 273.5571594238281	 365.7424011230469	 54336.73828125
40082240.0	 274.3648986816406	 358.3061218261719	 51519.34375
40082332.0	 274.501708984375	 362.2503967285156	 52579.5859375
40082420.0	 273.9925231933594	 357.3289794921875	 51246.6015625
40082512.0	 274.6822814941406	 365.6181640625	 50649.00390625
40082596.0	 275.278564453125	 367.9592590332031	 53778.3984375
40082684.0	 272.98785400390625	 362.24981689453125	 49009.08984375
40082864.0	 273.4644470214844	 354.2872314453125	 41482.57421875
40082952.0	 272.7811279296875	 363.2447814941406	 49742.703125
40083044.0	 273.82269287109375	 363.3088073730469	 47900.9296875
40083128.0	 274.1816711425781	 359.9159851074219	 47269.5078125
40083220.0	 274.1412048339844	 361.4463806152344	 49496.96484375
40083308.0	 273.6343688964844	 361.0113525390625	 49344.03125
40083396.0	 273.2556457519531	 358.7803955078125	 47638.984375
40083484.0	 273.2361755371094	 355.32763671875	 46894.76171875
40083576.0	 272.6095275878906	 363.5246276855469	 49229.7734375
40083660.0	 272.63970947265625	 362.1733703613281	 52073.578125
40083748.0	 273.3675231933594	 359.91473388671875	 46201.03125
40083840.0	 272.95172119140625	 362.8417053222656	 49803.19921875
40083928.0	 273.4129943847656	 352.51947021484375	 47560.51953125
40084016.0	 274.42205810546875	 365.4406433105469	 49645.34765625
40084108.0	 274.3980407714844	 369.4583435058594	 49102.8828125
40084192.0	 272.86151123046875	 366.0977478027344	 49069.8671875
40084284.0	 273.6273498535156	 359.31646728515625	 45670.69140625
40084372.0	 275.40899658203125	 366.57568359375	 49148.5078125
40084460.0	 273.7765808105469	 351.2026672363281	 45141.6953125
40084552.0	 273.3819580078125	 371.5073547363281	 50219.8671875
40084640.0	 273.38861083984375	 357.0905456542969	 46899.75
40084724.0	 273.36785888671875	 368.54559326171875	 51312.35546875
40084816.0	 273.3326721191406	 355.5086975097656	 45858.44140625
40084904.0	 273.43365478515625	 357.76904296875	 42909.30859375
40084992.0	 273.5296936035156	 365.197265625	 48084.3046875
40085084.0	 273.4278259277344	 362.77587890625	 46128.90625
40085172.0	 273.6854248046875	 354.44720458984375	 44698.27734375
40085260.0	 273.5533447265625	 353.55035400390625	 45765.46875
40085348.0	 273.4483947753906	 354.620361328125	 46813.6328125
40085436.0	 273.8022155761719	 361.59326171875	 48079.75
40085528.0	 274.6256408691406	 359.6673889160156	 47123.78515625
40085616.0	 276.2402038574219	 370.7684631347656	 48529.078125
40085792.0	 275.4769592285156	 347.5054016113281	 40404.91015625
40085880.0	 276.1014404296875	 370.8576965332031	 49792.56640625
40085968.0	 276.06768798828125	 368.4452209472656	 49608.79296875
40086060.0	 276.6565856933594	 369.95733642578125	 48758.921875
40086148.0	 277.2750244140625	 367.9348449707031	 50385.25
40086236.0	 277.42095947265625	 372.1017150878906	 52666.140625
40086324.0	 278.6456298828125	 365.93157958984375	 49151.55078125
40086412.0	 277.6036376953125	 369.7284240722656	 51027.671875
40086504.0	 277.8262634277344	 366.283447265625	 48921.75390625
40086592.0	 277.5487060546875	 362.8993835449219	 51109.8515625
40086680.0	 277.76312255859375	 368.5238342285156	 47464.4140625
40086764.0	 277.8834228515625	 371.1904602050781	 49296.421875
40086856.0	 275.4976501464844	 372.1091613769531	 57657.33984375
40086944.0	 275.6274719238281	 375.04864501953125	 49630.34765625
40087036.0	 275.07635498046875	 362.04473876953125	 47586.875
40087124.0	 277.4646301269531	 368.0931701660156	 51688.4765625
40087212.0	 278.2424621582031	 371.49151611328125	 49681.78515625
40087300.0	 276.41015625	 364.94659423828125	 44717.9296875
40087388.0	 276.4504699707031	 369.77764892578125	 50521.09765625
40087480.0	 277.2105407714844	 363.4173583984375	 46702.5390625
40087568.0	 277.847412109375	 368.1844482421875	 48078.7890625
40087656.0	 277.7969665527344	 369.3365783691406	 48178.53125
40087744.0	 277.3390808105469	 364.6484680175781	 49089.375
40087832.0	 276.51593017578125	 371.1863708496094	 51842.09375
40087920.0	 276.2056579589844	 366.7215270996094	 49477.5
40088012.0	 276.51947021484375	 368.6309814453125	 51027.61328125
40088100.0	 276.4067077636719	 362.7393798828125	 49534.40234375
40088188.0	 277.0863037109375	 366.8348388671875	 50206.89453125
40088280.0	 276.2737121582031	 362.263671875	 47603.84765625
40088364.0	 276.8760070800781	 368.05621337890625	 49841.5859375
40088452.0	 276.7923583984375	 358.6517639160156	 45120.671875
40088544.0	 274.1967468261719	 364.9095764160156	 50413.6875
40088720.0	 275.1432189941406	 355.54150390625	 41891.6640625
40088812.0	 272.54791259765625	 357.91314697265625	 47892.59765625
40088896.0	 275.0765380859375	 365.58221435546875	 47923.87109375
40088984.0	 273.7050476074219	 362.0585632324219	 45675.46484375
40089076.0	 274.27130126953125	 365.7768249511719	 48545.546875
40089164.0	 273.6695556640625	 359.52081298828125	 48829.33984375
40089256.0	 273.1200866699219	 366.6383056640625	 51912.30859375
40089344.0	 273.2544860839844	 356.2245788574219	 47328.6640625
40089432.0	 272.2947082519531	 364.5214538574219	 53001.36328125
40089520.0	 272.7864074707031	 355.6014404296875	 46178.5625
40089608.0	 272.71368408203125	 358.5558776855469	 48599.1484375
40089696.0	 274.0318908691406	 366.1104431152344	 51407.72265625
40089788.0	 272.9979248046875	 359.435302734375	 48027.546875
40089876.0	 273.4486083984375	 354.4291076660156	 48609.46875
40089964.0	 272.8558349609375	 349.5321350097656	 42375.51171875
40090052.0	 272.57421875	 358.43292236328125	 48982.13671875
40090140.0	 272.5273742675781	 354.6150817871094	 44832.453125
40090232.0	 272.5435485839844	 359.4781188964844	 49659.7421875
40090320.0	 272.837158203125	 352.9203186035156	 43894.8671875
40090404.0	 272.4019775390625	 359.9448547363281	 48732.21875
40090496.0	 273.9304504394531	 371.8262939453125	 51382.7109375
40090584.0	 274.8303527832031	 361.9156799316406	 47284.06640625
40090672.0	 275.96405029296875	 365.107666015625	 49893.796875
40090764.0	 276.4668273925781	 373.0904846191406	 49745.51953125
40090852.0	 275.9887390136719	 358.46759033203125	 48434.65625
40090936.0	 276.2727966308594	 368.01751708984375	 47415.890625
40091024.0	 275.6741027832031	 373.6083984375	 53461.00390625
40091116.0	 277.12103271484375	 360.3426818847656	 48074.03125
40091204.0	 276.0071105957031	 375.2798156738281	 49049.59765625
40091296.0	 276.2161560058594	 368.8750915527344	 47661.56640625
40091384.0	 275.8400573730469	 369.1417236328125	 48464.0546875
40091468.0	 276.010009765625	 362.77154541015625	 48923.796875
40091648.0	 276.4808654785156	 340.78448486328125	 38238.02734375
40091740.0	 274.76611328125	 356.0223693847656	 44917.58203125
40091828.0	 274.4317321777344	 364.030029296875	 47802.9453125
40091916.0	 274.8871765136719	 361.72265625	 45984.6640625
40092004.0	 275.3297424316406	 361.84674072265625	 46194.87890625
40092092.0	 274.7879943847656	 365.03009033203125	 51601.60546875
40092180.0	 274.4613342285156	 360.1878356933594	 48749.6953125
40092272.0	 274.2876892089844	 364.73760986328125	 47530.24609375
40092360.0	 274.1524658203125	 362.8856201171875	 46919.859375
40092448.0	 275.1490173339844	 369.77093505859375	 48915.296875
40092536.0	 274.94927978515625	 364.3734130859375	 48368.4453125
40092624.0	 274.3362121582031	 364.3857727050781	 47905.4140625
40092716.0	 274.364990234375	 366.47216796875	 46161.66796875
40092804.0	 274.5782470703125	 361.10675048828125	 46949.8671875
40092892.0	 275.31512451171875	 358.7869873046875	 46958.06640625
40092980.0	 275.1802978515625	 364.05059814453125	 46316.1171875
40093068.0	 274.4641418457031	 365.8998718261719	 50721.33203125
40093156.0	 274.80487060546875	 364.18804931640625	 49174.1796875
40093244.0	 274.4866638183594	 366.5005798339844	 48699.63671875
40093336.0	 276.32525634765625	 356.12335205078125	 46136.65625
40093424.0	 276.1121520996094	 363.7817077636719	 48274.3203125
40093512.0	 275.434326171875	 362.2817077636719	 50290.21484375
40093600.0	 274.1578674316406	 357.35552978515625	 47995.5234375
40093692.0	 275.5362854003906	 363.1749267578125	 47846.2109375
40093780.0	 276.532470703125	 364.3387451171875	 48755.22265625
40093868.0	 275.5382385253906	 367.39202880859375	 49848.16796875
40093960.0	 277.1455078125	 362.4863586425781	 49084.25390625
40094044.0	 275.9427185058594	 368.75433349609375	 51812.21484375
40094132.0	 274.8374328613281	 358.0909729003906	 46878.83203125
40094224.0	 274.1847229003906	 355.3027648925781	 46262.4765625
40094312.0	 273.5045166015625	 361.8563232421875	 47039.73828125
40094400.0	 274.25042724609375	 366.1808776855469	 49031.375
40094576.0	 277.62554931640625	 350.526123046875	 42126.55078125
40094664.0	 275.2648620605469	 362.5452880859375	 50192.28515625
40094756.0	 276.521728515625	 364.90740966796875	 47938.98046875
40094844.0	 275.5185546875	 360.45953369140625	 47306.58984375
40094932.0	 275.6611633300781	 360.20941162109375	 44852.08984375
40095020.0	 275.21026611328125	 366.628662109375	 48454.85546875
40095108.0	 275.1455993652344	 368.0093688964844	 48175.8671875
40095200.0	 274.9148864746094	 373.87042236328125	 49553.1640625
40095288.0	 275.57928466796875	 363.60772705078125	 45742.6875
40095376.0	 275.6992492675781	 372.42138671875	 50903.828125
40095464.0	 274.56097412109375	 368.42755126953125	 50967.75390625
40095552.0	 274.09796142578125	 364.0640563964844	 47770.703125
40095640.0	 271.9565734863281	 362.943603515625	 48942.9140625
40095732.0	 273.560546875	 361.5341796875	 48092.94140625
40095824.0	 273.4800109863281	 355.9101867675781	 44555.46875
40095908.0	 271.5451354980469	 352.02557373046875	 44015.78515625
40096000.0	 272.0253601074219	 366.42327880859375	 49099.5546875
40096084.0	 271.8487243652344	 361.67822265625	 48074.21875
40096176.0	 271.81890869140625	 358.136474609375	 47630.88671875
40096264.0	 272.8403625488281	 350.6416015625	 44330.48828125
40096352.0	 272.1564025878906	 349.35626220703125	 44604.45703125
40096440.0	 273.1363525390625	 351.7281494140625	 42908.34375
40096528.0	 273.3876953125	 349.93438720703125	 43680.95703125
40096616.0	 272.88427734375	 356.05462646484375	 48459.97265625
40096708.0	 272.09100341796875	 356.4679870605469	 45831.2734375
40096796.0	 273.25555419921875	 347.9101257324219	 41857.109375
40096884.0	 273.3746337890625	 364.56982421875	 47506.37109375
40096972.0	 273.7769775390625	 352.1873474121094	 44446.00390625
40097060.0	 272.2254943847656	 354.04638671875	 45349.0859375
40097148.0	 274.2097473144531	 362.47955322265625	 47864.01171875
40097240.0	 273.72137451171875	 360.5132141113281	 44885.234375
40097328.0	 273.553955078125	 357.47894287109375	 48553.90625
40097508.0	 273.9591064453125	 344.9507141113281	 38315.7890625
40097592.0	 274.2793273925781	 356.4505615234375	 46139.6796875
40097680.0	 274.07208251953125	 357.7142333984375	 43969.7421875
40097772.0	 275.5979919433594	 366.8690185546875	 47230.8984375
40097860.0	 275.7542724609375	 369.51910400390625	 48260.06640625
40097952.0	 276.2677917480469	 368.52398681640625	 47151.19921875
40098036.0	 276.2741394042969	 369.5585632324219	 47503.30078125
40098124.0	 275.650390625	 356.4253845214844	 43682.84375
40098216.0	 275.41619873046875	 350.7156982421875	 46453.48046875
40098304.0	 275.4425964355469	 361.64923095703125	 46076.328125
40098396.0	 275.7162780761719	 357.4052734375	 46349.80859375
40098484.0	 274.34722900390625	 359.6188659667969	 47618.23046875
40098568.0	 274.67083740234375	 354.1458435058594	 43863.6484375
40098660.0	 273.6578063964844	 361.5415954589844	 48516.2265625
40098748.0	 272.0804443359375	 350.7514953613281	 40576.40234375
40098840.0	 271.9182434082031	 354.4338073730469	 43781.1875
40098928.0	 273.50909423828125	 350.6527099609375	 41735.31640625
40099012.0	 272.3821716308594	 358.5579833984375	 47844.953125
40099100.0	 272.4147033691406	 356.16064453125	 44284.421875
40099192.0	 271.5081481933594	 358.4590148925781	 46198.68359375
40099280.0	 271.631103515625	 354.88677978515625	 42860.08203125
40099372.0	 272.3587951660156	 348.6873474121094	 44240.96484375
40099456.0	 272.1111145019531	 350.19366455078125	 45597.78515625
40099544.0	 272.6853942871094	 357.4725036621094	 46318.51953125
40099632.0	 271.99981689453125	 354.4849853515625	 45687.171875
40099724.0	 271.571044921875	 353.7347412109375	 44494.375
40099812.0	 271.80059814453125	 361.69390869140625	 48110.2578125
40099900.0	 270.8648986816406	 348.1653747558594	 42747.109375
40099992.0	 271.85052490234375	 351.4571838378906	 44773.83984375
40100080.0	 271.9180603027344	 345.48724365234375	 38591.7578125
40100168.0	 271.0211181640625	 352.5989074707031	 45874.2734375
40100256.0	 271.4515380859375	 350.7787170410156	 43397.17578125
40100436.0	 271.98114013671875	 341.07025146484375	 36939.109375
40100520.0	 271.3902893066406	 357.40155029296875	 48101.0859375
40100612.0	 271.6578674316406	 354.388671875	 45683.5390625
40100700.0	 271.2742004394531	 358.0033264160156	 47479.109375
40100788.0	 273.07464599609375	 351.70880126953125	 44935.6328125
40100880.0	 272.69140625	 367.59197998046875	 55218.35546875
40100968.0	 272.8984069824219	 365.5579833984375	 50972.8046875
40101056.0	 273.95831298828125	 369.6093444824219	 51725.55859375
40101144.0	 272.6754455566406	 374.8751220703125	 57524.5703125
40101232.0	 274.6860656738281	 365.46063232421875	 50020.70703125
40101320.0	 273.7049560546875	 361.4729309082031	 48361.68359375
40101412.0	 274.21734619140625	 362.11956787109375	 49115.5390625
40101496.0	 274.1097106933594	 374.2441101074219	 53986.41015625
40101584.0	 276.5003662109375	 369.23760986328125	 50032.37109375
40101676.0	 274.9336853027344	 370.9877014160156	 54860.140625
40101764.0	 275.56103515625	 369.8404541015625	 53438.6640625
40101856.0	 275.2640380859375	 367.10565185546875	 50021.0625
40101944.0	 276.3262023925781	 377.32183837890625	 53027.50390625
40102028.0	 275.9053039550781	 375.15948486328125	 52219.703125
40102116.0	 276.22247314453125	 363.3765563964844	 48594.63671875
40102208.0	 276.0691223144531	 364.9870910644531	 50106.16796875
40102300.0	 277.0556945800781	 379.6235656738281	 51603.62109375
40102388.0	 277.2462463378906	 377.0586853027344	 52377.015625
40102472.0	 275.5884704589844	 372.8173522949219	 51559.03515625
40102560.0	 275.9726257324219	 378.5115966796875	 52929.05859375
40102652.0	 277.0837097167969	 382.4391174316406	 56055.03515625
40102740.0	 277.64398193359375	 378.1185302734375	 59097.98828125
40102832.0	 277.97882080078125	 378.8065490722656	 53280.0625
40102920.0	 278.0152893066406	 376.9345703125	 54951.7109375
40103004.0	 278.35260009765625	 371.0566711425781	 48676.0859375
40103096.0	 277.6844482421875	 381.453369140625	 53486.82421875
40103184.0	 277.68768310546875	 373.930908203125	 53719.23046875
40103364.0	 278.5574645996094	 369.861083984375	 48096.08984375
40103452.0	 277.388916015625	 382.2906494140625	 55890.1875
40103536.0	 278.5097961425781	 373.0825500488281	 51710.27734375
40103628.0	 277.8309326171875	 370.3921813964844	 50980.05859375
40103716.0	 277.5823669433594	 380.3846740722656	 55017.71484375
40103808.0	 278.1642150878906	 379.50335693359375	 53332.60546875
40103892.0	 277.0662536621094	 378.9463195800781	 54828.94921875
40103980.0	 277.4079284667969	 372.2554016113281	 52454.84375
40104068.0	 277.87939453125	 378.5575256347656	 55733.109375
40104160.0	 277.8960266113281	 374.3797607421875	 54496.67578125
40104248.0	 276.6622009277344	 380.7884521484375	 55709.55078125
40104340.0	 278.434326171875	 375.1785888671875	 52265.484375
40104428.0	 278.40106201171875	 379.1858215332031	 54075.72265625
40104516.0	 277.11663818359375	 374.6539001464844	 54723.875
40104604.0	 276.6385192871094	 364.0248718261719	 47350.6640625
40104692.0	 273.5681457519531	 366.2187805175781	 46847.6484375
40104784.0	 273.3551025390625	 371.6465148925781	 48218.21484375
40104872.0	 273.7625427246094	 369.3406677246094	 47573.9609375
40104960.0	 273.9544677734375	 360.42120361328125	 46766.04296875
40105048.0	 273.71331787109375	 369.2265930175781	 47641.86328125
40105136.0	 273.26007080078125	 371.8843994140625	 49362.07421875
40105224.0	 273.509033203125	 367.35308837890625	 48338.8359375
40105316.0	 273.49090576171875	 369.5931091308594	 47067.1328125
40105400.0	 272.1803894042969	 368.4616394042969	 47057.56640625
40105492.0	 272.98553466796875	 360.21881103515625	 46355.43359375
40105580.0	 273.000732421875	 370.22021484375	 47913.87109375
40105668.0	 273.4342346191406	 359.8133850097656	 41634.4140625
40105760.0	 272.3011474609375	 369.4959716796875	 48746.03125
40105848.0	 273.20391845703125	 363.8036193847656	 44494.9765625
40105932.0	 272.79486083984375	 366.4202575683594	 44749.11328125
40106024.0	 273.8258361816406	 367.36962890625	 46495.5703125
40106112.0	 274.3276672363281	 368.6739196777344	 46640.2734375
40106292.0	 273.8973083496094	 349.81732177734375	 39486.5703125
40106376.0	 273.7500305175781	 373.7481384277344	 47273.96484375
40106468.0	 273.21136474609375	 365.4655456542969	 47356.94140625
40106556.0	 274.22589111328125	 370.2822570800781	 47032.35546875
40106644.0	 273.7911376953125	 373.4802551269531	 49051.09765625
40106736.0	 274.1900329589844	 372.2967529296875	 48376.5703125
40106824.0	 274.2955017089844	 372.53607177734375	 48815.28125
40106912.0	 274.0585021972656	 374.0092468261719	 49449.36328125
40106996.0	 274.36676025390625	 369.0216064453125	 47741.51953125
40107088.0	 273.6136779785156	 378.0781555175781	 47623.73828125
40107176.0	 274.537841796875	 369.78717041015625	 44891.10546875
40107268.0	 274.6174011230469	 364.54669189453125	 43883.9609375
40107352.0	 274.1453552246094	 367.0163269042969	 46408.4296875
40107440.0	 273.9148864746094	 375.6497802734375	 49076.39453125
40107532.0	 274.3348693847656	 373.8829040527344	 47825.1171875
40107620.0	 274.930419921875	 373.338134765625	 46328.0078125
40107712.0	 274.595458984375	 370.4944152832031	 47493.58203125
40107800.0	 274.24627685546875	 371.4018859863281	 48223.203125
40107884.0	 274.28790283203125	 374.6933288574219	 51929.41796875
40107972.0	 274.3489685058594	 368.3910217285156	 50186.13671875
40108064.0	 274.6669006347656	 373.5359191894531	 46222.8984375
40108152.0	 275.2579345703125	 374.2157897949219	 49254.91796875
40108244.0	 274.0232849121094	 369.257568359375	 51569.75390625
40108328.0	 274.13262939453125	 377.01727294921875	 47950.234375
40108416.0	 273.6103820800781	 378.8506774902344	 49004.39453125
40108504.0	 273.72625732421875	 365.8726806640625	 46782.29296875
40108596.0	 274.4937744140625	 371.90155029296875	 46345.00390625
40108688.0	 274.26116943359375	 366.3205261230469	 44584.09375
40108776.0	 274.7277526855469	 368.09515380859375	 44843.60546875
40108860.0	 274.2337951660156	 375.45904541015625	 49539.33984375
40108952.0	 274.3982849121094	 360.62615966796875	 45310.375
40109040.0	 274.3551940917969	 366.0649108886719	 45690.984375
40109220.0	 274.65802001953125	 359.7427673339844	 42867.92578125
40109304.0	 274.4100341796875	 376.5255432128906	 50702.2265625
40109392.0	 273.5570068359375	 372.2054443359375	 51024.90625
40109484.0	 273.7840881347656	 380.853759765625	 52601.3203125
40109572.0	 274.8106384277344	 369.586181640625	 48486.03515625
40109664.0	 274.4019470214844	 374.6558532714844	 50890.31640625
40109748.0	 273.8179016113281	 378.30780029296875	 51529.0234375
40109836.0	 274.4147033691406	 374.7209777832031	 51737.01171875
40109928.0	 273.9701843261719	 368.5101623535156	 51332.64453125
40110016.0	 274.6876525878906	 371.58050537109375	 48378.5390625
40110104.0	 274.3773193359375	 369.8258056640625	 46649.59765625
40110196.0	 274.9202575683594	 363.675537109375	 46432.375
40110280.0	 274.59112548828125	 367.85565185546875	 47105.10546875
40110368.0	 274.3785705566406	 364.48388671875	 49036.5390625
40110460.0	 274.4929504394531	 366.0643005371094	 48767.25
40110548.0	 273.8829650878906	 367.3392333984375	 44976.38671875
40110640.0	 274.76202392578125	 362.5049743652344	 49854.6953125
40110724.0	 273.95538330078125	 362.9732360839844	 47497.62890625
40110816.0	 274.10498046875	 372.3997802734375	 51494.171875
40110904.0	 273.55364990234375	 373.183837890625	 50357.921875
40110992.0	 274.40155029296875	 375.2087097167969	 50895.72265625
40111084.0	 273.21337890625	 370.4489440917969	 49298.25
40111168.0	 274.75189208984375	 365.2125549316406	 49512.06640625
40111256.0	 273.4458312988281	 372.9541015625	 50798.0703125
40111348.0	 272.7496032714844	 370.2982177734375	 54079.48046875
40111436.0	 274.199951171875	 374.0137939453125	 49616.01953125
40111524.0	 273.0874938964844	 372.95452880859375	 53346.03515625
40111616.0	 273.2459716796875	 368.31829833984375	 48125.83984375
40111700.0	 273.4684753417969	 371.8509216308594	 48195.95703125
40111788.0	 273.2135009765625	 368.8234558105469	 47404.12890625
40111880.0	 273.5564270019531	 370.19769287109375	 47230.23828125
40111968.0	 273.4326171875	 371.2584228515625	 52536.71875
40112144.0	 275.555908203125	 348.7593078613281	 37956.4453125
40112232.0	 275.28411865234375	 366.62152099609375	 49531.58984375
40112320.0	 274.68402099609375	 373.9032287597656	 51762.89453125
40112412.0	 274.8694152832031	 372.45513916015625	 49747.44921875
40112500.0	 275.02685546875	 361.45074462890625	 48032.6484375
40112588.0	 274.8966064453125	 372.1346740722656	 53782.81640625
40112676.0	 274.95660400390625	 374.3255310058594	 48409.52734375
40112764.0	 276.3668212890625	 373.83868408203125	 50977.10546875
40112856.0	 275.459228515625	 372.7052307128906	 49469.640625
40112944.0	 275.7599792480469	 375.50732421875	 51355.23828125
40113036.0	 275.0777893066406	 371.2602844238281	 48580.03515625
40113120.0	 275.1542053222656	 374.9857482910156	 49084.07421875
40113212.0	 275.5960693359375	 363.757080078125	 44872.27734375
40113300.0	 274.8998107910156	 367.983642578125	 49060.21484375
40113388.0	 275.6898498535156	 365.1226501464844	 48384.5859375
40113476.0	 275.2134094238281	 372.0137634277344	 55557.2421875
40113564.0	 275.78228759765625	 367.50518798828125	 47216.796875
40113652.0	 275.7427062988281	 364.28692626953125	 46048.80859375
40113744.0	 275.8372802734375	 366.28106689453125	 48403.35546875
40113832.0	 276.34588623046875	 375.2722473144531	 48766.33984375
40113920.0	 276.4340515136719	 366.4906005859375	 48437.44140625
40114008.0	 274.57574462890625	 371.6373596191406	 49107.47265625
40114096.0	 275.4425048828125	 367.05841064453125	 47551.1015625
40114184.0	 276.0191955566406	 371.4454040527344	 46770.58203125
40114276.0	 274.2442321777344	 373.2460632324219	 53554.5
40114364.0	 275.4574890136719	 365.40643310546875	 46961.8671875
40114452.0	 275.7207336425781	 362.81842041015625	 45078.390625
40114540.0	 274.87298583984375	 372.5670471191406	 50369.61328125
40114628.0	 275.5858459472656	 366.3289489746094	 50106.265625
40114716.0	 274.8434753417969	 370.8256530761719	 50597.140625
40114808.0	 274.4966125488281	 373.24853515625	 50595.984375
40114896.0	 273.97216796875	 368.5768127441406	 51522.359375
40115072.0	 277.2666931152344	 375.1553039550781	 54915.1015625
40115164.0	 276.1078796386719	 382.19830322265625	 55394.296875
40115252.0	 276.3390808105469	 377.7675476074219	 52009.79296875
40115340.0	 277.1369934082031	 384.1120300292969	 54609.25390625
40115424.0	 277.3640441894531	 374.2730407714844	 51434.796875
40115516.0	 277.7911682128906	 373.76416015625	 51164.8984375
40115604.0	 277.2611999511719	 381.71722412109375	 54245.9921875
40115696.0	 278.0916748046875	 385.02313232421875	 53868.02734375
40115784.0	 278.0149841308594	 374.9550476074219	 51321.0
40115872.0	 277.5360412597656	 381.4733581542969	 56421.58203125
40115960.0	 275.0972900390625	 369.7226867675781	 50883.12890625
40116048.0	 275.03143310546875	 372.9250183105469	 51942.0546875
40116136.0	 275.2181396484375	 372.5877685546875	 49850.2578125
40116228.0	 275.15283203125	 365.0818176269531	 43772.92578125
40116316.0	 275.0525817871094	 367.7297668457031	 49557.2109375
40116404.0	 274.4297790527344	 372.711669921875	 50269.66015625
40116492.0	 274.9163818359375	 363.51947021484375	 48756.53515625
40116580.0	 274.7454833984375	 373.1927185058594	 51782.3828125
40116668.0	 274.3295593261719	 371.29156494140625	 47315.125
40116760.0	 274.8639831542969	 373.3169250488281	 48135.54296875
40116844.0	 275.22021484375	 363.4705505371094	 44890.2265625
40116936.0	 274.5398864746094	 366.4830322265625	 48308.75
40117024.0	 274.6343688964844	 368.4997253417969	 47764.8203125
40117116.0	 275.4081726074219	 374.3389892578125	 47383.40625
40117204.0	 275.76239013671875	 373.93878173828125	 48511.12890625
40117288.0	 275.8199768066406	 372.81640625	 51080.87890625
40117380.0	 274.9505920410156	 364.6456604003906	 43761.75
40117468.0	 274.45623779296875	 375.9580993652344	 52667.65625
40117560.0	 275.1448059082031	 372.03826904296875	 48806.296875
40117648.0	 275.27911376953125	 373.2035217285156	 48272.796875
40117736.0	 275.537353515625	 370.3313903808594	 46799.2265625
40117824.0	 274.75726318359375	 374.68524169921875	 50738.5390625
40118000.0	 275.3760681152344	 349.2295227050781	 38920.7578125
40118092.0	 274.90478515625	 379.94610595703125	 52402.09765625
40118180.0	 275.2634582519531	 378.47314453125	 49771.1953125
40118264.0	 274.7348327636719	 364.75909423828125	 47448.578125
40118356.0	 274.8670959472656	 372.4376220703125	 49307.203125
40118444.0	 274.8366394042969	 372.46905517578125	 49132.09375
40118532.0	 275.2982177734375	 371.44921875	 49855.7265625
40118624.0	 276.47186279296875	 367.5834045410156	 46732.51953125
40118708.0	 275.6599426269531	 366.83355712890625	 50629.87109375
40118796.0	 276.6533508300781	 374.817626953125	 48986.83984375
40118888.0	 276.1011047363281	 367.2301025390625	 48529.8515625
40118976.0	 275.9612731933594	 368.07086181640625	 47271.515625
40119064.0	 278.2466735839844	 382.8656921386719	 51126.27734375
40119152.0	 278.9853820800781	 380.59991455078125	 51983.7578125
40119244.0	 278.32318115234375	 379.0756530761719	 48219.3828125
40119332.0	 278.7246398925781	 380.3052978515625	 50035.36328125
40119420.0	 278.69073486328125	 376.99761962890625	 53364.12109375
40119512.0	 277.01837158203125	 382.1429443359375	 54156.08203125
40119596.0	 278.34332275390625	 387.4449462890625	 53890.16015625
40119684.0	 277.9280700683594	 385.42266845703125	 52908.8359375
40119776.0	 277.0841979980469	 385.84130859375	 56329.85546875
40119864.0	 278.8963317871094	 386.2963562011719	 51859.23046875
40119952.0	 279.3755187988281	 376.3944396972656	 49710.546875
40120044.0	 279.33648681640625	 373.2248229980469	 48115.9453125
40120128.0	 279.06573486328125	 379.5677490234375	 51805.5625
40120216.0	 279.0013427734375	 389.0910339355469	 57927.52734375
40120308.0	 280.29010009765625	 383.14947509765625	 52673.78515625
40120396.0	 280.22332763671875	 373.13702392578125	 48572.16015625
40120484.0	 280.03594970703125	 381.4090881347656	 51931.84765625
40120572.0	 280.2794494628906	 374.6805114746094	 51739.39453125
40120660.0	 279.6203918457031	 385.8714599609375	 53936.2890625
40120748.0	 280.0785217285156	 384.9998474121094	 52455.84765625
40120928.0	 279.8638610839844	 370.6212158203125	 47482.2578125
40121012.0	 280.0846252441406	 378.3585205078125	 52788.96875
40121104.0	 279.5957946777344	 379.6978454589844	 51714.98828125
40121192.0	 279.5598449707031	 380.0984191894531	 54863.68359375
40121280.0	 279.5022888183594	 379.15020751953125	 52273.11328125
40121372.0	 279.5086975097656	 385.07177734375	 54852.96484375
40121460.0	 279.47589111328125	 378.92266845703125	 56244.82421875
40121548.0	 279.52685546875	 375.01312255859375	 51435.6875
40121636.0	 279.7382507324219	 380.9071350097656	 52681.0078125
40121728.0	 279.367431640625	 379.314453125	 51371.3359375
40121816.0	 279.64300537109375	 380.2725830078125	 52724.60546875
40121904.0	 280.3666076660156	 377.8312072753906	 50926.25
40121992.0	 280.32244873046875	 372.2876281738281	 50217.40234375
40122080.0	 279.60992431640625	 376.26348876953125	 49726.890625
40122168.0	 279.7455139160156	 373.8213195800781	 50467.90625
40122260.0	 279.4083251953125	 384.60406494140625	 51799.77734375
40122344.0	 279.5617980957031	 380.7539367675781	 53469.359375
40122436.0	 279.3649597167969	 381.015380859375	 56603.15234375
40122524.0	 280.1996765136719	 381.93017578125	 52960.62890625
40122612.0	 280.4254150390625	 376.6083068847656	 51714.3359375
40122704.0	 279.8395690917969	 374.5425109863281	 48055.1953125
40122788.0	 278.3026123046875	 383.3045959472656	 57076.81640625
40122880.0	 280.02679443359375	 383.653564453125	 52776.1328125
40122968.0	 279.6550598144531	 369.79583740234375	 44868.42578125
40123056.0	 279.72369384765625	 381.8333435058594	 52748.921875
40123144.0	 279.1153869628906	 377.5654602050781	 49476.97265625
40123236.0	 278.7093505859375	 383.5162658691406	 54388.78515625
40123320.0	 279.61676025390625	 373.7001647949219	 46625.75390625
40123412.0	 279.1519775390625	 370.7914733886719	 49578.375
40123504.0	 279.4590148925781	 372.7623291015625	 46918.5234375
40123588.0	 278.6217956542969	 380.6901550292969	 52334.8359375
40123680.0	 278.5256042480469	 376.6350402832031	 48716.75
40123856.0	 278.6416931152344	 370.3683166503906	 47270.6484375
40123944.0	 278.7637023925781	 374.1788635253906	 49341.765625
40124032.0	 277.92547607421875	 377.91058349609375	 52377.84375
40124124.0	 278.8344421386719	 374.2769775390625	 48863.61328125
40124208.0	 278.42291259765625	 385.0592956542969	 52714.03125
40124300.0	 278.525146484375	 379.3821716308594	 49082.93359375
40124388.0	 278.65423583984375	 376.30108642578125	 49253.2578125
40124476.0	 278.6032409667969	 384.36907958984375	 51642.25390625
40124564.0	 278.2169494628906	 373.05816650390625	 49174.9921875
40124652.0	 278.50469970703125	 377.4769287109375	 48642.8984375
40124744.0	 278.04595947265625	 388.3038024902344	 56561.5546875
40124832.0	 278.3061218261719	 381.2357482910156	 50516.67578125
40124920.0	 279.0129699707031	 376.83770751953125	 48262.59765625
40125008.0	 278.7812805175781	 373.40618896484375	 47309.19921875
40125096.0	 278.32989501953125	 388.2528076171875	 54720.03125
40125184.0	 277.5858154296875	 379.9613342285156	 50599.93359375
40125272.0	 277.7937927246094	 381.85699462890625	 52287.29296875
40125364.0	 278.5419921875	 382.0101318359375	 51441.01953125
40125452.0	 278.202880859375	 381.8402404785156	 51922.67578125
40125540.0	 278.63250732421875	 379.6927795410156	 53097.39453125
40125628.0	 278.0101013183594	 383.0393981933594	 53691.15625
40125720.0	 278.14996337890625	 377.9599609375	 52248.921875
40125808.0	 278.5983581542969	 383.7654113769531	 53817.08984375
40125896.0	 277.7110595703125	 380.20184326171875	 49940.71484375
40125984.0	 278.0472717285156	 381.05682373046875	 49298.1875
40126072.0	 277.870361328125	 386.35284423828125	 57235.99609375
40126164.0	 277.6413879394531	 386.6986389160156	 59696.97265625
40126252.0	 278.02252197265625	 379.4502868652344	 50555.328125
40126340.0	 278.4228820800781	 378.487548828125	 51380.82421875
40126424.0	 277.4480285644531	 383.1893615722656	 53114.28515625
40126516.0	 277.6131896972656	 375.51531982421875	 49181.78125
40126604.0	 277.8222351074219	 380.6666259765625	 52748.07421875
40126784.0	 277.5780944824219	 350.4952392578125	 38798.48828125
40126868.0	 278.2391052246094	 374.8117370605469	 49438.9453125
40126960.0	 277.8332214355469	 378.34466552734375	 50527.46875
40127048.0	 278.5807800292969	 373.3269348144531	 48606.19921875
40127136.0	 278.81097412109375	 376.525634765625	 51029.4375
40127228.0	 278.45880126953125	 379.4576416015625	 51121.94140625
40127312.0	 278.03424072265625	 378.9244689941406	 52196.5078125
40127400.0	 278.36279296875	 371.1510314941406	 49800.25390625
40127488.0	 277.44818115234375	 363.8212890625	 49582.87890625
40127580.0	 277.9674377441406	 377.8269348144531	 50931.93359375
40127668.0	 277.8185729980469	 365.0458984375	 49384.796875
40127756.0	 277.222412109375	 377.7488098144531	 52784.1484375
40127848.0	 277.3077392578125	 370.891845703125	 52082.01171875
40127936.0	 276.9325256347656	 368.39874267578125	 51986.52734375
40128024.0	 277.83575439453125	 380.58935546875	 53488.37890625
40128112.0	 276.5638122558594	 373.85711669921875	 50857.875
40128200.0	 277.3194274902344	 380.335693359375	 50601.08984375
40128288.0	 276.3758850097656	 387.8690490722656	 55792.1015625
40128380.0	 277.1597595214844	 371.4263000488281	 48522.09375
40128468.0	 277.1825256347656	 383.802978515625	 52483.18359375
40128556.0	 277.08721923828125	 378.2514343261719	 51147.265625
40128644.0	 277.38232421875	 382.89056396484375	 49925.71484375
40128732.0	 277.3330383300781	 382.671875	 51266.7890625
40128824.0	 277.1160888671875	 374.5079345703125	 48856.16796875
40128912.0	 277.97430419921875	 373.440185546875	 50402.25390625
40129000.0	 277.04901123046875	 380.3021545410156	 50538.94140625
40129088.0	 277.6591796875	 364.33074951171875	 48812.31640625
40129176.0	 277.75726318359375	 382.06439208984375	 54903.48828125
40129268.0	 277.0636901855469	 379.3599853515625	 51997.6015625
40129356.0	 276.84307861328125	 393.0028381347656	 53657.99609375
40129444.0	 276.9508056640625	 380.8956298828125	 49077.34375
40129532.0	 277.2746276855469	 372.841552734375	 49730.65625
40129708.0	 277.1126708984375	 371.0087585449219	 43213.3671875
40129796.0	 277.89801025390625	 369.30078125	 50695.20703125
40129888.0	 278.2177734375	 374.8491516113281	 49539.3515625
40129980.0	 278.4252014160156	 380.0932312011719	 48288.390625
40130064.0	 279.1121826171875	 375.1573181152344	 48022.6171875
40130156.0	 277.84228515625	 378.6471252441406	 51389.05078125
40130244.0	 277.56781005859375	 378.6834716796875	 50638.6171875
40130332.0	 277.0145263671875	 378.5572509765625	 50590.796875
40130420.0	 277.876953125	 375.38189697265625	 52409.12109375
40130508.0	 276.4344177246094	 368.280517578125	 49804.0625
40130596.0	 278.86181640625	 391.5003662109375	 51453.5859375
40130684.0	 279.15948486328125	 394.9843444824219	 51372.34375
40130776.0	 279.18896484375	 377.5829772949219	 48069.828125
40130864.0	 278.516357421875	 382.5379638671875	 51832.22265625
40130952.0	 278.2995910644531	 385.5295104980469	 56701.984375
40131040.0	 278.8703918457031	 389.8927917480469	 51403.52734375
40131128.0	 279.0091552734375	 380.1601867675781	 50858.62109375
40131216.0	 279.1468811035156	 383.4963073730469	 51859.2734375
40131304.0	 280.38824462890625	 390.2257385253906	 50355.55859375
40131392.0	 280.17327880859375	 383.2167663574219	 47745.1015625
40131480.0	 279.10791015625	 391.27410888671875	 55169.16796875
40131572.0	 278.6518249511719	 375.1880798339844	 51974.77734375
40131660.0	 280.13848876953125	 384.7571716308594	 51904.04296875
40131748.0	 279.8204345703125	 382.271240234375	 49313.21875
40131836.0	 279.069091796875	 377.815673828125	 50061.96484375
40131928.0	 279.2281494140625	 383.5373229980469	 52358.0390625
40132016.0	 278.9139099121094	 380.0185852050781	 48064.88671875
40132104.0	 278.6419372558594	 382.5789794921875	 54115.078125
40132192.0	 279.0838928222656	 378.6581726074219	 48867.24609375
40132280.0	 279.0458984375	 385.48876953125	 49840.9765625
40132372.0	 280.3439025878906	 389.07391357421875	 54156.046875
40132460.0	 278.3821716308594	 385.7967224121094	 53677.87890625
40132636.0	 279.20025634765625	 366.7877502441406	 44825.296875
40132724.0	 278.0585021972656	 373.9397277832031	 51656.66796875
40132816.0	 277.4442443847656	 387.70550537109375	 55566.4296875
40132904.0	 278.9017028808594	 379.9393310546875	 53604.3671875
40132992.0	 279.7626647949219	 379.44757080078125	 49707.24609375
40133080.0	 280.0062561035156	 369.5549011230469	 47765.9140625
40133168.0	 278.8561706542969	 383.22198486328125	 60142.05859375
40133256.0	 279.870849609375	 379.7886962890625	 51226.1015625
40133348.0	 279.35662841796875	 383.1428527832031	 53756.69140625
40133436.0	 279.4305725097656	 385.30706787109375	 54027.26953125
40133520.0	 279.31634521484375	 378.1673278808594	 51936.3515625
40133612.0	 279.07098388671875	 372.8793029785156	 49688.36328125
40133700.0	 278.8872985839844	 363.9192199707031	 50301.89453125
40133788.0	 278.3031311035156	 378.35919189453125	 49650.38671875
40133880.0	 279.49249267578125	 361.0959777832031	 47739.1953125
40133964.0	 278.8107604980469	 382.971923828125	 51353.234375
40134056.0	 280.4474792480469	 374.4615783691406	 47618.8203125
40134144.0	 278.8468017578125	 372.6966247558594	 56566.859375
40134236.0	 279.24542236328125	 384.7207946777344	 53672.21875
40134324.0	 279.36883544921875	 372.71649169921875	 52461.96484375
40134408.0	 279.76995849609375	 386.56072998046875	 52925.7265625
40134500.0	 279.0276794433594	 368.6283874511719	 49263.234375
40134588.0	 279.7958068847656	 382.6468200683594	 53522.6875
40134676.0	 279.8408203125	 374.95562744140625	 50157.9375
40134768.0	 279.82147216796875	 373.8865051269531	 52514.06640625
40134852.0	 278.80267333984375	 372.2158508300781	 49919.33984375
40134940.0	 278.7449645996094	 383.0782165527344	 53630.37109375
40135032.0	 278.7734680175781	 378.751708984375	 53978.01171875
40135120.0	 279.253662109375	 387.4485168457031	 54207.3125
40135212.0	 278.21075439453125	 382.8829345703125	 55067.8359375
40135296.0	 278.7240905761719	 381.6790771484375	 52637.8515625
40135388.0	 279.3603820800781	 370.6317443847656	 49122.57421875
40135564.0	 279.8972473144531	 368.3182678222656	 48405.734375
40135652.0	 278.7723693847656	 377.47833251953125	 51893.0078125
40135740.0	 279.0508117675781	 380.9097595214844	 52737.24609375
40135828.0	 278.9142150878906	 379.99285888671875	 51011.97265625
40135916.0	 278.9860534667969	 381.7770080566406	 53164.47265625
40136008.0	 278.61480712890625	 382.3652648925781	 55319.23046875
40136096.0	 278.0155944824219	 385.41607666015625	 57362.55078125
40136184.0	 279.2080383300781	 372.5884704589844	 52197.79296875
40136276.0	 279.5799560546875	 373.2021484375	 51708.9609375
40136364.0	 279.72906494140625	 380.3444519042969	 51175.97265625
40136452.0	 279.6154479980469	 374.759765625	 49779.11328125
40136540.0	 279.1202087402344	 370.5696716308594	 50694.8359375
40136628.0	 278.793701171875	 374.19952392578125	 48398.1328125
40136716.0	 279.4254455566406	 369.2847595214844	 48786.68359375
40136804.0	 278.79461669921875	 377.76092529296875	 51919.015625
40136896.0	 278.6824951171875	 375.7196044921875	 51002.91015625
40136984.0	 279.09320068359375	 373.7958984375	 49904.9609375
40137068.0	 279.1880798339844	 375.3802795410156	 50546.3046875
40137160.0	 278.6563720703125	 377.763671875	 51605.25390625
40137248.0	 278.8630065917969	 379.3629455566406	 52667.2890625
40137340.0	 279.0321960449219	 380.13665771484375	 50755.5
40137424.0	 279.4789123535156	 380.1449890136719	 52017.26171875
40137512.0	 279.0164794921875	 372.65240478515625	 48416.66015625
40137600.0	 279.55267333984375	 376.72491455078125	 50492.1484375
40137692.0	 278.7812805175781	 377.2913818359375	 49349.0234375
40137784.0	 279.3123474121094	 386.0149841308594	 54128.47265625
40137868.0	 278.5842590332031	 371.9913635253906	 45832.578125
40137956.0	 278.59307861328125	 378.29833984375	 49523.84375
40138044.0	 278.9283142089844	 379.5570068359375	 49888.79296875
40138136.0	 278.1654968261719	 388.6362609863281	 54498.80859375
40138224.0	 279.5422668457031	 378.7777099609375	 49347.9453125
40138312.0	 279.29132080078125	 378.44525146484375	 49670.50390625
40138492.0	 278.8669128417969	 377.1168212890625	 46139.203125
40138580.0	 278.4900817871094	 381.5336608886719	 48860.0625
40138668.0	 279.28839111328125	 380.18609619140625	 50883.18359375
40138756.0	 279.5411376953125	 384.2384338378906	 51786.16796875
40138844.0	 278.602294921875	 381.1487731933594	 51398.1640625
40138936.0	 278.6853942871094	 385.9327392578125	 53007.875
40139024.0	 278.9163513183594	 383.82049560546875	 50873.703125
40139112.0	 279.079345703125	 391.5462646484375	 56998.15625
40139200.0	 279.56195068359375	 380.7773742675781	 52316.8984375
40139288.0	 279.208251953125	 381.43682861328125	 50015.140625
40139376.0	 279.6347351074219	 387.439453125	 53057.31640625
40139468.0	 279.0333251953125	 383.4523620605469	 54499.15234375
40139556.0	 280.1071472167969	 385.3452453613281	 51348.5234375
40139640.0	 279.5976867675781	 386.6515808105469	 50540.07421875
40139732.0	 280.3558654785156	 380.62896728515625	 51470.77734375
40139820.0	 280.1803894042969	 380.3216247558594	 49800.18359375
40139912.0	 279.2571105957031	 389.99609375	 56148.2890625
40140000.0	 279.98065185546875	 382.5391845703125	 52721.20703125
40140084.0	 280.06427001953125	 379.23931884765625	 50825.77734375
40140172.0	 279.6895446777344	 383.63812255859375	 52129.41796875
40140264.0	 280.2433776855469	 381.5623779296875	 51809.29296875
40140352.0	 280.63323974609375	 379.568359375	 49481.43359375
40140440.0	 279.5491943359375	 375.6480712890625	 50906.1953125
40140528.0	 279.5168762207031	 384.52099609375	 53307.03125
40140616.0	 278.2899169921875	 380.775634765625	 54337.515625
40140708.0	 279.67822265625	 377.44000244140625	 51415.99609375
40140800.0	 279.4647216796875	 383.11346435546875	 51508.40625
40140884.0	 279.0937805175781	 375.55670166015625	 48490.59375
40140972.0	 278.1139831542969	 384.3967590332031	 53320.06640625
40141064.0	 278.9466247558594	 388.3711242675781	 53665.78515625
40141152.0	 278.22320556640625	 391.12432861328125	 57085.3671875
40141240.0	 278.8638000488281	 377.3271789550781	 50325.2890625
40141416.0	 279.3717041015625	 381.6830749511719	 49183.01953125
40141504.0	 278.99774169921875	 383.3717346191406	 54422.5703125
40141596.0	 278.8779296875	 387.2496643066406	 54260.3125
40141688.0	 279.6927185058594	 384.53619384765625	 53214.84765625
40141768.0	 280.0168151855469	 383.0800476074219	 53859.55859375
40141860.0	 278.9864501953125	 383.9248352050781	 57034.9140625
