START:	 23.19999999999995
END:	 23.39999999999995

r [km]	 vr [km/s]	 np [cm-3]	 T [K]
16222426.0	 272.377685546875	 3619.5107421875	 48835.515625
16222481.0	 272.9251403808594	 3717.504638671875	 50456.9921875
16222538.0	 276.8419494628906	 3838.404052734375	 52407.953125
16222704.0	 271.9779968261719	 3575.660888671875	 49401.13671875
16222759.0	 275.0150451660156	 3684.950439453125	 52078.80078125
16222815.0	 271.7655334472656	 3633.85400390625	 50553.0625
16222871.0	 274.0276184082031	 3602.294921875	 50696.5390625
