START:	 57.20000000000027
END:	 57.400000000000276

r [km]	 vr [km/s]	 np [cm-3]	 T [K]
39794124.0	 295.1168212890625	 426.4659423828125	 56361.28125
39794212.0	 292.5939636230469	 433.4515686035156	 53793.625
39794304.0	 293.2185363769531	 445.5454406738281	 55719.0
39794392.0	 294.6505432128906	 430.3073425292969	 51403.80859375
39794480.0	 294.23785400390625	 433.78387451171875	 54404.0859375
39794568.0	 293.3142395019531	 441.50311279296875	 56238.1953125
39794656.0	 293.6728820800781	 436.5137023925781	 51975.34765625
39794748.0	 295.8272399902344	 435.6313171386719	 54869.3984375
39794832.0	 295.237548828125	 430.7461853027344	 59176.82421875
39794924.0	 294.04168701171875	 430.9999084472656	 52227.0078125
39795012.0	 294.4233093261719	 425.36968994140625	 56697.9921875
39795100.0	 294.5147705078125	 425.0453796386719	 53041.32421875
39795188.0	 292.96099853515625	 446.1990661621094	 56819.56640625
39795368.0	 294.7850646972656	 431.09967041015625	 51249.8203125
39795456.0	 294.71160888671875	 427.4850158691406	 57024.20703125
39795544.0	 295.0662841796875	 432.6044921875	 57180.94140625
39795632.0	 295.57470703125	 431.7669677734375	 54961.859375
39795724.0	 295.4215393066406	 434.9011535644531	 54641.39453125
39795812.0	 296.1378479003906	 433.9985656738281	 55360.51953125
39795900.0	 296.8162536621094	 421.7435302734375	 50354.0703125
39795992.0	 295.00726318359375	 434.4957275390625	 52429.81640625
39796080.0	 294.1952209472656	 441.0526428222656	 52935.125
39796168.0	 295.15570068359375	 438.9273376464844	 54684.828125
39796256.0	 295.48699951171875	 438.6192932128906	 54347.49609375
39796348.0	 295.2706298828125	 430.5341491699219	 51294.859375
39796440.0	 295.1762390136719	 439.29638671875	 51181.3125
39796528.0	 297.36370849609375	 438.4914855957031	 52981.63671875
39796616.0	 296.4808349609375	 438.56463623046875	 49799.234375
39796704.0	 294.6111145019531	 438.5702819824219	 51227.34765625
39796796.0	 295.2246398925781	 450.62994384765625	 53699.1875
39796884.0	 293.58978271484375	 426.9081726074219	 47363.19921875
39796972.0	 291.6031494140625	 433.2611083984375	 49389.0078125
39797060.0	 291.19476318359375	 441.3134765625	 52114.9453125
39797148.0	 291.7312316894531	 440.64404296875	 51866.23046875
39797240.0	 293.3132019042969	 439.84033203125	 50725.0234375
39797328.0	 290.1170654296875	 455.6988525390625	 55436.51171875
39797416.0	 291.2171936035156	 444.78515625	 52751.18359375
39797504.0	 292.0495910644531	 441.88153076171875	 51344.84765625
39797596.0	 294.0188903808594	 440.5316467285156	 52703.5234375
39797684.0	 292.6703186035156	 434.413330078125	 49651.171875
39797772.0	 294.44146728515625	 438.6509094238281	 50149.3359375
39797860.0	 294.1567687988281	 446.3033142089844	 52424.15234375
39797952.0	 294.2151184082031	 444.1526184082031	 49965.69140625
39798040.0	 294.216552734375	 443.6651306152344	 49915.82421875
39798128.0	 292.0032043457031	 443.6669616699219	 49545.6953125
39798304.0	 292.1240234375	 454.329345703125	 47432.44921875
39798396.0	 293.2210388183594	 456.2332763671875	 50639.8046875
39798484.0	 292.2447509765625	 437.64556884765625	 47171.46875
39798576.0	 293.6215515136719	 439.1138000488281	 48715.23828125
39798660.0	 292.9688720703125	 436.24658203125	 46799.09375
39798752.0	 291.55535888671875	 440.48577880859375	 47539.12890625
39798840.0	 290.2022399902344	 451.6978454589844	 50294.76171875
39798928.0	 289.86102294921875	 447.6931457519531	 48936.5625
39799020.0	 290.306396484375	 455.19921875	 51118.91796875
39799112.0	 289.87127685546875	 440.2596435546875	 47882.40625
39799200.0	 289.1065368652344	 442.5498046875	 48725.4921875
39799288.0	 289.61383056640625	 451.28411865234375	 49381.61328125
39799376.0	 290.1012878417969	 451.51116943359375	 49095.796875
39799468.0	 290.0517883300781	 446.6076354980469	 47398.03125
39799552.0	 291.037109375	 455.2294921875	 48830.171875
39799644.0	 289.6560974121094	 445.3087158203125	 47108.22265625
39799732.0	 288.5877990722656	 442.5320129394531	 47656.81640625
39799820.0	 290.31280517578125	 452.72296142578125	 48093.15234375
39799912.0	 290.2929992675781	 451.2726135253906	 49783.84375
39800000.0	 288.5530090332031	 448.0387878417969	 48625.453125
39800088.0	 288.43060302734375	 456.9630432128906	 50615.57421875
39800176.0	 290.92364501953125	 444.56390380859375	 47502.30078125
39800268.0	 288.7520751953125	 447.2935485839844	 48264.59375
39800356.0	 290.0216979980469	 449.9963073730469	 47682.43359375
39800444.0	 290.23443603515625	 443.5939636230469	 48984.296875
39800532.0	 290.14794921875	 452.19775390625	 52621.7734375
39800620.0	 290.7268981933594	 446.4336853027344	 49334.57421875
39800712.0	 290.7223815917969	 453.4457092285156	 53122.125
39800800.0	 291.1793212890625	 440.3433837890625	 50341.91015625
39800888.0	 289.94854736328125	 448.6861267089844	 51933.83203125
39800976.0	 292.0169372558594	 447.30853271484375	 53441.79296875
39801068.0	 289.86981201171875	 443.9119873046875	 51914.10546875
39801244.0	 291.1817321777344	 444.8580627441406	 49617.43359375
39801332.0	 289.978759765625	 444.4143371582031	 52598.40234375
39801420.0	 289.404541015625	 449.41229248046875	 54195.1953125
39801512.0	 289.4608154296875	 439.2823181152344	 49824.828125
39801600.0	 288.5777893066406	 447.549072265625	 52626.51171875
39801688.0	 288.951904296875	 448.7237548828125	 54310.2265625
39801780.0	 288.3134765625	 449.3747253417969	 54653.328125
39801872.0	 288.1240539550781	 456.0460205078125	 54925.2265625
39801960.0	 288.5511474609375	 450.2856750488281	 53232.46875
39802048.0	 287.8880920410156	 450.4515686035156	 55334.53125
39802136.0	 288.73870849609375	 445.8257751464844	 53771.04296875
39802228.0	 288.3673095703125	 451.0872497558594	 55022.578125
39802316.0	 288.46844482421875	 456.0386047363281	 55356.4765625
39802404.0	 290.3102111816406	 451.8857727050781	 54326.01171875
39802492.0	 287.3502502441406	 456.3438720703125	 56259.92578125
39802580.0	 287.75677490234375	 465.9299621582031	 57232.81640625
39802672.0	 289.1925964355469	 459.3265380859375	 56863.3046875
39802760.0	 290.3836669921875	 447.81072998046875	 53381.05859375
39802848.0	 288.9128112792969	 455.8136291503906	 55429.48046875
39802940.0	 288.8478698730469	 449.30206298828125	 54172.140625
39803028.0	 288.2879333496094	 460.6861267089844	 54002.3203125
39803116.0	 288.0143127441406	 456.4623107910156	 56749.671875
39803204.0	 288.83984375	 454.61883544921875	 53501.83984375
39803292.0	 287.65106201171875	 461.47979736328125	 54863.90234375
39803380.0	 288.0771179199219	 459.2784118652344	 55567.32421875
39803472.0	 288.52947998046875	 458.2119445800781	 56003.359375
39803560.0	 289.2301330566406	 452.4439392089844	 53640.890625
39803648.0	 289.360107421875	 456.602294921875	 54664.04296875
39803740.0	 288.60443115234375	 456.0703430175781	 55081.8203125
39803828.0	 288.3109436035156	 452.4208984375	 54890.6015625
39803916.0	 288.8506164550781	 455.7947998046875	 55915.640625
39804004.0	 289.18255615234375	 457.1426086425781	 54811.1328125
39804180.0	 290.2130432128906	 448.3111267089844	 51023.44921875
39804268.0	 289.9703369140625	 452.714111328125	 54450.3671875
39804360.0	 288.710205078125	 461.4546813964844	 55621.42578125
39804448.0	 289.0479431152344	 457.03485107421875	 56231.48046875
39804536.0	 288.6454162597656	 453.37786865234375	 56458.5078125
39804628.0	 289.2237243652344	 452.5860900878906	 54401.98046875
39804720.0	 287.97900390625	 457.0658874511719	 57294.83203125
39804808.0	 287.0140075683594	 447.6969299316406	 55626.45703125
39804900.0	 287.6860656738281	 457.0823974609375	 56707.4921875
39804988.0	 288.19512939453125	 454.520751953125	 56011.3515625
39805076.0	 288.1667175292969	 454.682373046875	 54351.79296875
39805164.0	 287.4316101074219	 457.2333068847656	 56444.87890625
39805256.0	 288.0723876953125	 460.06915283203125	 57587.30078125
39805344.0	 287.96478271484375	 459.39105224609375	 56183.02734375
39805432.0	 288.3539733886719	 454.5751647949219	 56862.9453125
39805520.0	 287.7774353027344	 460.63909912109375	 55802.75
39805608.0	 287.94683837890625	 459.3751525878906	 55060.9140625
39805696.0	 287.3887634277344	 457.73956298828125	 56420.96484375
39805784.0	 287.1875915527344	 456.9444885253906	 54735.7734375
39805876.0	 287.587646484375	 454.09503173828125	 53816.48828125
39805964.0	 287.4087829589844	 458.58721923828125	 56311.671875
39806052.0	 286.85400390625	 455.7203063964844	 54906.94921875
39806144.0	 287.3837585449219	 455.6353759765625	 54349.5546875
39806232.0	 286.70452880859375	 452.4787902832031	 53911.51171875
39806320.0	 286.52349853515625	 460.7583923339844	 54356.12109375
39806408.0	 286.777587890625	 458.79278564453125	 54410.7109375
39806496.0	 286.40740966796875	 464.18243408203125	 56197.6953125
39806588.0	 287.7121276855469	 449.83868408203125	 52710.30859375
39806676.0	 285.50921630859375	 459.1733093261719	 57610.6015625
39806764.0	 286.36273193359375	 455.5451965332031	 56486.37890625
39806852.0	 285.4683837890625	 451.5704040527344	 54803.11328125
39806940.0	 285.2251892089844	 453.239013671875	 54554.31640625
39807120.0	 286.7052917480469	 451.0025634765625	 52011.20703125
39807208.0	 286.6616516113281	 455.83489990234375	 53893.015625
39807296.0	 287.05145263671875	 453.3985595703125	 53530.51953125
39807388.0	 287.13262939453125	 448.611328125	 52169.9375
39807476.0	 287.2911071777344	 459.69073486328125	 56486.109375
39807564.0	 286.9622497558594	 457.9406433105469	 55782.625
39807656.0	 287.673095703125	 449.88134765625	 54860.96875
39807744.0	 287.79803466796875	 452.66156005859375	 55375.55859375
39807836.0	 287.3288269042969	 454.2364196777344	 55218.27734375
39807924.0	 287.766845703125	 458.1847229003906	 54863.8515625
39808016.0	 288.3104248046875	 455.2428894042969	 53139.52734375
39808104.0	 288.5849914550781	 451.2884521484375	 53663.34765625
39808192.0	 288.18701171875	 448.9018859863281	 52531.91796875
39808280.0	 287.8731384277344	 450.61468505859375	 54425.9765625
39808368.0	 289.0268859863281	 455.2828674316406	 53587.15234375
39808456.0	 288.1558532714844	 456.59088134765625	 56685.109375
39808548.0	 288.3437194824219	 457.4126892089844	 53442.0390625
39808636.0	 287.36309814453125	 446.5633544921875	 54514.91796875
39808724.0	 288.0352783203125	 458.10552978515625	 56615.44140625
39808816.0	 287.39959716796875	 454.5521545410156	 54502.8828125
39808904.0	 286.69384765625	 460.9000244140625	 56650.38671875
39808992.0	 287.5564270019531	 455.59759521484375	 55459.61328125
39809080.0	 287.2649230957031	 453.9013671875	 55803.59375
39809168.0	 286.3291931152344	 456.0190124511719	 56891.51953125
39809260.0	 287.1459045410156	 453.6662902832031	 54245.23828125
39809348.0	 287.1905822753906	 451.8169860839844	 55001.91015625
39809440.0	 286.48291015625	 450.99688720703125	 55694.703125
39809528.0	 286.80767822265625	 458.62432861328125	 57302.9296875
39809616.0	 287.9087219238281	 450.3323059082031	 53782.125
39809704.0	 287.73883056640625	 448.9463195800781	 55218.6015625
39809792.0	 288.381591796875	 449.4574890136719	 55093.1875
39809880.0	 288.27520751953125	 443.51171875	 51067.26171875
39810060.0	 288.5556945800781	 448.2732238769531	 52271.6328125
39810148.0	 288.75836181640625	 453.0946960449219	 54600.89453125
39810236.0	 289.06451416015625	 453.0120849609375	 55060.00390625
39810328.0	 289.0647888183594	 454.1236267089844	 56553.02734375
39810416.0	 290.0191955566406	 446.74005126953125	 52989.4921875
39810504.0	 288.83575439453125	 457.7314147949219	 60294.078125
39810592.0	 289.2105712890625	 452.6352233886719	 54665.40234375
39810680.0	 289.58551025390625	 444.3139953613281	 54665.22265625
39810772.0	 289.8438415527344	 447.12615966796875	 53855.96484375
39810860.0	 289.6026611328125	 454.17840576171875	 55231.44140625
39810948.0	 289.967529296875	 448.7738037109375	 54645.69921875
39811036.0	 289.89544677734375	 456.8103942871094	 57101.4296875
39811124.0	 291.0343322753906	 446.645751953125	 53025.9609375
39811220.0	 290.1899719238281	 451.4089660644531	 53465.859375
39811308.0	 290.0469055175781	 454.2600402832031	 55967.38671875
39811396.0	 290.7146301269531	 438.9988098144531	 52685.42578125
39811488.0	 290.36444091796875	 451.94256591796875	 53793.2265625
39811576.0	 289.7890930175781	 450.7762451171875	 55374.67578125
39811664.0	 289.0668640136719	 453.4454345703125	 54767.9140625
39811752.0	 290.0191650390625	 450.1104736328125	 54175.0390625
39811844.0	 290.2099304199219	 446.169189453125	 52576.765625
39811932.0	 288.98870849609375	 450.9450988769531	 54873.1015625
39812020.0	 288.98712158203125	 450.21002197265625	 53642.77734375
39812108.0	 288.8251953125	 450.87811279296875	 57252.78515625
39812196.0	 288.8431396484375	 440.1018371582031	 53328.2265625
39812288.0	 289.42529296875	 444.1951904296875	 53855.87109375
39812376.0	 288.5638122558594	 451.273193359375	 56793.5078125
39812464.0	 288.970458984375	 449.13336181640625	 55392.45703125
39812552.0	 289.707275390625	 437.8242492675781	 53517.84765625
39812640.0	 288.4292907714844	 455.931640625	 58401.625
39812732.0	 289.06268310546875	 449.5978088378906	 56421.44140625
39812820.0	 289.7467346191406	 441.3160095214844	 53596.6953125
39813000.0	 289.94732666015625	 445.6368408203125	 52054.828125
39813088.0	 289.5574645996094	 453.3291015625	 57427.58984375
39813176.0	 290.3205261230469	 452.3508605957031	 55912.7890625
39813264.0	 289.8948059082031	 454.3747863769531	 57319.296875
39813352.0	 290.6075134277344	 454.2890625	 56435.33984375
39813440.0	 289.6011962890625	 452.9650573730469	 55924.74609375
39813532.0	 289.88079833984375	 450.2369079589844	 55935.07421875
39813620.0	 289.7441711425781	 453.47802734375	 56930.359375
39813708.0	 289.5884704589844	 450.9029541015625	 55362.26953125
39813800.0	 289.480712890625	 458.1001892089844	 56908.09375
39813888.0	 289.6502990722656	 451.55084228515625	 57350.5625
39813976.0	 289.81842041015625	 450.99359130859375	 55170.59765625
39814064.0	 289.18365478515625	 452.1703796386719	 56200.2109375
39814152.0	 289.8685302734375	 446.83831787109375	 52797.9921875
39814244.0	 288.7231140136719	 451.5823059082031	 55214.63671875
39814332.0	 288.83758544921875	 455.89617919921875	 56295.09375
39814420.0	 288.934326171875	 454.1399230957031	 57678.02734375
39814512.0	 289.0530090332031	 455.4031066894531	 57445.70703125
39814600.0	 289.53350830078125	 452.4275207519531	 54072.8984375
39814688.0	 289.9234619140625	 448.46124267578125	 54190.12890625
39814776.0	 288.9598083496094	 454.689453125	 59109.3984375
39814868.0	 290.13470458984375	 449.36407470703125	 55756.79296875
39814960.0	 288.63372802734375	 454.45159912109375	 58888.00390625
39815048.0	 287.9808349609375	 451.2789306640625	 55136.10546875
39815136.0	 287.4082946777344	 453.0325012207031	 56475.8359375
39815224.0	 287.9697570800781	 450.8905944824219	 56589.171875
39815312.0	 290.7093811035156	 446.14141845703125	 54825.40234375
39815404.0	 286.3492431640625	 454.1843566894531	 58349.828125
39815492.0	 287.28558349609375	 457.61724853515625	 58082.80078125
39815580.0	 288.0613708496094	 453.82379150390625	 57772.7265625
39815672.0	 287.621337890625	 451.0117492675781	 55388.3125
39815756.0	 286.5989990234375	 463.6052551269531	 58909.4296875
39815936.0	 288.0122375488281	 447.8720397949219	 49918.3046875
39816024.0	 288.0755920410156	 453.2184753417969	 55474.15625
39816116.0	 287.9026184082031	 460.99786376953125	 56191.07421875
39816204.0	 287.81396484375	 463.25250244140625	 57700.140625
39816292.0	 287.8355407714844	 451.0696105957031	 54538.69921875
39816380.0	 287.76776123046875	 455.3855285644531	 54673.79296875
39816472.0	 287.37957763671875	 456.1117248535156	 56267.28125
39816560.0	 287.43896484375	 455.3034973144531	 53750.34375
39816648.0	 286.96832275390625	 460.03265380859375	 56233.890625
39816736.0	 287.5325622558594	 458.21099853515625	 55355.68359375
39816828.0	 287.8414611816406	 456.3258361816406	 55565.2734375
39816916.0	 287.57232666015625	 454.5310974121094	 57268.7109375
39817004.0	 286.2858581542969	 459.9914855957031	 55729.1875
39817092.0	 286.3570556640625	 454.2417907714844	 53884.81640625
39817184.0	 286.8993225097656	 451.2582702636719	 56794.01953125
39817268.0	 285.9174499511719	 460.14215087890625	 56556.73046875
39817360.0	 286.3345947265625	 459.3841552734375	 55808.2734375
39817452.0	 285.2205810546875	 453.1881103515625	 55049.86328125
39817536.0	 285.8784484863281	 459.3693542480469	 57853.0625
39817628.0	 285.403076171875	 458.8093566894531	 57931.5078125
39817716.0	 285.20928955078125	 461.00732421875	 57542.15625
39817804.0	 286.00628662109375	 456.5654296875	 57547.41015625
39817892.0	 286.0620422363281	 469.6201171875	 60997.68359375
39817980.0	 287.664794921875	 458.2523498535156	 56792.125
39818072.0	 286.90509033203125	 457.3230285644531	 58402.40234375
39818160.0	 286.3368835449219	 456.5784912109375	 56081.9765625
39818252.0	 285.1109313964844	 464.9187316894531	 60048.47265625
39818340.0	 285.9617614746094	 458.06011962890625	 54978.05078125
39818428.0	 286.35028076171875	 457.2537841796875	 55545.6171875
39818516.0	 287.20166015625	 454.3752746582031	 57278.6171875
39818604.0	 287.14044189453125	 454.55560302734375	 57639.3046875
39818696.0	 287.7889709472656	 452.6067810058594	 56074.796875
39818872.0	 287.7082214355469	 452.3066101074219	 52471.265625
39818960.0	 287.8088073730469	 453.04058837890625	 55961.53125
39819048.0	 289.6284484863281	 461.777587890625	 59670.71875
39819140.0	 289.6643371582031	 451.81396484375	 55830.359375
39819232.0	 289.2242431640625	 453.725830078125	 56426.8203125
39819320.0	 290.5587158203125	 459.6304931640625	 54316.34765625
39819412.0	 290.7432861328125	 454.04071044921875	 54560.6640625
39819500.0	 289.06072998046875	 462.3954162597656	 56321.8671875
39819588.0	 289.2088928222656	 451.32623291015625	 56315.46875
39819676.0	 288.9317321777344	 456.25457763671875	 58378.94921875
39819764.0	 290.12408447265625	 449.3242492675781	 55644.47265625
39819852.0	 289.8795166015625	 449.4017639160156	 57021.51171875
39819944.0	 290.9259338378906	 454.5106506347656	 59080.3984375
39820032.0	 291.066162109375	 449.4079284667969	 54656.50390625
39820120.0	 290.809326171875	 451.9356384277344	 55706.515625
39820208.0	 290.68798828125	 446.594970703125	 56160.9921875
39820300.0	 291.25164794921875	 443.8841857910156	 55428.234375
39820384.0	 291.73077392578125	 447.81488037109375	 57188.77734375
39820476.0	 291.6391906738281	 454.5377502441406	 56869.06640625
39820568.0	 291.60662841796875	 452.460693359375	 54967.66015625
39820656.0	 291.3868103027344	 443.9421081542969	 53586.875
39820744.0	 290.7218017578125	 455.2690124511719	 55487.03125
39820832.0	 291.9870300292969	 451.80194091796875	 57383.3515625
39820920.0	 292.30548095703125	 444.7721252441406	 55100.7109375
39821012.0	 292.1885070800781	 456.5423889160156	 55782.890625
39821100.0	 291.3284912109375	 459.0162353515625	 58074.80859375
39821188.0	 292.6971435546875	 453.01116943359375	 55031.48046875
39821276.0	 290.86993408203125	 456.20416259765625	 55394.8671875
39821368.0	 291.6181640625	 454.37152099609375	 54898.1015625
39821456.0	 291.5159606933594	 456.4417724609375	 55189.4453125
39821544.0	 292.22686767578125	 456.1087646484375	 54350.41015625
39821632.0	 292.11358642578125	 452.9186096191406	 54708.00390625
39821812.0	 292.63616943359375	 442.6968688964844	 51910.45703125
39821900.0	 292.1841125488281	 448.72296142578125	 53353.7109375
39821988.0	 292.661865234375	 446.6713562011719	 55479.07421875
39822076.0	 291.9736328125	 456.3161926269531	 56748.0390625
39822164.0	 293.2173767089844	 453.1170959472656	 55999.78515625
39822256.0	 293.0354309082031	 456.4789123535156	 57668.26953125
39822344.0	 292.6586608886719	 446.8460388183594	 54648.28125
39822432.0	 292.7626953125	 455.4016418457031	 56478.11328125
39822524.0	 292.95916748046875	 447.8646545410156	 54384.34375
39822612.0	 292.4166564941406	 454.0497741699219	 56163.89453125
39822700.0	 292.3945007324219	 455.9127502441406	 57548.29296875
39822792.0	 291.1268615722656	 453.9268798828125	 57573.671875
39822880.0	 290.3773498535156	 453.7273254394531	 56798.41015625
39822968.0	 290.0917053222656	 466.1220397949219	 56874.78125
39823056.0	 290.5398864746094	 458.873779296875	 55628.12109375
39823148.0	 290.11181640625	 456.9732666015625	 56657.69921875
39823236.0	 289.6910095214844	 455.9798583984375	 56002.7265625
39823324.0	 289.4238586425781	 459.2881164550781	 57465.8125
39823412.0	 289.3184509277344	 462.39849853515625	 55778.10546875
39823500.0	 290.2036437988281	 459.64990234375	 58063.27734375
39823592.0	 291.5996398925781	 457.5747985839844	 56277.96875
39823680.0	 292.2406005859375	 448.4103698730469	 53318.5703125
39823768.0	 291.9947204589844	 447.3050537109375	 54203.25390625
39823856.0	 292.0984191894531	 449.8994445800781	 56918.1796875
39823944.0	 290.16632080078125	 456.8447265625	 56831.453125
39824036.0	 289.94708251953125	 452.4797058105469	 57654.1171875
39824124.0	 291.1084289550781	 450.8387756347656	 54782.05859375
39824212.0	 290.7674255371094	 455.9575500488281	 55779.046875
39824304.0	 290.7923583984375	 446.9625244140625	 54316.84375
39824396.0	 290.2519836425781	 447.8587951660156	 55553.515625
39824484.0	 290.50970458984375	 443.04840087890625	 54123.48046875
39824572.0	 290.37042236328125	 442.0560607910156	 56132.38671875
39824748.0	 291.2254333496094	 440.7993469238281	 53393.484375
39824840.0	 290.7924499511719	 439.70068359375	 54776.01171875
39824928.0	 290.9161071777344	 440.0109558105469	 53248.1171875
39825020.0	 291.0899963378906	 443.17022705078125	 54854.15234375
39825108.0	 290.2764892578125	 444.2259216308594	 55285.76953125
39825196.0	 290.25665283203125	 443.46649169921875	 55099.56640625
39825284.0	 290.20892333984375	 447.2070007324219	 54853.87890625
39825372.0	 289.8488464355469	 447.2752685546875	 56725.1796875
39825464.0	 290.24591064453125	 444.2312316894531	 56052.24609375
39825552.0	 289.8631286621094	 441.5943908691406	 54141.13671875
39825640.0	 289.75250244140625	 439.00762939453125	 54806.84765625
39825728.0	 289.82769775390625	 444.2570495605469	 54251.078125
39825816.0	 289.937255859375	 439.8594055175781	 54984.33203125
39825908.0	 289.2987060546875	 447.6570129394531	 56924.6328125
39825996.0	 290.0013122558594	 443.02880859375	 54531.92578125
39826084.0	 289.5685119628906	 440.53875732421875	 55962.1875
39826176.0	 288.2316589355469	 444.8332214355469	 54722.5390625
39826264.0	 286.78314208984375	 451.4572448730469	 57591.69140625
39826352.0	 286.21282958984375	 446.31488037109375	 56487.9921875
39826440.0	 286.3247375488281	 448.47479248046875	 56908.6171875
39826528.0	 286.936279296875	 448.2536315917969	 56119.3125
39826620.0	 284.9672546386719	 453.4111022949219	 57835.66796875
39826708.0	 286.58837890625	 454.8943176269531	 57371.88671875
39826796.0	 284.82501220703125	 456.8026428222656	 57214.49609375
39826884.0	 291.01373291015625	 466.1031799316406	 58433.6328125
39826972.0	 290.0505676269531	 455.9245300292969	 58703.16015625
39827064.0	 290.99444580078125	 449.2818298339844	 56001.23828125
39827152.0	 290.9083251953125	 453.1191711425781	 55070.9609375
39827244.0	 292.0597229003906	 449.7277526855469	 54683.30859375
39827332.0	 290.39422607421875	 448.6456298828125	 54673.65625
39827420.0	 289.97576904296875	 446.9176940917969	 53124.8515625
39827508.0	 290.5085754394531	 450.458740234375	 55350.66796875
39827684.0	 290.7685241699219	 439.61273193359375	 50772.57421875
39827776.0	 287.76641845703125	 458.4215393066406	 56490.8203125
39827864.0	 287.8214416503906	 459.8828430175781	 56585.1875
39827952.0	 287.9649353027344	 454.1773376464844	 55562.9375
39828040.0	 288.82537841796875	 450.60986328125	 55434.59375
39828132.0	 290.3139343261719	 462.9552917480469	 55314.15234375
39828220.0	 290.5642395019531	 449.47772216796875	 54388.55078125
39828308.0	 290.1075439453125	 451.08935546875	 55738.70703125
39828400.0	 289.1158142089844	 455.64434814453125	 56150.84765625
39828488.0	 287.96270751953125	 455.4959716796875	 56281.62109375
39828576.0	 287.4154968261719	 444.8193359375	 54064.8984375
39828664.0	 287.1980895996094	 451.4220275878906	 53613.6015625
39828752.0	 287.3887634277344	 458.205810546875	 57587.5
39828840.0	 287.86602783203125	 454.7141418457031	 57096.453125
39828932.0	 287.8174743652344	 461.16796875	 58122.38671875
39829020.0	 287.3703308105469	 459.9175720214844	 55081.11328125
39829108.0	 287.9451599121094	 457.37335205078125	 56546.4921875
39829196.0	 288.418212890625	 452.6965637207031	 55576.3125
39829288.0	 288.0777893066406	 459.59173583984375	 55859.45703125
39829376.0	 288.6407470703125	 454.7850646972656	 55155.5234375
39829468.0	 288.17510986328125	 454.9382629394531	 55482.7109375
39829556.0	 289.1390686035156	 455.3327941894531	 54555.1796875
39829644.0	 287.9634094238281	 449.430908203125	 53749.39453125
39829732.0	 286.71160888671875	 452.88262939453125	 56443.953125
39829820.0	 286.84466552734375	 454.58770751953125	 57422.97265625
39829912.0	 287.68743896484375	 448.25787353515625	 55822.87109375
39830000.0	 286.9173278808594	 451.45660400390625	 56132.52734375
39830088.0	 287.22607421875	 449.3059387207031	 58327.5546875
39830176.0	 286.7909851074219	 461.3761291503906	 58334.3984375
39830268.0	 287.7245178222656	 450.6133117675781	 57580.15625
39830356.0	 287.2903747558594	 459.1631164550781	 56502.43359375
39830444.0	 286.3228454589844	 453.4673767089844	 55449.17578125
39830624.0	 288.0611572265625	 454.8898620605469	 52957.859375
39830712.0	 287.5014953613281	 449.9661865234375	 55474.52734375
39830800.0	 287.0612487792969	 454.5455322265625	 55547.546875
39830888.0	 287.2539978027344	 457.93218994140625	 56208.19921875
39830976.0	 286.7499084472656	 459.36602783203125	 56988.48046875
39831068.0	 286.17877197265625	 464.46661376953125	 56666.60546875
39831160.0	 286.46875	 457.82427978515625	 56118.59765625
39831248.0	 285.7444763183594	 461.712158203125	 59044.828125
39831336.0	 287.083251953125	 460.7764892578125	 57143.60546875
39831428.0	 287.45806884765625	 458.8393249511719	 54317.62109375
39831516.0	 287.98699951171875	 454.7769775390625	 53895.26953125
39831604.0	 288.38458251953125	 462.94287109375	 56753.75
39831696.0	 288.12841796875	 464.7574768066406	 57332.0859375
39831784.0	 287.24200439453125	 458.6036682128906	 57328.64453125
39831872.0	 286.84228515625	 458.66180419921875	 58615.5546875
39831960.0	 287.3171691894531	 455.38726806640625	 55044.42578125
39832048.0	 286.33929443359375	 463.6340026855469	 59252.88671875
39832140.0	 286.43115234375	 456.5735778808594	 58343.0625
39832228.0	 287.1858825683594	 460.9876403808594	 57092.046875
39832316.0	 286.4032897949219	 464.80047607421875	 58902.08984375
39832404.0	 287.9431457519531	 457.9014587402344	 56948.9765625
39832496.0	 287.2754211425781	 448.59967041015625	 55173.03125
39832584.0	 286.9342956542969	 459.2681884765625	 57356.4921875
39832672.0	 286.61334228515625	 460.4097595214844	 58366.70703125
39832760.0	 287.8606872558594	 459.0094299316406	 54732.75390625
39832852.0	 287.2799987792969	 448.31683349609375	 55447.9921875
39832940.0	 287.3785095214844	 455.5147705078125	 55952.5078125
39833028.0	 287.67462158203125	 450.5224609375	 53878.73828125
39833116.0	 288.6825256347656	 444.74713134765625	 54229.70703125
39833204.0	 289.28765869140625	 448.9071044921875	 54792.671875
39833296.0	 288.0005187988281	 448.2127685546875	 56054.14453125
39833384.0	 287.8041687011719	 451.80767822265625	 56829.265625
39833560.0	 287.0012512207031	 445.3571472167969	 50553.03515625
39833652.0	 286.4126281738281	 456.6122131347656	 56252.109375
39833740.0	 289.515625	 461.9042053222656	 57211.3046875
39833828.0	 288.9404296875	 453.7377014160156	 56803.75390625
39833920.0	 287.96990966796875	 443.88616943359375	 54782.01953125
39834008.0	 288.26220703125	 455.5922546386719	 57007.21875
39834096.0	 288.4080505371094	 455.93865966796875	 57214.109375
39834188.0	 289.090576171875	 453.3829040527344	 55861.75
39834272.0	 288.7060546875	 454.4005432128906	 55613.625
39834364.0	 288.5310974121094	 463.107421875	 58006.62109375
39834452.0	 289.7192687988281	 457.9925231933594	 55654.9140625
39834540.0	 288.00689697265625	 460.80828857421875	 57405.1796875
39834632.0	 289.57220458984375	 461.1608581542969	 57665.64453125
39834720.0	 293.0909729003906	 445.88311767578125	 56952.58984375
39834808.0	 289.2388000488281	 446.9056091308594	 57830.8203125
39834896.0	 289.58184814453125	 459.3365478515625	 57975.59375
39834984.0	 287.8099365234375	 461.9389343261719	 58075.27734375
39835076.0	 286.7138671875	 470.1230163574219	 60583.421875
39835164.0	 287.9806213378906	 471.90057373046875	 58328.44140625
39835252.0	 285.11138916015625	 473.2464904785156	 58529.75
39835340.0	 290.6650085449219	 450.04290771484375	 54100.20703125
39835428.0	 289.4024658203125	 454.9710998535156	 55141.12109375
39835520.0	 289.70965576171875	 455.87127685546875	 53503.0625
39835608.0	 287.4158630371094	 456.6976013183594	 55188.86328125
39835696.0	 288.1306457519531	 458.6513671875	 54567.64453125
39835788.0	 287.1543273925781	 456.8149108886719	 54431.84375
39835876.0	 282.8310241699219	 469.6930847167969	 58808.26171875
39835964.0	 284.8533630371094	 464.63128662109375	 59044.875
39836052.0	 284.60150146484375	 462.4416198730469	 58231.8515625
39836144.0	 283.814208984375	 467.90826416015625	 60101.55859375
39836232.0	 286.8791198730469	 462.81829833984375	 55025.72265625
39836320.0	 285.6147766113281	 465.23297119140625	 58232.42578125
39836496.0	 285.6036682128906	 466.28814697265625	 56970.65625
39836588.0	 285.626220703125	 467.2266845703125	 60944.1015625
39836676.0	 285.5576477050781	 463.8576354980469	 58722.30078125
39836764.0	 285.1068115234375	 464.7248229980469	 59034.06640625
39836856.0	 284.9231872558594	 467.9082336425781	 59671.03125
39836944.0	 285.310791015625	 464.3551330566406	 59940.5078125
39837032.0	 285.3822937011719	 463.0390625	 60860.7265625
39837120.0	 285.89593505859375	 458.8929138183594	 59039.515625
39837212.0	 285.7769470214844	 465.86279296875	 58637.65625
39837300.0	 285.55548095703125	 464.6338195800781	 58754.33984375
39837388.0	 284.9591064453125	 461.3280029296875	 57259.3125
39837476.0	 284.7990417480469	 468.2449035644531	 58485.140625
39837564.0	 284.80145263671875	 471.8758850097656	 61117.6640625
39837652.0	 285.5494689941406	 451.1448669433594	 57094.30078125
39837744.0	 284.81549072265625	 448.9784240722656	 57916.26953125
39837832.0	 283.7458190917969	 455.3282775878906	 55861.1953125
39837920.0	 283.3063049316406	 467.40167236328125	 58687.25
39838012.0	 283.37200927734375	 459.3959045410156	 57057.1875
39838096.0	 283.4626770019531	 468.95904541015625	 58072.5546875
39838188.0	 283.33599853515625	 459.1584167480469	 56990.65234375
39838280.0	 287.8847961425781	 462.1743469238281	 56908.6875
39838368.0	 288.3646545410156	 455.9951171875	 55405.19921875
39838456.0	 288.47760009765625	 456.89398193359375	 55394.95703125
39838544.0	 288.7220764160156	 455.9935302734375	 54494.91015625
39838632.0	 286.2520446777344	 452.2588806152344	 54803.51171875
39838724.0	 284.49444580078125	 464.27764892578125	 58310.26171875
39838812.0	 283.7266540527344	 456.5150451660156	 56940.02734375
39838900.0	 284.1537170410156	 464.6325378417969	 60083.08203125
39838992.0	 283.30670166015625	 456.6133117675781	 57943.37890625
39839080.0	 283.3816223144531	 463.04217529296875	 58896.57421875
39839168.0	 283.47186279296875	 460.41473388671875	 57587.48828125
39839256.0	 283.6210632324219	 460.5098876953125	 57855.703125
39839436.0	 282.9598083496094	 456.20172119140625	 56173.125
39839524.0	 283.68170166015625	 462.1103820800781	 59258.53515625
39839612.0	 284.23394775390625	 464.68377685546875	 58349.3671875
39839700.0	 284.4239196777344	 463.3182067871094	 58234.65625
39839792.0	 283.05029296875	 467.5970458984375	 61681.4609375
39839880.0	 283.1697692871094	 461.2400817871094	 58835.671875
39839968.0	 281.5903625488281	 462.6456604003906	 59887.5078125
39840056.0	 282.2749938964844	 457.6712646484375	 58018.875
39840148.0	 281.8846740722656	 458.9465637207031	 58921.234375
39840232.0	 282.1102294921875	 459.51617431640625	 59285.90625
39840324.0	 282.2100524902344	 453.9944763183594	 57710.640625
39840412.0	 281.1069030761719	 461.98797607421875	 61520.796875
39840500.0	 281.2717590332031	 458.0350646972656	 59345.92578125
39840592.0	 283.03778076171875	 462.4410095214844	 59601.86328125
39840680.0	 284.2953796386719	 461.1324462890625	 58321.34765625
39840768.0	 284.6087951660156	 463.2874755859375	 57572.59765625
39840860.0	 284.8865661621094	 455.7083435058594	 56607.7265625
39840948.0	 284.351318359375	 458.4801940917969	 57632.3828125
39841036.0	 285.15045166015625	 461.7514343261719	 58899.96875
39841124.0	 283.89117431640625	 454.3052978515625	 56787.17578125
39841216.0	 284.0196533203125	 458.2814025878906	 56384.53125
39841304.0	 284.6112976074219	 458.8465881347656	 57983.796875
39841392.0	 283.1588439941406	 460.604248046875	 58796.61328125
39841480.0	 285.9120788574219	 466.76092529296875	 58907.1171875
39841568.0	 286.2576599121094	 461.7861022949219	 57144.1171875
39841660.0	 286.51824951171875	 462.289794921875	 56496.671875
39841748.0	 286.2396240234375	 460.8205261230469	 56497.03125
39841836.0	 286.34173583984375	 468.0825500488281	 57593.46484375
39841928.0	 286.1145935058594	 466.48809814453125	 58888.16796875
39842016.0	 286.3431701660156	 463.7435302734375	 57080.6640625
39842104.0	 287.50885009765625	 462.5103759765625	 55366.8046875
39842192.0	 287.3443298339844	 460.8576354980469	 56840.28515625
39842368.0	 287.93292236328125	 456.2560729980469	 51696.42578125
39842460.0	 287.6562805175781	 463.7259521484375	 57629.8671875
39842548.0	 287.0552978515625	 463.0310974121094	 57118.359375
39842636.0	 286.6844787597656	 463.6983337402344	 55444.8125
39842724.0	 285.0018615722656	 467.0780944824219	 56988.12890625
39842816.0	 284.65289306640625	 466.5899963378906	 56111.6796875
39842908.0	 284.2760925292969	 469.1385803222656	 57881.31640625
39842996.0	 285.068115234375	 464.7939147949219	 57925.69921875
39843084.0	 284.3111572265625	 471.0857238769531	 58464.15234375
39843172.0	 285.4540710449219	 463.321533203125	 56864.54296875
39843260.0	 285.4603576660156	 464.2451477050781	 56190.73828125
39843348.0	 284.3976135253906	 474.1513366699219	 57588.5859375
39843440.0	 283.9851379394531	 466.09210205078125	 58226.66015625
39843528.0	 284.04595947265625	 468.5193786621094	 58738.36328125
39843616.0	 284.0284118652344	 462.682861328125	 56594.0703125
39843704.0	 284.2956848144531	 463.6890563964844	 57601.3359375
39843796.0	 285.3464660644531	 462.22808837890625	 56350.83984375
39843884.0	 284.462646484375	 465.9930419921875	 57658.69140625
39843972.0	 283.9869384765625	 458.7822265625	 55893.64453125
39844064.0	 283.9067077636719	 463.6937561035156	 56951.6953125
39844148.0	 283.8326721191406	 471.96893310546875	 59880.34375
39844240.0	 284.829345703125	 462.7770690917969	 56662.75
39844328.0	 284.2955627441406	 465.31060791015625	 58439.60546875
39844416.0	 284.39276123046875	 461.6922302246094	 56224.87890625
39844508.0	 284.0544128417969	 464.14947509765625	 57483.95703125
39844596.0	 284.41143798828125	 466.5976257324219	 58133.97265625
39844684.0	 284.77178955078125	 459.4144287109375	 56272.0625
39844772.0	 284.20391845703125	 462.0333251953125	 57221.2421875
39844860.0	 283.9096374511719	 467.67669677734375	 59446.08203125
39844952.0	 284.32769775390625	 463.89605712890625	 55602.4921875
39845044.0	 283.8508605957031	 470.514404296875	 60187.24609375
39845132.0	 284.04681396484375	 467.49676513671875	 56101.234375
39845308.0	 283.4476318359375	 456.9622802734375	 54831.78515625
39845396.0	 283.24932861328125	 469.88311767578125	 58650.671875
39845488.0	 283.6578369140625	 465.5470275878906	 58555.1484375
39845576.0	 283.9877624511719	 465.9737854003906	 57651.890625
39845664.0	 283.5896911621094	 463.8096923828125	 58000.83203125
39845752.0	 283.1137390136719	 463.7137451171875	 57559.56640625
39845840.0	 283.1569519042969	 461.5262756347656	 57139.91015625
39845932.0	 282.9037170410156	 461.576171875	 56859.5703125
39846020.0	 283.2558288574219	 463.02197265625	 56915.10546875
39846108.0	 282.3782653808594	 460.9169921875	 56354.34765625
39846196.0	 282.6380310058594	 459.1553039550781	 56551.37890625
39846284.0	 282.3575439453125	 466.755126953125	 57890.109375
39846376.0	 283.6847229003906	 459.651123046875	 55692.12890625
39846464.0	 283.1792907714844	 465.4851379394531	 56855.8671875
39846552.0	 283.76318359375	 464.8858947753906	 57419.8671875
39846644.0	 284.7921447753906	 463.3164978027344	 55297.78125
39846732.0	 284.7078552246094	 459.81195068359375	 55869.09765625
39846820.0	 285.443603515625	 462.04345703125	 55013.55078125
39846912.0	 285.7464294433594	 460.0611877441406	 56462.16015625
39846996.0	 285.67431640625	 460.00714111328125	 57164.19921875
39847088.0	 285.4189758300781	 466.5923156738281	 60489.96875
39847176.0	 285.5577392578125	 459.0894775390625	 55009.96484375
39847264.0	 286.4196472167969	 453.2746887207031	 54138.265625
39847356.0	 285.9951171875	 456.881103515625	 55441.76953125
39847444.0	 286.47235107421875	 456.9668884277344	 53934.7578125
39847532.0	 286.8226623535156	 450.7303466796875	 53862.00390625
39847624.0	 287.00384521484375	 455.958984375	 53946.9296875
39847712.0	 286.369384765625	 460.4466552734375	 57893.99609375
39847800.0	 286.4519348144531	 456.0348815917969	 54820.046875
39847888.0	 286.68963623046875	 459.6850280761719	 56134.8984375
39847980.0	 286.85052490234375	 449.4728698730469	 53305.03515625
39848068.0	 286.6575012207031	 451.0374450683594	 54689.7734375
39848244.0	 286.9198913574219	 443.4875183105469	 50838.5703125
39848332.0	 285.6700439453125	 445.6170654296875	 51808.7421875
39848424.0	 284.5606689453125	 457.0921936035156	 56301.7421875
39848512.0	 285.3671569824219	 452.9489440917969	 54808.62109375
39848600.0	 284.787841796875	 456.84088134765625	 56565.85546875
39848688.0	 284.5479431152344	 450.4847106933594	 54398.34765625
39848780.0	 284.3290710449219	 456.6220397949219	 54847.31640625
39848868.0	 283.71697998046875	 441.65338134765625	 52297.21484375
39848956.0	 283.3780517578125	 447.9486083984375	 52625.85546875
39849044.0	 283.81658935546875	 453.2980651855469	 54471.421875
39849132.0	 283.60223388671875	 449.1401062011719	 52113.58203125
39849224.0	 283.83331298828125	 445.48291015625	 52471.3359375
39849312.0	 285.5567321777344	 452.43017578125	 53089.21484375
39849400.0	 285.1288146972656	 460.2712707519531	 54945.2578125
39849492.0	 284.991455078125	 448.699951171875	 53190.0546875
39849580.0	 285.40447998046875	 448.6211853027344	 53381.3984375
39849668.0	 285.9774475097656	 447.52349853515625	 52878.03125
39849760.0	 286.8725891113281	 452.6990661621094	 55568.21875
39849848.0	 287.74072265625	 437.4281311035156	 53494.73046875
39849936.0	 287.5096435546875	 447.7857666015625	 55816.18359375
39850024.0	 288.04632568359375	 442.3362121582031	 54862.36328125
39850112.0	 288.6778869628906	 448.1363220214844	 55300.06640625
39850204.0	 286.67138671875	 464.2532958984375	 60269.0078125
39850292.0	 288.2242736816406	 426.2962341308594	 59802.12890625
39850380.0	 288.0801086425781	 433.54351806640625	 60793.83984375
39850472.0	 288.38653564453125	 435.2242126464844	 61504.87890625
39850560.0	 288.40655517578125	 429.89544677734375	 60088.99609375
39850648.0	 288.24786376953125	 430.123779296875	 58721.1796875
39850736.0	 285.9434814453125	 457.4442138671875	 60214.140625
39850824.0	 288.84649658203125	 427.8022155761719	 58253.1015625
39850916.0	 288.4673156738281	 432.5377197265625	 60808.234375
39851004.0	 286.72991943359375	 434.1476135253906	 61244.47265625
39851180.0	 286.742431640625	 443.56707763671875	 57442.1875
39851272.0	 287.0813903808594	 420.4929504394531	 57185.171875
39851360.0	 287.526123046875	 432.8720703125	 57348.5234375
39851448.0	 285.3745422363281	 437.6931457519531	 57508.421875
39851536.0	 285.04278564453125	 438.3550109863281	 60543.49609375
39851624.0	 289.14459228515625	 422.2012939453125	 55724.5703125
39851716.0	 287.79144287109375	 412.6224670410156	 54904.69921875
39851804.0	 285.7662048339844	 438.756103515625	 57379.8125
39851896.0	 287.1524963378906	 436.5525207519531	 57800.90234375
39851984.0	 289.1339111328125	 434.6397705078125	 58750.93359375
39852072.0	 289.5849914550781	 424.009033203125	 57513.61328125
39852160.0	 289.8081359863281	 421.2211608886719	 56370.87890625
39852252.0	 289.5185241699219	 424.0038757324219	 57323.5
39852340.0	 289.5987243652344	 429.352294921875	 57149.76171875
39852428.0	 289.7079772949219	 426.5257873535156	 57682.109375
39852516.0	 289.5376892089844	 428.75347900390625	 58593.0234375
39852604.0	 290.2330627441406	 432.988525390625	 57536.078125
39852696.0	 289.99176025390625	 425.9194641113281	 61169.421875
39852784.0	 290.804443359375	 426.83905029296875	 58087.0390625
39852872.0	 290.5346374511719	 421.4569396972656	 55482.390625
39852960.0	 290.24713134765625	 426.684814453125	 58227.09375
39853052.0	 290.7648620605469	 427.9810485839844	 55767.92578125
39853140.0	 290.1694641113281	 422.4259338378906	 56769.06640625
39853228.0	 290.2314147949219	 428.77349853515625	 60126.1015625
39853320.0	 289.3937072753906	 428.3797302246094	 55489.17578125
39853404.0	 288.2931213378906	 432.01727294921875	 57617.73046875
39853496.0	 288.9705505371094	 434.272705078125	 60377.12109375
39853584.0	 289.2852478027344	 433.2948913574219	 59105.296875
39853672.0	 289.1375427246094	 433.57183837890625	 57870.4375
39853764.0	 287.45794677734375	 442.3227233886719	 58545.83984375
39853852.0	 287.0841369628906	 452.43768310546875	 60946.875
39853940.0	 289.89019775390625	 426.9952087402344	 58622.8125
39854120.0	 289.2793884277344	 430.60101318359375	 56236.48828125
39854208.0	 287.4885559082031	 441.0667724609375	 61088.6328125
39854300.0	 287.53253173828125	 438.4223327636719	 64194.40234375
39854384.0	 288.0609130859375	 434.8197021484375	 58628.9296875
39854476.0	 287.6377258300781	 438.1410217285156	 60242.16015625
39854564.0	 287.9329833984375	 435.2571105957031	 60344.46484375
39854652.0	 287.7097473144531	 436.06097412109375	 60939.3359375
39854744.0	 287.7899475097656	 437.2588195800781	 59479.078125
39854832.0	 286.5666198730469	 440.3447570800781	 60333.6484375
39854920.0	 285.4624938964844	 444.5700378417969	 60562.44140625
39855012.0	 284.41998291015625	 453.61627197265625	 59697.2421875
39855096.0	 284.3652038574219	 453.1433410644531	 58706.16015625
39855188.0	 284.66070556640625	 448.78753662109375	 58992.7734375
39855276.0	 285.6046447753906	 463.03558349609375	 58524.84765625
39855364.0	 286.2416076660156	 449.8258361816406	 59021.17578125
39855456.0	 285.9048156738281	 446.7869873046875	 57776.5625
39855544.0	 287.6041259765625	 443.798095703125	 55748.578125
39855632.0	 285.1440124511719	 440.0625305175781	 55913.96875
39855720.0	 284.0145568847656	 442.0622863769531	 56035.48828125
39855808.0	 284.2821350097656	 449.1542663574219	 57025.8203125
39855896.0	 284.0887451171875	 448.5101623535156	 57048.484375
39855988.0	 283.49908447265625	 446.7178039550781	 57022.83984375
39856076.0	 282.7657165527344	 449.2232360839844	 58981.44140625
39856168.0	 282.356201171875	 448.018310546875	 57317.36328125
39856256.0	 282.247314453125	 455.9497985839844	 58910.96484375
39856344.0	 282.8494873046875	 453.12811279296875	 59146.63671875
39856436.0	 283.3298645019531	 451.26416015625	 59169.21484375
39856524.0	 284.38824462890625	 453.5584716796875	 59501.1953125
39856612.0	 285.970947265625	 446.62115478515625	 57943.52734375
39856700.0	 285.6038818359375	 449.01165771484375	 58599.390625
39856788.0	 285.7265625	 452.0878601074219	 57747.90625
39856880.0	 286.3717956542969	 452.20013427734375	 59780.28515625
39857056.0	 286.98309326171875	 437.97412109375	 51994.4765625
39857144.0	 286.4454345703125	 453.11297607421875	 57534.671875
39857232.0	 286.9073181152344	 446.556884765625	 55092.6484375
39857324.0	 286.9962158203125	 449.3069763183594	 57303.37890625
39857412.0	 287.0164794921875	 445.4591369628906	 55719.9296875
39857500.0	 287.98980712890625	 447.251708984375	 55438.234375
39857588.0	 287.401123046875	 450.9132080078125	 56059.109375
39857676.0	 286.240234375	 447.62005615234375	 56577.5390625
39857768.0	 286.3000793457031	 454.8050842285156	 56725.42578125
39857856.0	 286.8797302246094	 445.3786315917969	 55089.73828125
39857944.0	 286.22186279296875	 456.4418029785156	 57878.73828125
39858036.0	 287.26104736328125	 449.5517883300781	 57910.203125
39858124.0	 287.4906311035156	 444.7582702636719	 56457.65234375
39858212.0	 286.836669921875	 443.5361328125	 56596.25
39858304.0	 287.0267333984375	 449.3853759765625	 57855.41015625
39858392.0	 287.0341796875	 450.60162353515625	 58671.65625
39858480.0	 284.2424621582031	 448.52117919921875	 56462.44921875
39858568.0	 285.8701171875	 452.8994140625	 60136.74609375
39858660.0	 284.9570007324219	 444.6298828125	 58410.1171875
39858748.0	 286.75	 447.5163879394531	 56995.6328125
39858836.0	 286.9653015136719	 450.1409912109375	 57247.15234375
39858924.0	 285.3421630859375	 451.5121765136719	 59390.84375
39859016.0	 284.09808349609375	 450.83856201171875	 56578.64453125
39859104.0	 282.4666748046875	 454.1437683105469	 57473.04296875
39859192.0	 283.4090576171875	 454.4355163574219	 58253.53125
39859280.0	 283.072509765625	 453.0422668457031	 56853.9921875
39859372.0	 283.5350036621094	 452.2153015136719	 58097.94140625
39859460.0	 284.2080078125	 451.6872863769531	 60854.74609375
39859548.0	 284.78399658203125	 442.2909240722656	 60592.546875
39859636.0	 284.1693420410156	 449.9017028808594	 59756.77734375
39859728.0	 284.28765869140625	 452.1088562011719	 59271.546875
39859816.0	 284.5661315917969	 450.9443664550781	 61877.91796875
39859996.0	 285.4915466308594	 429.69085693359375	 53718.03125
39860084.0	 285.6780700683594	 442.5938415527344	 57433.0234375
39860172.0	 285.6682434082031	 435.2773742675781	 55663.37109375
39860260.0	 285.7136535644531	 446.38507080078125	 59247.16796875
39860348.0	 285.14239501953125	 444.2302551269531	 58133.375
39860436.0	 287.2331848144531	 447.17572021484375	 59948.90234375
39860528.0	 286.97528076171875	 439.4431457519531	 57521.1640625
39860616.0	 287.16436767578125	 440.4928283691406	 59584.14453125
39860708.0	 286.0571594238281	 446.9369812011719	 62797.265625
39860796.0	 287.5166015625	 447.98406982421875	 57679.32421875
39860884.0	 289.1625061035156	 442.1639709472656	 55095.24609375
39860972.0	 287.8315124511719	 440.7293701171875	 56379.85546875
39861064.0	 286.709716796875	 445.2345275878906	 59646.66015625
39861152.0	 284.8416442871094	 442.99688720703125	 55424.35546875
39861240.0	 284.2618408203125	 459.5561218261719	 60426.15234375
39861328.0	 283.8608703613281	 449.69842529296875	 53136.05078125
39861420.0	 283.62225341796875	 452.7179260253906	 55707.84375
39861508.0	 282.65338134765625	 450.2738037109375	 54668.41015625
39861596.0	 283.51617431640625	 455.31610107421875	 56235.046875
39861680.0	 284.38519287109375	 449.9117126464844	 52951.6953125
39861768.0	 283.80120849609375	 449.0817565917969	 52617.3515625
39861860.0	 283.2935485839844	 446.5400695800781	 52639.3671875
39861948.0	 282.6292724609375	 447.92755126953125	 53007.1171875
39862036.0	 282.8790283203125	 447.60870361328125	 52654.29296875
39862124.0	 282.1221618652344	 459.6292724609375	 54865.44921875
39862216.0	 282.9859313964844	 451.42132568359375	 54014.41015625
39862304.0	 282.8081970214844	 457.4877014160156	 55061.21484375
39862392.0	 283.48699951171875	 448.6177978515625	 52705.58984375
39862480.0	 283.3146057128906	 448.6449279785156	 53123.9140625
39862568.0	 284.1419372558594	 456.6101379394531	 56354.37109375
39862660.0	 284.47998046875	 454.6600341796875	 53907.03515625
39862748.0	 283.0233154296875	 456.17333984375	 55108.41796875
39862928.0	 284.4771728515625	 446.48162841796875	 51060.5546875
39863016.0	 285.56512451171875	 454.3905029296875	 54206.015625
39863104.0	 284.5148010253906	 460.0035400390625	 57009.77734375
39863196.0	 284.0072326660156	 456.06036376953125	 54527.27734375
39863284.0	 285.1510314941406	 449.08099365234375	 53554.6484375
39863372.0	 283.5717468261719	 454.2726745605469	 55740.1796875
39863460.0	 283.3006896972656	 452.4100036621094	 53935.453125
39863552.0	 281.9946594238281	 454.2873229980469	 56346.21484375
39863640.0	 281.98468017578125	 458.0271911621094	 55681.8125
39863728.0	 281.8381652832031	 459.1958923339844	 57980.9140625
39863816.0	 281.28155517578125	 458.0273132324219	 56701.30078125
39863908.0	 282.2409973144531	 454.0747985839844	 54950.98046875
39863996.0	 282.42559814453125	 459.8779296875	 55824.9921875
39864084.0	 282.1604919433594	 459.2112731933594	 56660.11328125
39864176.0	 282.2906494140625	 460.7551574707031	 56515.953125
39864260.0	 282.24456787109375	 457.3340148925781	 55407.99609375
39864352.0	 281.65850830078125	 457.7196044921875	 57934.3046875
39864440.0	 281.4338073730469	 461.9506530761719	 56843.3671875
39864528.0	 282.03717041015625	 452.9652099609375	 55424.66015625
39864620.0	 282.0087585449219	 455.5624084472656	 56768.4453125
39864708.0	 281.9825744628906	 462.3870544433594	 56390.93359375
39864796.0	 281.69085693359375	 461.2240295410156	 58455.62890625
39864888.0	 281.9894104003906	 456.9898681640625	 55223.51171875
39864972.0	 281.31781005859375	 462.2110595703125	 57541.6171875
39865064.0	 281.4659729003906	 460.7516784667969	 55327.35546875
39865156.0	 281.81512451171875	 456.84832763671875	 56143.109375
39865240.0	 281.30096435546875	 461.98284912109375	 56864.45703125
39865332.0	 281.31707763671875	 460.00323486328125	 57389.54296875
39865420.0	 281.658447265625	 463.030029296875	 56718.03515625
39865508.0	 282.3856201171875	 461.4161376953125	 56266.12890625
39865600.0	 283.3453063964844	 458.5749816894531	 56092.96484375
39865688.0	 283.1900329589844	 458.847900390625	 57988.3046875
39865868.0	 283.7151794433594	 460.8005676269531	 57611.46875
39865952.0	 283.2271728515625	 464.0465393066406	 56984.59375
39866044.0	 283.3421936035156	 467.93170166015625	 60260.76171875
39866132.0	 283.818115234375	 459.06842041015625	 58784.421875
39866220.0	 283.86395263671875	 464.05767822265625	 56801.1171875
39866312.0	 283.4509582519531	 460.3732604980469	 58000.3515625
39866400.0	 283.5556945800781	 462.8521728515625	 58223.4921875
39866488.0	 282.8839416503906	 460.6349182128906	 58099.84375
39866580.0	 282.9342346191406	 464.0852966308594	 60032.48046875
39866664.0	 284.0843811035156	 449.3902282714844	 56792.0078125
39866756.0	 283.2495422363281	 454.3089294433594	 56274.48828125
39866844.0	 283.0480041503906	 456.8643798828125	 58677.3203125
39866932.0	 282.86761474609375	 460.4980163574219	 57650.36328125
39867024.0	 282.3883972167969	 459.4189758300781	 58723.9453125
39867112.0	 282.7927551269531	 460.9996643066406	 56424.76171875
39867200.0	 282.62042236328125	 463.5422668457031	 56805.23828125
39867292.0	 282.9172668457031	 457.6139831542969	 55015.99609375
39867380.0	 282.6925964355469	 456.496337890625	 55684.890625
39867468.0	 282.8142395019531	 460.88165283203125	 55052.8984375
39867556.0	 282.0909118652344	 463.9276123046875	 58188.75
39867644.0	 282.0986022949219	 464.097412109375	 57415.0234375
39867736.0	 282.6725158691406	 464.68060302734375	 56026.37109375
39867824.0	 283.3272705078125	 461.8030090332031	 55788.16015625
39867912.0	 282.952880859375	 471.9774169921875	 58147.31640625
39868004.0	 283.2945251464844	 465.05999755859375	 56969.35546875
39868092.0	 283.5577697753906	 460.1459655761719	 55251.171875
39868180.0	 283.63934326171875	 459.83203125	 57027.9453125
39868268.0	 283.0614318847656	 456.6612243652344	 55790.01953125
39868360.0	 283.1731262207031	 460.1978759765625	 56069.8515625
39868444.0	 283.0915832519531	 460.8392333984375	 54994.41015625
39868532.0	 283.3006896972656	 458.03460693359375	 55154.7109375
39868620.0	 282.7332458496094	 458.7041931152344	 54771.84765625
39868800.0	 283.4939880371094	 459.2293395996094	 55893.10546875
39868888.0	 283.0276794433594	 454.8936462402344	 55553.73046875
39868976.0	 283.9747619628906	 460.70758056640625	 55562.60546875
39869064.0	 283.3145751953125	 458.60400390625	 56613.9921875
39869156.0	 281.973388671875	 455.1017150878906	 56078.578125
39869244.0	 281.7116394042969	 461.3370361328125	 55768.296875
39869332.0	 281.0328063964844	 460.645263671875	 59249.765625
39869420.0	 280.8938293457031	 456.5735778808594	 57250.83984375
39869512.0	 280.5440673828125	 453.2716064453125	 56857.31640625
39869600.0	 280.5525817871094	 457.20343017578125	 56557.46875
39869692.0	 282.7166442871094	 457.2066345214844	 57238.53515625
39869780.0	 282.94097900390625	 461.5837707519531	 62438.9140625
39869868.0	 283.75250244140625	 446.0812072753906	 56328.5703125
39869960.0	 283.03717041015625	 455.2434387207031	 59466.5625
39870044.0	 284.126953125	 450.038818359375	 57807.859375
39870136.0	 283.44940185546875	 460.5586853027344	 59484.015625
39870224.0	 283.7156066894531	 449.10833740234375	 54750.765625
39870312.0	 284.48779296875	 463.7471923828125	 56954.71484375
39870404.0	 284.6073913574219	 452.6251525878906	 57037.38671875
39870492.0	 283.3951110839844	 465.0736083984375	 56267.484375
39870580.0	 282.1802673339844	 475.3835144042969	 58054.30859375
39870668.0	 281.6549987792969	 473.0440673828125	 56278.8203125
39870756.0	 282.3040466308594	 470.5736083984375	 54237.7578125
39870848.0	 282.09979248046875	 476.0020751953125	 56436.34765625
39870936.0	 281.98382568359375	 474.24884033203125	 55695.609375
39871024.0	 281.4565734863281	 474.8485412597656	 55950.671875
39871112.0	 281.5524597167969	 461.5087890625	 51596.0859375
39871204.0	 281.53216552734375	 466.60296630859375	 53159.37109375
39871292.0	 281.8164978027344	 470.5388488769531	 53734.1640625
39871380.0	 281.7781066894531	 461.5125732421875	 51788.9375
39871468.0	 281.2538757324219	 463.9875793457031	 53579.60546875
39871556.0	 281.5888977050781	 476.17205810546875	 57114.1328125
39871740.0	 282.5386657714844	 463.2420959472656	 54558.21875
39871828.0	 281.271240234375	 472.5736999511719	 59300.41796875
39871916.0	 281.4911193847656	 468.59136962890625	 56524.734375
39872004.0	 281.6810302734375	 472.6626281738281	 58031.87890625
39872096.0	 281.90447998046875	 477.0722961425781	 59364.53125
39872184.0	 281.8091735839844	 468.8925476074219	 57274.08984375
39872272.0	 282.1149597167969	 472.7554626464844	 56293.05078125
39872360.0	 282.02294921875	 470.8289794921875	 57627.80078125
39872452.0	 281.77410888671875	 467.73651123046875	 57608.53515625
39872540.0	 281.794677734375	 468.06134033203125	 55965.7578125
39872628.0	 281.3268737792969	 469.76556396484375	 56732.55859375
39872716.0	 281.0671691894531	 468.4231262207031	 57610.83203125
39872804.0	 281.1871643066406	 463.3686828613281	 56558.53515625
39872896.0	 280.9993896484375	 463.238037109375	 53640.4921875
39872984.0	 280.4257507324219	 466.8795471191406	 55930.20703125
39873072.0	 280.1288146972656	 469.21929931640625	 56682.9140625
39873160.0	 280.021484375	 471.4595947265625	 57231.578125
39873252.0	 279.8814392089844	 475.5501708984375	 59777.3515625
39873340.0	 280.5740966796875	 469.56402587890625	 57330.93359375
39873428.0	 280.8953552246094	 469.2407531738281	 56253.87890625
39873512.0	 280.67279052734375	 467.9461669921875	 55315.98828125
39873604.0	 280.44195556640625	 470.8594665527344	 56997.75390625
39873692.0	 281.8465881347656	 476.0140075683594	 58041.359375
39873780.0	 281.35931396484375	 465.70562744140625	 54538.421875
39873868.0	 280.6036376953125	 479.7465515136719	 57551.6640625
39873960.0	 281.1119384765625	 475.38653564453125	 54460.09765625
39874048.0	 280.5940246582031	 474.76318359375	 53381.99609375
39874140.0	 280.8890380859375	 468.9112548828125	 51300.0234375
39874228.0	 280.32421875	 472.44207763671875	 53299.59375
39874316.0	 280.10064697265625	 473.9424133300781	 51901.5625
39874404.0	 279.93536376953125	 466.9811096191406	 51427.3984375
39874496.0	 280.33917236328125	 477.10797119140625	 53546.359375
39874672.0	 280.5643615722656	 464.77716064453125	 50034.03515625
39874760.0	 280.45166015625	 472.5001525878906	 53540.47265625
39874848.0	 280.4814147949219	 471.8673095703125	 52524.30078125
39874940.0	 280.7427673339844	 474.3883972167969	 52236.2109375
39875028.0	 279.9480285644531	 472.3402099609375	 51359.41015625
39875116.0	 279.5697326660156	 479.3545227050781	 52055.46875
39875208.0	 280.3396301269531	 485.9048156738281	 53732.91015625
39875296.0	 280.4652099609375	 476.5589294433594	 49441.70703125
39875384.0	 280.4626159667969	 471.5015563964844	 49852.14453125
39875472.0	 280.43988037109375	 472.0495300292969	 49013.04296875
39875560.0	 280.02874755859375	 472.4368896484375	 50676.24609375
39875652.0	 280.5818786621094	 471.06048583984375	 49465.9140625
39875740.0	 280.02294921875	 475.92218017578125	 50462.09765625
39875828.0	 280.89105224609375	 478.6949462890625	 50898.4375
39875916.0	 280.1555480957031	 472.6977844238281	 51239.546875
39876004.0	 278.9494934082031	 474.8051452636719	 51817.96484375
39876096.0	 280.7005920410156	 466.2156982421875	 49625.296875
39876188.0	 279.1617736816406	 466.2056884765625	 49867.109375
39876276.0	 278.7475280761719	 471.65411376953125	 52136.6796875
39876364.0	 278.2795104980469	 464.0375061035156	 50039.33984375
39876452.0	 278.31634521484375	 469.2732849121094	 52255.05859375
39876544.0	 277.59674072265625	 464.1246643066406	 50795.6484375
39876632.0	 276.5027160644531	 468.2031555175781	 51763.76953125
39876720.0	 277.1867370605469	 465.0160827636719	 49565.44140625
39876808.0	 277.1238098144531	 466.93719482421875	 50936.80859375
39876900.0	 277.7403259277344	 472.2590637207031	 54557.90234375
39876988.0	 277.0047912597656	 464.2077941894531	 50780.79296875
39877076.0	 276.6888427734375	 467.5602722167969	 51937.3828125
39877164.0	 277.1339111328125	 468.65673828125	 51792.57421875
39877256.0	 276.8961486816406	 468.774169921875	 53774.08984375
39877344.0	 276.9668884277344	 469.5034484863281	 53815.828125
39877432.0	 277.1758117675781	 474.530517578125	 54946.9140625
39877608.0	 277.736083984375	 467.4234619140625	 49671.69140625
39877700.0	 277.90289306640625	 475.2073059082031	 52604.203125
39877784.0	 277.35906982421875	 469.71563720703125	 53083.8671875
39877872.0	 276.74371337890625	 468.9815979003906	 51408.5859375
39877960.0	 277.218017578125	 469.5223693847656	 51928.3203125
39878052.0	 278.2276611328125	 465.26165771484375	 50243.01953125
39878140.0	 277.0873718261719	 471.8347473144531	 54893.921875
39878228.0	 277.0257568359375	 465.3346862792969	 53619.15625
39878320.0	 276.3740234375	 467.7474060058594	 53005.75
39878408.0	 276.6820983886719	 475.50445556640625	 55112.265625
39878496.0	 277.3715515136719	 469.37835693359375	 52111.64453125
39878588.0	 276.9190673828125	 468.7646484375	 53175.8984375
39878676.0	 275.6669921875	 470.4010314941406	 52597.1875
39878764.0	 276.76416015625	 465.4121398925781	 52385.9453125
39878852.0	 276.556396484375	 468.0560302734375	 51152.82421875
39878944.0	 277.12890625	 472.6695861816406	 55088.30859375
39879032.0	 277.4204406738281	 470.09613037109375	 54294.02734375
39879120.0	 278.2865295410156	 477.0693359375	 55924.69140625
39879208.0	 278.01654052734375	 481.50531005859375	 57820.40625
39879300.0	 277.7065734863281	 477.6895446777344	 60290.9765625
39879388.0	 279.8385925292969	 477.93524169921875	 60567.74609375
39879476.0	 280.2981872558594	 476.3368835449219	 59604.63671875
39879564.0	 278.2458801269531	 479.0214538574219	 58617.30859375
39879656.0	 277.6545104980469	 477.8782653808594	 57516.46484375
39879744.0	 277.31591796875	 471.6702575683594	 59098.109375
39879832.0	 279.54498291015625	 471.4353332519531	 59934.703125
39879920.0	 279.5686950683594	 470.9339904785156	 58411.015625
39880008.0	 279.7721862792969	 479.3235168457031	 61242.90625
39880100.0	 281.26263427734375	 477.91131591796875	 62144.4140625
39880188.0	 280.7027893066406	 478.4435119628906	 59625.26953125
39880276.0	 280.6286926269531	 484.8977966308594	 60452.953125
39880364.0	 280.6802978515625	 477.5218505859375	 60056.45703125
39880544.0	 279.1072082519531	 468.1388854980469	 58199.859375
39880636.0	 278.4515075683594	 481.13104248046875	 60925.6484375
39880724.0	 280.66326904296875	 483.24334716796875	 58491.3984375
39880812.0	 281.19232177734375	 479.0274963378906	 57580.453125
39880904.0	 281.586181640625	 467.4488525390625	 55394.70703125
39880992.0	 277.193115234375	 490.1312255859375	 59471.83984375
39881080.0	 280.7591857910156	 482.589111328125	 60501.703125
39881168.0	 281.1636047363281	 477.6709289550781	 57321.8515625
39881260.0	 281.34912109375	 477.8239440917969	 56650.26953125
39881348.0	 279.6393737792969	 470.5144348144531	 57217.41015625
39881436.0	 278.6170959472656	 482.5528869628906	 57337.1015625
39881524.0	 280.0576477050781	 475.69012451171875	 54134.3984375
39881612.0	 280.4704284667969	 490.5699462890625	 59557.12890625
39881700.0	 278.1915588378906	 470.10284423828125	 57987.16015625
39881788.0	 281.2869567871094	 490.38250732421875	 59935.87109375
39881876.0	 280.30206298828125	 474.4538269042969	 58375.796875
39881964.0	 280.2640380859375	 481.3330383300781	 60460.56640625
39882056.0	 280.8153991699219	 479.1206970214844	 59496.8515625
39882144.0	 282.31964111328125	 476.2642517089844	 59982.26953125
39882232.0	 281.216796875	 475.34735107421875	 59283.43359375
39882320.0	 280.56268310546875	 481.9896545410156	 61748.94921875
39882412.0	 280.435546875	 478.93927001953125	 57751.30078125
39882500.0	 279.51593017578125	 478.3848571777344	 60418.49609375
39882588.0	 280.5132751464844	 469.4013977050781	 55286.67578125
39882676.0	 279.846923828125	 468.9913330078125	 56032.44921875
39882768.0	 278.7194519042969	 473.9406433105469	 56372.203125
39882856.0	 277.67999267578125	 479.6632080078125	 58872.9140625
39882948.0	 277.3238220214844	 476.5971984863281	 55088.48828125
39883036.0	 277.01611328125	 470.1033630371094	 56182.66796875
39883124.0	 276.63555908203125	 472.8579406738281	 54741.4296875
39883216.0	 276.7604675292969	 471.2684631347656	 55776.015625
39883304.0	 276.4114074707031	 471.8112487792969	 55221.2890625
39883480.0	 279.9910583496094	 476.2521667480469	 54815.9140625
39883568.0	 279.5578308105469	 471.4383544921875	 56305.08203125
39883660.0	 282.7187805175781	 467.5409240722656	 56515.89453125
39883748.0	 283.4325256347656	 458.37548828125	 59602.859375
39883836.0	 282.630615234375	 464.8214416503906	 62922.65625
39883928.0	 283.8890380859375	 462.2654113769531	 68155.703125
39884016.0	 285.9193115234375	 451.4530334472656	 75122.0859375
39884104.0	 286.2811584472656	 447.63299560546875	 72134.390625
39884192.0	 284.78240966796875	 450.4473571777344	 75349.4453125
39884280.0	 283.15093994140625	 465.69317626953125	 73371.8359375
39884372.0	 282.6000671386719	 472.6836242675781	 73114.515625
39884460.0	 283.8763427734375	 494.5646667480469	 78269.34375
39884548.0	 284.1393737792969	 468.58935546875	 67467.484375
39884636.0	 283.2144470214844	 475.7234802246094	 67556.5625
39884728.0	 284.90740966796875	 463.3708190917969	 71576.0390625
39884816.0	 285.360595703125	 477.9598388671875	 79642.1875
39884904.0	 288.07391357421875	 465.6065979003906	 77180.7265625
39884992.0	 285.13494873046875	 482.73138427734375	 73679.8828125
39885080.0	 285.6266174316406	 469.6346740722656	 75134.25
39885168.0	 287.8586120605469	 452.6968078613281	 78851.5
39885256.0	 288.508544921875	 452.3416748046875	 80599.703125
39885348.0	 287.1523132324219	 453.5027160644531	 84524.375
39885436.0	 288.2660217285156	 439.987060546875	 74348.65625
39885524.0	 288.32080078125	 454.14801025390625	 76651.359375
39885612.0	 287.7718200683594	 449.6291198730469	 79774.1328125
39885704.0	 288.01678466796875	 445.912841796875	 78113.8359375
39885792.0	 287.61541748046875	 448.55419921875	 75958.453125
39885880.0	 286.7314453125	 459.73370361328125	 89517.421875
39885972.0	 287.3246765136719	 446.3162841796875	 79292.3828125
39886060.0	 287.941650390625	 444.4208068847656	 79082.8203125
39886148.0	 286.7160339355469	 449.62506103515625	 76151.6015625
39886240.0	 287.5518798828125	 454.451416015625	 77324.0703125
39886416.0	 287.1037292480469	 458.547119140625	 80182.140625
39886504.0	 286.531005859375	 459.9361267089844	 76671.53125
39886592.0	 287.3538513183594	 464.7396545410156	 79657.375
39886684.0	 287.9532470703125	 470.644287109375	 82798.59375
39886772.0	 290.79620361328125	 489.1855163574219	 81392.4296875
39886860.0	 293.1287841796875	 477.9111328125	 77407.1328125
39886948.0	 292.9044494628906	 492.062744140625	 81303.078125
39887040.0	 292.491943359375	 499.1108703613281	 84176.8046875
39887128.0	 292.8326110839844	 493.99053955078125	 89007.265625
39887216.0	 293.3471374511719	 486.7889709472656	 79446.5390625
39887308.0	 292.9978942871094	 497.9129333496094	 82680.9921875
39887396.0	 293.0807800292969	 490.490966796875	 79201.703125
39887484.0	 293.1166076660156	 490.79327392578125	 81290.7734375
39887572.0	 293.9571533203125	 491.73138427734375	 79977.6328125
39887660.0	 293.60137939453125	 486.0589294433594	 83249.5390625
39887752.0	 293.3731994628906	 494.7807922363281	 82149.625
39887840.0	 293.64471435546875	 490.12298583984375	 78659.046875
39887928.0	 294.2583923339844	 491.366455078125	 78179.7578125
39888020.0	 295.0375671386719	 481.2560119628906	 77408.9453125
39888104.0	 294.98077392578125	 490.39495849609375	 81120.09375
39888192.0	 294.893310546875	 481.56658935546875	 84408.25
39888284.0	 295.7980651855469	 486.635009765625	 79750.109375
39888368.0	 295.29541015625	 494.3041076660156	 81998.90625
39888460.0	 294.8116149902344	 495.58953857421875	 83267.703125
39888548.0	 295.2105407714844	 499.7744445800781	 84338.4140625
39888636.0	 295.2539978027344	 500.8271484375	 83307.015625
39888728.0	 296.1651306152344	 490.65643310546875	 79497.859375
39888816.0	 296.6856384277344	 492.2747497558594	 79500.5234375
39888904.0	 295.8621520996094	 491.9928894042969	 82813.5703125
39888992.0	 295.7261047363281	 492.4590759277344	 81380.734375
39889084.0	 296.7740783691406	 494.0472412109375	 82755.7578125
39889172.0	 296.6404724121094	 496.92962646484375	 80964.8203125
39889352.0	 297.7374267578125	 482.3601379394531	 75040.875
39889440.0	 296.78125	 493.51544189453125	 80008.625
39889528.0	 296.76348876953125	 487.712646484375	 77553.2109375
39889620.0	 296.15863037109375	 495.98992919921875	 79784.3046875
39889708.0	 296.2408752441406	 487.433837890625	 80307.8671875
39889796.0	 296.55938720703125	 492.2672119140625	 79591.21875
39889884.0	 296.09490966796875	 498.29327392578125	 82139.65625
39889976.0	 296.16021728515625	 493.7352600097656	 82860.3359375
39890064.0	 295.63775634765625	 491.5620422363281	 82481.984375
39890152.0	 295.6134948730469	 495.5079650878906	 82493.6171875
39890240.0	 296.1029968261719	 484.33770751953125	 76195.296875
39890332.0	 296.5858154296875	 490.30078125	 77696.0078125
39890420.0	 296.0860290527344	 496.2401123046875	 82208.9296875
39890508.0	 296.3097229003906	 491.4425048828125	 79087.9765625
39890596.0	 295.7658386230469	 497.4481201171875	 83792.1015625
39890688.0	 296.39190673828125	 497.537353515625	 80937.6328125
39890776.0	 296.8279724121094	 488.680419921875	 77811.9140625
39890864.0	 296.3358459472656	 493.7975769042969	 81413.734375
39890952.0	 296.67657470703125	 496.0993957519531	 81520.140625
39891036.0	 296.9925537109375	 500.5228271484375	 81117.46875
39891128.0	 297.2182312011719	 489.9382629394531	 79936.6640625
39891216.0	 296.5578918457031	 485.8316955566406	 80085.9296875
39891304.0	 296.5360107421875	 486.8562927246094	 77986.609375
39891392.0	 296.7674255371094	 487.6276550292969	 78727.5703125
39891484.0	 296.2463684082031	 493.0625305175781	 81262.3828125
39891572.0	 295.65850830078125	 485.6065368652344	 83921.7109375
39891664.0	 296.89105224609375	 479.7820129394531	 74979.9140625
39891752.0	 295.3305969238281	 491.6475524902344	 79382.7109375
39891844.0	 295.3058776855469	 487.4664306640625	 76367.328125
39891928.0	 294.2055969238281	 495.0518798828125	 80215.9765625
39892020.0	 294.7113342285156	 494.845947265625	 78830.0859375
39892108.0	 295.2734680175781	 491.8668518066406	 78205.4296875
39892288.0	 295.1358947753906	 496.5823974609375	 81668.1171875
39892376.0	 295.5576477050781	 490.187255859375	 77527.2734375
39892464.0	 295.1983337402344	 492.6387939453125	 81784.140625
39892552.0	 295.41302490234375	 494.1931457519531	 80509.640625
39892644.0	 295.1843566894531	 491.0675354003906	 82034.03125
39892732.0	 295.4153137207031	 494.17718505859375	 79926.3984375
39892820.0	 295.4599304199219	 489.2247619628906	 79398.1953125
39892912.0	 295.7965393066406	 491.4961242675781	 76977.234375
39892996.0	 294.93170166015625	 488.7359924316406	 80624.390625
39893088.0	 295.4327087402344	 484.5849609375	 76752.7421875
39893176.0	 294.9046936035156	 495.2784118652344	 83084.2890625
39893264.0	 295.7461853027344	 490.54010009765625	 78514.3046875
39893356.0	 295.94146728515625	 486.9239501953125	 77027.515625
39893444.0	 295.336181640625	 489.7550354003906	 80421.6328125
39893532.0	 295.3516540527344	 493.9700622558594	 82487.875
39893620.0	 295.6290283203125	 501.30072021484375	 80772.3515625
39893712.0	 295.63250732421875	 489.5545654296875	 78418.75
39893796.0	 295.5046081542969	 485.9978332519531	 75203.5
39893888.0	 295.2497253417969	 493.6536560058594	 81453.8828125
39893976.0	 294.85211181640625	 493.9208984375	 79657.1015625
39894064.0	 295.044189453125	 487.2729797363281	 78030.1328125
39894152.0	 295.29595947265625	 488.33001708984375	 77696.546875
39894240.0	 294.9405822753906	 487.5289306640625	 76893.0546875
39894332.0	 294.8453674316406	 494.3749084472656	 80925.9765625
39894420.0	 295.0309753417969	 487.4270935058594	 78517.046875
39894508.0	 294.8115234375	 484.4464416503906	 78750.8671875
39894596.0	 294.2203063964844	 496.91143798828125	 79301.625
39894688.0	 293.6309814453125	 498.4181213378906	 81777.640625
39894776.0	 293.8227844238281	 492.7475891113281	 79974.171875
39894864.0	 293.41900634765625	 496.33404541015625	 80699.734375
39894956.0	 293.9007873535156	 487.6581726074219	 79011.8203125
39895044.0	 291.896484375	 498.12957763671875	 84009.28125
39895220.0	 294.34552001953125	 489.0523986816406	 73960.3984375
39895308.0	 293.3648986816406	 502.0831604003906	 85159.9296875
39895400.0	 294.3215026855469	 491.2384948730469	 77894.3515625
39895488.0	 293.5662841796875	 494.1939392089844	 81245.9609375
39895576.0	 292.580810546875	 495.252685546875	 84031.125
39895664.0	 292.1503601074219	 496.1219177246094	 84586.0859375
39895756.0	 292.88299560546875	 490.0986633300781	 82944.9296875
39895844.0	 292.7206726074219	 490.8738708496094	 80122.484375
39895932.0	 293.40008544921875	 486.7032470703125	 81206.3984375
39896024.0	 292.13262939453125	 479.1782531738281	 89292.3984375
39896112.0	 293.2790222167969	 473.05126953125	 80246.8984375
39896204.0	 293.45458984375	 465.86505126953125	 76681.4453125
39896292.0	 292.93377685546875	 485.0466613769531	 81104.03125
39896376.0	 292.4849853515625	 468.8465576171875	 82722.0
39896468.0	 291.6533203125	 490.0285949707031	 84681.7890625
39896552.0	 292.54437255859375	 488.2966613769531	 80628.9453125
39896644.0	 293.25848388671875	 487.3288269042969	 78795.3046875
39896732.0	 294.0578918457031	 475.9675598144531	 80014.4453125
39896820.0	 293.1700744628906	 475.1914367675781	 78766.1328125
39896912.0	 293.17218017578125	 471.9139404296875	 75185.6875
39897000.0	 293.4876708984375	 463.54498291015625	 70457.5234375
39897088.0	 293.1508483886719	 472.90985107421875	 76952.46875
39897176.0	 292.7248840332031	 481.4422302246094	 74960.75
39897268.0	 295.3990478515625	 446.4334411621094	 63092.03515625
39897356.0	 294.7856750488281	 467.48980712890625	 67907.9765625
39897444.0	 295.60382080078125	 453.279541015625	 63971.4296875
39897536.0	 293.8763732910156	 456.52923583984375	 63385.1875
39897620.0	 294.20416259765625	 459.4300231933594	 66045.84375
39897712.0	 292.8570251464844	 460.2146911621094	 66348.265625
39897800.0	 292.5450744628906	 458.9221496582031	 64090.44140625
39897888.0	 291.54449462890625	 467.2737121582031	 72785.75
39897980.0	 292.9498596191406	 468.7546081542969	 65428.5390625
39898156.0	 293.55224609375	 468.3904724121094	 73603.46875
39898248.0	 292.6936340332031	 475.201416015625	 76044.0
39898336.0	 292.5162048339844	 504.2085876464844	 81189.109375
39898424.0	 292.80810546875	 487.71868896484375	 78539.3125
39898512.0	 293.52789306640625	 488.4550476074219	 81686.8984375
39898604.0	 293.5859680175781	 491.78173828125	 82400.671875
39898692.0	 294.2010192871094	 487.0057678222656	 79352.1484375
39898776.0	 293.0147399902344	 496.7044677734375	 85521.6015625
39898868.0	 293.8763732910156	 493.1143798828125	 80985.7109375
39898956.0	 294.3949279785156	 485.1144714355469	 83015.296875
39899044.0	 293.4709777832031	 494.2499694824219	 82508.984375
39899136.0	 294.9493103027344	 482.0105895996094	 78996.234375
39899220.0	 294.01123046875	 488.37933349609375	 81388.6484375
39899312.0	 292.4435119628906	 498.75738525390625	 85552.984375
39899400.0	 289.5467224121094	 475.69122314453125	 79154.125
39899488.0	 288.4559631347656	 495.6436462402344	 81557.625
39899580.0	 288.755126953125	 492.2919616699219	 82915.8203125
39899668.0	 290.0240173339844	 488.8526916503906	 84087.8125
39899756.0	 289.5256652832031	 489.78271484375	 79750.421875
39899844.0	 289.9303283691406	 488.6274108886719	 82416.2578125
39899936.0	 292.4172058105469	 486.34222412109375	 86919.9453125
39900024.0	 292.405517578125	 458.1545715332031	 84095.2734375
39900112.0	 292.9450988769531	 462.08013916015625	 82073.609375
39900204.0	 294.0212707519531	 454.7890625	 81496.6796875
39900288.0	 293.2407531738281	 460.2840270996094	 81683.421875
39900380.0	 293.40313720703125	 464.44744873046875	 83006.671875
39900472.0	 292.50531005859375	 468.76361083984375	 89984.6171875
39900560.0	 292.4664001464844	 466.8096008300781	 85893.390625
39900648.0	 292.9039306640625	 459.6501159667969	 81937.578125
39900740.0	 293.4818115234375	 460.7278747558594	 77371.0859375
39900828.0	 292.8605041503906	 462.5257263183594	 82239.9765625
39900916.0	 292.5765380859375	 462.6259765625	 82500.6875
39901092.0	 293.6131896972656	 448.8906555175781	 78779.125
39901180.0	 294.1825256347656	 457.9820556640625	 80374.0625
39901268.0	 292.67694091796875	 465.1272277832031	 86994.5
39901356.0	 292.2132568359375	 460.57452392578125	 84948.71875
39901448.0	 293.44476318359375	 459.504638671875	 81408.203125
39901536.0	 293.7147521972656	 459.9330139160156	 78569.4296875
39901624.0	 292.6531066894531	 465.8809814453125	 88321.7421875
39901716.0	 293.5458068847656	 458.0130310058594	 81107.359375
39901800.0	 293.15478515625	 458.13629150390625	 80927.234375
39901892.0	 292.22698974609375	 453.0815124511719	 83182.5234375
39901980.0	 292.6940002441406	 458.1650695800781	 82407.234375
39902068.0	 292.3083190917969	 450.3404846191406	 78285.7265625
39902160.0	 292.195068359375	 459.2497863769531	 80538.359375
39902248.0	 292.8752136230469	 451.1996765136719	 79077.8515625
39902336.0	 293.80255126953125	 464.5254211425781	 81411.703125
39902424.0	 293.4815368652344	 469.5354309082031	 84092.765625
39902516.0	 294.7029724121094	 465.44805908203125	 82447.9453125
39902604.0	 294.81939697265625	 462.6076354980469	 82079.3515625
39902692.0	 294.7381896972656	 467.54034423828125	 79139.4609375
39902784.0	 295.1228332519531	 464.374267578125	 82760.40625
39902872.0	 294.9258728027344	 472.5858459472656	 87469.3125
39902960.0	 294.8978271484375	 469.516357421875	 85124.375
39903048.0	 294.29022216796875	 472.3063659667969	 88795.6015625
39903140.0	 294.9508361816406	 477.7159423828125	 80808.65625
39903228.0	 294.9443359375	 481.9493408203125	 83228.7890625
39903316.0	 296.1524658203125	 476.6793518066406	 80763.765625
39903400.0	 297.0645446777344	 463.11041259765625	 76860.3515625
39903492.0	 295.45635986328125	 479.45361328125	 83715.9453125
39903580.0	 296.47564697265625	 470.5508117675781	 74641.015625
39903668.0	 295.8296813964844	 471.5898742675781	 78728.125
39903756.0	 296.40789794921875	 471.02685546875	 77474.796875
39903848.0	 296.45379638671875	 477.77947998046875	 77809.375
39904024.0	 298.37451171875	 463.8642272949219	 69862.4140625
39904116.0	 297.9060974121094	 469.23980712890625	 72499.2734375
39904204.0	 296.79754638671875	 475.23272705078125	 79576.15625
39904292.0	 298.07440185546875	 476.1297607421875	 74815.640625
39904380.0	 297.8169250488281	 467.9162292480469	 74220.265625
39904472.0	 296.9541015625	 477.6376037597656	 76180.1953125
39904560.0	 299.01708984375	 482.0203552246094	 80356.171875
39904648.0	 299.70416259765625	 473.8275146484375	 77324.796875
39904736.0	 299.8125915527344	 473.4130859375	 74877.609375
39904828.0	 299.5889587402344	 475.2433776855469	 76743.0546875
39904916.0	 299.5030212402344	 479.4638671875	 79453.9765625
39905004.0	 299.33465576171875	 478.6075134277344	 77655.5390625
39905096.0	 299.85662841796875	 479.57342529296875	 78611.71875
39905184.0	 299.0963134765625	 478.60040283203125	 75846.140625
39905272.0	 298.9660949707031	 476.6846618652344	 78598.375
39905360.0	 298.8249206542969	 476.6005859375	 82098.0
39905452.0	 298.9707946777344	 481.1323547363281	 77694.9765625
39905536.0	 299.0555419921875	 476.8926086425781	 79262.9921875
39905624.0	 299.0197448730469	 478.108154296875	 79687.0234375
39905712.0	 299.4645080566406	 479.1110534667969	 78622.734375
39905804.0	 299.3936462402344	 473.8282470703125	 76008.671875
39905892.0	 298.88616943359375	 475.11614990234375	 77518.65625
39905984.0	 299.450439453125	 471.88623046875	 73981.75
39906068.0	 298.5101623535156	 484.7491149902344	 79512.4765625
39906160.0	 298.1344909667969	 477.63885498046875	 81235.546875
39906248.0	 299.0061340332031	 476.5815124511719	 76953.59375
39906336.0	 299.1472473144531	 477.9563293457031	 74739.3671875
39906428.0	 298.7445983886719	 478.8675537109375	 77390.0
39906516.0	 298.45086669921875	 481.74237060546875	 83492.71875
39906604.0	 298.9513854980469	 474.99652099609375	 77268.328125
39906692.0	 299.1209716796875	 475.8598327636719	 75700.0859375
39906784.0	 298.9923095703125	 475.35858154296875	 77235.7265625
39906960.0	 299.0535888671875	 460.4972839355469	 64499.8671875
39907052.0	 296.6339111328125	 467.2855529785156	 74110.6484375
39907140.0	 296.3973083496094	 466.75604248046875	 72334.78125
39907232.0	 296.3074951171875	 463.0068664550781	 70985.984375
39907320.0	 295.6795959472656	 469.5256652832031	 76006.359375
39907408.0	 296.5605163574219	 472.84588623046875	 74261.4609375
39907496.0	 295.4246520996094	 468.7813415527344	 75426.953125
39907588.0	 296.0267028808594	 471.5814514160156	 71154.0703125
39907672.0	 296.5895080566406	 470.36883544921875	 70924.6796875
39907760.0	 296.78875732421875	 466.13726806640625	 69709.3671875
39907848.0	 296.9554443359375	 463.6189880371094	 67567.2109375
39907940.0	 297.06390380859375	 463.5751953125	 67722.859375
39908028.0	 296.2023010253906	 465.6366271972656	 71640.859375
39908116.0	 295.1545715332031	 474.5406188964844	 76145.3203125
39908204.0	 296.8885498046875	 459.555419921875	 65597.578125
39908296.0	 296.76788330078125	 462.28485107421875	 68355.78125
39908384.0	 296.38677978515625	 461.0888977050781	 67414.3671875
39908472.0	 296.3971252441406	 466.1170349121094	 68914.109375
39908564.0	 297.18621826171875	 454.7207336425781	 64029.375
39908652.0	 296.06927490234375	 465.9478454589844	 69083.0
39908740.0	 296.3630676269531	 467.53253173828125	 72160.34375
39908828.0	 297.0292663574219	 459.4004821777344	 69961.6015625
39908920.0	 296.82904052734375	 458.5566101074219	 68895.8359375
39909008.0	 296.5605163574219	 468.97381591796875	 72977.3828125
39909096.0	 297.64520263671875	 461.346435546875	 68856.0546875
39909184.0	 297.9667663574219	 461.4207458496094	 66204.7890625
39909276.0	 296.9231872558594	 469.49420166015625	 71091.1640625
39909364.0	 296.3113098144531	 474.62384033203125	 74049.0546875
39909452.0	 297.0268859863281	 471.2459716796875	 68528.2421875
39909544.0	 296.4828186035156	 472.07623291015625	 72852.9609375
39909628.0	 296.1656799316406	 475.0040588378906	 73752.640625
39909716.0	 296.25927734375	 474.9196472167969	 73664.171875
39909896.0	 297.3942565917969	 460.7940979003906	 66980.7734375
39909984.0	 296.265380859375	 472.40887451171875	 75483.578125
39910072.0	 297.0400695800781	 471.2151184082031	 70972.234375
39910164.0	 296.0047607421875	 480.089599609375	 79665.4296875
39910252.0	 297.069580078125	 469.9537353515625	 72156.7265625
39910340.0	 297.5110778808594	 474.1625671386719	 74097.0546875
39910428.0	 297.70086669921875	 468.7468566894531	 69660.5546875
39910520.0	 296.69415283203125	 468.87066650390625	 72094.5859375
39910608.0	 297.2997131347656	 468.59234619140625	 71032.609375
39910696.0	 297.0579528808594	 471.0248718261719	 69355.28125
39910784.0	 296.4903869628906	 474.8175048828125	 72140.796875
39910876.0	 297.159912109375	 466.93096923828125	 68155.203125
39910964.0	 296.4377136230469	 472.4560852050781	 74311.3046875
39911052.0	 295.9122619628906	 472.3431701660156	 71872.1484375
39911140.0	 295.3221130371094	 479.9576721191406	 74889.6328125
39911232.0	 295.87060546875	 476.6143798828125	 70497.9765625
39911320.0	 296.36444091796875	 474.6413879394531	 68687.2109375
39911408.0	 295.8670349121094	 471.68438720703125	 69748.796875
39911500.0	 295.6843566894531	 476.8323059082031	 70829.7265625
39911584.0	 296.81494140625	 474.6869812011719	 68484.4609375
39911672.0	 295.369384765625	 477.56292724609375	 71382.0546875
39911760.0	 296.25054931640625	 472.962646484375	 68370.71875
39911852.0	 296.7877502441406	 473.2072448730469	 69649.34375
39911940.0	 297.3862609863281	 473.0871276855469	 73561.359375
39912028.0	 296.4489440917969	 474.49542236328125	 75508.0859375
39912120.0	 297.67999267578125	 477.64373779296875	 75457.390625
39912208.0	 297.576171875	 477.1156005859375	 78854.46875
39912296.0	 298.54730224609375	 474.3615417480469	 76500.1953125
39912384.0	 297.9139709472656	 480.12799072265625	 84130.359375
39912476.0	 298.6935729980469	 474.5819396972656	 82755.8046875
39912564.0	 297.59649658203125	 485.44775390625	 86087.046875
39912652.0	 298.1275329589844	 478.3559265136719	 80881.40625
39912832.0	 299.68743896484375	 464.7494812011719	 73905.734375
39912920.0	 297.8869934082031	 479.5318908691406	 83746.6796875
39913008.0	 297.7040100097656	 478.2183532714844	 83798.4921875
39913096.0	 297.7416687011719	 466.41131591796875	 83320.0
39913188.0	 299.10302734375	 470.9958190917969	 80018.9921875
39913276.0	 299.42437744140625	 470.234619140625	 82772.234375
39913364.0	 299.30596923828125	 468.9975891113281	 82274.4375
39913456.0	 299.62701416015625	 472.406982421875	 81547.2734375
39913540.0	 298.58941650390625	 471.84796142578125	 82711.171875
39913628.0	 299.4189147949219	 475.8277893066406	 83774.5234375
39913716.0	 299.8269958496094	 469.7693176269531	 82134.40625
39913808.0	 299.6083984375	 467.5230712890625	 83023.0625
39913896.0	 298.581787109375	 461.6714782714844	 81176.3515625
39913988.0	 298.59521484375	 470.7440490722656	 83979.265625
39914072.0	 298.25885009765625	 470.0148620605469	 83104.609375
39914164.0	 298.79241943359375	 465.07965087890625	 80755.5625
39914252.0	 297.3392333984375	 458.673828125	 78361.2109375
39914340.0	 298.2549743652344	 505.8487548828125	 83821.3515625
39914432.0	 301.5419616699219	 462.9914855957031	 70700.5
39914520.0	 301.0228576660156	 468.2559814453125	 73589.5625
39914608.0	 301.1649475097656	 467.1003112792969	 73651.6328125
39914696.0	 300.845947265625	 465.33331298828125	 71378.40625
39914788.0	 301.2597351074219	 476.4769592285156	 75788.390625
39914876.0	 300.8307189941406	 469.3008117675781	 74536.328125
39914964.0	 301.467041015625	 475.5596618652344	 76427.828125
39915056.0	 301.13958740234375	 466.7757873535156	 72316.1328125
39915144.0	 301.1814270019531	 463.31536865234375	 71073.6171875
39915232.0	 300.9501647949219	 467.857177734375	 71739.21875
39915316.0	 300.3366394042969	 475.9554748535156	 75937.109375
39915408.0	 300.9491271972656	 465.5327453613281	 71006.6015625
39915496.0	 300.9172058105469	 471.6557312011719	 70140.3984375
39915584.0	 300.41253662109375	 470.0747375488281	 71205.0390625
39915764.0	 303.9311828613281	 453.7529296875	 65284.8828125
39915856.0	 302.8533935546875	 466.3375549316406	 70473.0
39915940.0	 301.7332458496094	 468.80572509765625	 74330.7265625
39916032.0	 303.1048583984375	 458.2984619140625	 71864.5546875
39916120.0	 303.1175231933594	 459.96563720703125	 72545.8515625
39916208.0	 301.879150390625	 468.2731018066406	 75468.0234375
39916300.0	 303.09124755859375	 459.92535400390625	 67940.7890625
39916388.0	 302.4386291503906	 466.7066650390625	 75050.4375
39916476.0	 302.0950012207031	 468.3552551269531	 75488.5859375
39916564.0	 302.25567626953125	 460.9529724121094	 74880.9765625
39916656.0	 301.67779541015625	 467.4363098144531	 73458.4921875
39916744.0	 301.57354736328125	 463.7936096191406	 70172.71875
39916832.0	 301.2618408203125	 464.381591796875	 67552.765625
39916920.0	 300.8222351074219	 462.96673583984375	 70281.0234375
39917012.0	 301.17657470703125	 473.0149841308594	 73525.84375
39917100.0	 303.78179931640625	 468.60626220703125	 74706.640625
39917184.0	 304.0701904296875	 463.4228210449219	 74414.4765625
39917272.0	 304.1147766113281	 458.8925476074219	 70528.5078125
39917364.0	 303.72314453125	 453.7859802246094	 69984.6328125
39917452.0	 303.89019775390625	 462.660888671875	 70731.25
39917540.0	 305.39788818359375	 454.7743835449219	 69611.140625
39917632.0	 304.2462463378906	 459.466796875	 73676.828125
39917720.0	 304.6440734863281	 461.3340148925781	 70731.125
39917808.0	 305.236328125	 455.587890625	 71810.1953125
39917896.0	 305.43182373046875	 456.226806640625	 69011.765625
39917988.0	 305.00555419921875	 456.9068298339844	 71064.9375
39918080.0	 303.3012390136719	 464.681396484375	 74283.9375
39918168.0	 304.0252990722656	 452.8193664550781	 66259.2890625
39918256.0	 303.60101318359375	 458.4758605957031	 69237.4453125
39918344.0	 303.0426940917969	 464.05413818359375	 74620.828125
39918432.0	 302.1440124511719	 460.9986572265625	 70856.1015625
39918524.0	 302.5290222167969	 459.6944580078125	 71925.7578125
39918700.0	 303.4985046386719	 451.958251953125	 67352.6328125
39918788.0	 303.3612060546875	 458.33209228515625	 70933.109375
39918876.0	 303.2950439453125	 462.84600830078125	 74961.265625
39918964.0	 303.1681213378906	 459.7759704589844	 70520.3671875
39919052.0	 303.0474853515625	 458.1538391113281	 70484.6953125
39919140.0	 303.0221862792969	 456.8516540527344	 70585.75
39919232.0	 302.46429443359375	 469.16607666015625	 73094.34375
39919320.0	 302.17913818359375	 468.37213134765625	 75210.03125
39919412.0	 302.08984375	 463.82684326171875	 75179.2578125
39919496.0	 301.93109130859375	 465.38262939453125	 75330.828125
39919588.0	 302.4562683105469	 465.33251953125	 75426.7890625
39919676.0	 303.32293701171875	 462.7992858886719	 73634.7734375
39919764.0	 303.5853271484375	 465.0660705566406	 75391.6015625
39919856.0	 303.73779296875	 460.13543701171875	 73472.9453125
39919944.0	 303.7281494140625	 458.01080322265625	 71984.296875
39920032.0	 303.17022705078125	 463.0177307128906	 74425.8125
39920120.0	 302.4440002441406	 458.5823669433594	 69826.09375
39920212.0	 301.69024658203125	 464.1168518066406	 76065.296875
39920300.0	 301.5341491699219	 463.1981506347656	 72053.7109375
39920392.0	 300.876220703125	 459.7559814453125	 69826.125
39920480.0	 301.45556640625	 460.3551940917969	 69323.2421875
39920572.0	 301.46881103515625	 469.70758056640625	 74077.890625
39920656.0	 302.9994812011719	 465.2029724121094	 72065.3125
39920744.0	 301.9667663574219	 463.6373596191406	 71465.0546875
39920832.0	 302.0611572265625	 464.93743896484375	 72701.359375
39920920.0	 301.8375549316406	 464.0047912597656	 73242.609375
39921012.0	 301.7883605957031	 464.5094909667969	 72039.703125
39921100.0	 302.4230041503906	 464.30401611328125	 75098.0625
39921188.0	 302.5320129394531	 465.5088806152344	 74017.625
39921276.0	 301.3947448730469	 458.2040710449219	 69485.53125
39921364.0	 301.6878967285156	 459.5989685058594	 69755.4609375
39921456.0	 301.61151123046875	 466.6354064941406	 75392.7265625
39921632.0	 301.85052490234375	 451.140380859375	 68276.3125
39921724.0	 302.1136474609375	 462.4061584472656	 71845.0
39921812.0	 301.2814025878906	 462.442138671875	 71637.5859375
39921900.0	 301.5586242675781	 463.42840576171875	 71439.1640625
39921988.0	 301.1147155761719	 463.47564697265625	 72392.9140625
39922080.0	 301.5943908691406	 458.06207275390625	 70431.234375
39922168.0	 301.5292053222656	 459.6112976074219	 71114.96875
39922252.0	 301.824951171875	 453.5784606933594	 68966.6328125
39922344.0	 301.4749450683594	 452.1650085449219	 67937.671875
39922432.0	 300.6998291015625	 454.0167236328125	 68480.875
39922520.0	 300.75201416015625	 455.6631164550781	 68516.8046875
39922612.0	 300.8672180175781	 459.2010803222656	 73247.125
39922700.0	 302.0593566894531	 465.74798583984375	 73614.5390625
39922788.0	 302.150146484375	 463.0042419433594	 76907.296875
39922880.0	 302.6385498046875	 468.3487854003906	 76269.8515625
39922968.0	 303.13189697265625	 467.67626953125	 76165.8515625
39923056.0	 302.70733642578125	 467.4649963378906	 77066.5703125
39923144.0	 302.7053527832031	 471.29290771484375	 79374.96875
39923236.0	 303.06085205078125	 466.8621826171875	 78250.8359375
39923324.0	 303.305908203125	 460.4217834472656	 75681.296875
39923412.0	 302.4034423828125	 466.01593017578125	 78059.7578125
39923500.0	 303.54461669921875	 463.9518737792969	 73472.8203125
39923592.0	 303.15179443359375	 467.6512756347656	 76183.109375
39923680.0	 302.99871826171875	 461.0133972167969	 74400.53125
39923768.0	 302.43212890625	 464.5888671875	 73971.9453125
39923860.0	 302.08447265625	 462.52154541015625	 73414.515625
39923944.0	 302.65972900390625	 463.4449768066406	 73001.8828125
39924032.0	 302.6282958984375	 467.1858825683594	 78911.890625
39924120.0	 303.64605712890625	 465.74029541015625	 75122.484375
39924212.0	 303.5600891113281	 466.0173034667969	 76804.5078125
39924300.0	 303.8939208984375	 465.6987609863281	 75351.515625
39924388.0	 303.5004577636719	 471.4993591308594	 80133.5546875
39924568.0	 305.25091552734375	 456.9703369140625	 73365.21875
39924656.0	 305.2147521972656	 459.63232421875	 73856.203125
39924744.0	 304.9422607421875	 461.8841857910156	 76474.28125
39924836.0	 305.19635009765625	 464.861328125	 78022.203125
39924924.0	 305.1383972167969	 460.2366027832031	 75151.0390625
39925012.0	 304.0815124511719	 460.00439453125	 77564.78125
39925104.0	 304.22943115234375	 454.80377197265625	 72656.0703125
39925192.0	 303.4954528808594	 458.5684814453125	 73194.8984375
39925280.0	 302.9931335449219	 466.6446228027344	 77855.5703125
39925368.0	 303.7708435058594	 462.3749084472656	 77307.0546875
39925460.0	 303.849853515625	 462.5473327636719	 76720.0546875
39925544.0	 304.0223693847656	 464.0185241699219	 76331.609375
39925632.0	 303.87274169921875	 468.33416748046875	 79542.6328125
39925724.0	 304.5766296386719	 466.67803955078125	 77984.1484375
39925812.0	 304.410400390625	 464.79974365234375	 77997.078125
39925900.0	 303.40167236328125	 472.8712158203125	 81279.46875
39925988.0	 304.47454833984375	 467.1239013671875	 77013.21875
39926080.0	 304.5035400390625	 462.8678283691406	 77787.671875
39926168.0	 304.08636474609375	 470.589111328125	 78908.5546875
39926256.0	 305.0399169921875	 459.3879699707031	 73408.1328125
39926344.0	 304.58123779296875	 467.06475830078125	 75997.1171875
39926436.0	 304.468994140625	 469.4232177734375	 78909.03125
39926524.0	 304.1445617675781	 467.6608581542969	 77623.6640625
39926612.0	 304.67742919921875	 460.9588928222656	 73740.9140625
39926704.0	 305.0350036621094	 463.06201171875	 73488.25
39926792.0	 304.6269836425781	 463.58953857421875	 76002.6640625
39926880.0	 303.8076477050781	 468.31719970703125	 79346.6171875
39926972.0	 304.0116882324219	 460.90557861328125	 74094.390625
39927056.0	 305.2188415527344	 460.0011291503906	 71640.0546875
39927144.0	 304.7067565917969	 467.38226318359375	 75395.75
39927232.0	 304.72216796875	 464.9505615234375	 74662.890625
39927324.0	 304.6620788574219	 465.0848693847656	 73673.90625
39927500.0	 305.2501525878906	 452.32623291015625	 70040.5
39927592.0	 304.8865051269531	 461.6846923828125	 72167.265625
39927680.0	 304.9062805175781	 456.43316650390625	 70203.765625
39927768.0	 304.9174499511719	 456.4001159667969	 70603.75
39927860.0	 303.7994689941406	 463.89398193359375	 76103.78125
39927948.0	 305.2580871582031	 461.9568786621094	 72834.828125
39928036.0	 305.0762634277344	 467.0764465332031	 73824.4375
39928124.0	 304.8072204589844	 473.5224609375	 74273.8125
39928216.0	 304.9380798339844	 464.91046142578125	 73895.875
39928304.0	 305.3005676269531	 462.863037109375	 73611.0859375
39928392.0	 304.7735595703125	 467.45123291015625	 76940.25
39928480.0	 304.9833984375	 465.7662658691406	 73955.671875
39928568.0	 305.7548828125	 460.8924560546875	 71145.6015625
39928656.0	 304.9567565917969	 462.6471862792969	 74187.0546875
39928744.0	 305.9158630371094	 460.50323486328125	 69453.171875
39928832.0	 305.33203125	 465.931396484375	 74299.859375
39928924.0	 305.72918701171875	 460.00616455078125	 71667.4921875
39929012.0	 305.5409851074219	 458.4331970214844	 69630.125
39929104.0	 305.931640625	 459.7362976074219	 70750.4140625
39929192.0	 305.9500427246094	 458.8121337890625	 69652.609375
39929280.0	 305.7161560058594	 459.75531005859375	 68807.671875
39929368.0	 305.54705810546875	 463.0309753417969	 70157.421875
39929460.0	 305.7162170410156	 459.3198547363281	 68201.6171875
39929548.0	 305.77685546875	 459.4536437988281	 70327.625
39929636.0	 305.0567626953125	 465.6125793457031	 71574.0234375
39929724.0	 305.47015380859375	 458.58868408203125	 70040.4140625
39929816.0	 305.08050537109375	 459.4763488769531	 68742.2734375
39929904.0	 305.5628662109375	 459.0287170410156	 69320.6015625
39929992.0	 305.4630432128906	 462.1129455566406	 69356.1640625
39930080.0	 305.8888854980469	 461.5228271484375	 69553.890625
39930168.0	 305.2387390136719	 462.7416687011719	 69223.3515625
39930256.0	 305.1639404296875	 460.52349853515625	 70751.515625
39930432.0	 306.3111877441406	 451.8771057128906	 65714.7578125
39930524.0	 305.575439453125	 465.732666015625	 71056.8046875
39930612.0	 305.57257080078125	 458.1205139160156	 70697.3203125
39930704.0	 305.10498046875	 460.6850891113281	 71762.4375
39930788.0	 305.24835205078125	 457.0104675292969	 70016.2890625
39930880.0	 305.48388671875	 455.9217224121094	 69557.421875
39930968.0	 305.21917724609375	 463.7890319824219	 73403.8203125
39931056.0	 303.5397644042969	 471.8191833496094	 86737.2421875
39931148.0	 305.7186279296875	 455.6927490234375	 69805.203125
39931236.0	 305.4524841308594	 459.30548095703125	 72432.5078125
39931328.0	 305.7628479003906	 455.4126281738281	 69132.8671875
39931416.0	 306.01226806640625	 457.0643310546875	 68458.21875
39931504.0	 305.7357482910156	 460.4205627441406	 68300.8984375
39931596.0	 305.2506408691406	 457.11572265625	 68476.1171875
39931680.0	 305.03851318359375	 463.4422607421875	 72213.9921875
39931768.0	 305.5056457519531	 461.7728271484375	 71848.46875
39931856.0	 305.9730529785156	 456.8731689453125	 68660.234375
39931944.0	 305.0392761230469	 459.9993591308594	 71643.875
39932036.0	 305.3046569824219	 455.5990905761719	 71969.109375
39932124.0	 305.3021240234375	 460.39862060546875	 70558.09375
39932212.0	 306.0586853027344	 455.10736083984375	 68872.7578125
39932304.0	 305.2410583496094	 458.6784362792969	 71071.953125
39932392.0	 305.5003356933594	 461.3355407714844	 70265.078125
39932480.0	 305.46173095703125	 457.0054016113281	 69081.859375
39932568.0	 305.71490478515625	 455.24810791015625	 69099.890625
39932660.0	 305.75323486328125	 458.3016052246094	 70407.265625
39932748.0	 305.4566955566406	 459.31280517578125	 72202.1171875
39932836.0	 305.2713623046875	 455.91943359375	 68773.140625
39932928.0	 305.01116943359375	 462.2488098144531	 73004.1484375
39933016.0	 305.3631896972656	 457.9262390136719	 70178.1640625
39933100.0	 304.6185607910156	 464.0619812011719	 76352.6875
