START:	 56.600000000000534
END:	 56.700000000000536

r [km]	 vr [km/s]	 np [cm-3]	 T [K]
39376624.0	 297.59014892578125	 515.684814453125	 59380.875
39376716.0	 297.6255187988281	 514.7898559570312	 59420.44140625
39376804.0	 298.5973205566406	 505.8683776855469	 57824.42578125
39376896.0	 298.3311462402344	 514.84033203125	 58924.53515625
39377072.0	 298.5511779785156	 509.6622619628906	 56966.3125
39377164.0	 298.6886291503906	 510.98583984375	 58824.3515625
39377252.0	 298.618896484375	 508.5707092285156	 59383.52734375
39377336.0	 297.9437561035156	 508.99969482421875	 57924.92578125
39377432.0	 297.870361328125	 515.0278930664062	 58770.71875
39377520.0	 297.9049987792969	 511.9997253417969	 59431.203125
39377608.0	 298.0895690917969	 506.6081848144531	 60884.44140625
39377700.0	 297.80999755859375	 513.6156616210938	 60291.1171875
39377788.0	 297.7420654296875	 515.7333984375	 61333.3125
39377876.0	 297.6195373535156	 511.8691101074219	 60255.875
39377968.0	 297.83575439453125	 505.9558410644531	 57484.4453125
39378056.0	 296.73492431640625	 518.2821655273438	 60307.55078125
39378144.0	 296.9809875488281	 511.1316223144531	 60410.2265625
39378236.0	 296.73016357421875	 518.397216796875	 60644.31640625
39378324.0	 296.65789794921875	 515.8245849609375	 61098.65625
39378416.0	 297.41363525390625	 513.5145874023438	 60189.5625
39378504.0	 297.3382263183594	 511.1579284667969	 58748.48828125
39378592.0	 296.8796081542969	 518.9602661132812	 59840.875
39378680.0	 297.4169616699219	 510.5834045410156	 58200.91015625
39378776.0	 297.3482360839844	 509.4540100097656	 59455.90234375
39378860.0	 296.9455261230469	 510.746337890625	 60159.4296875
39378948.0	 296.97113037109375	 516.7522583007812	 61138.8671875
39379040.0	 297.906005859375	 506.6530456542969	 57243.87890625
39379132.0	 296.7787780761719	 514.409912109375	 59554.203125
39379216.0	 296.6549987792969	 516.267822265625	 60247.71484375
39379312.0	 297.036376953125	 509.30926513671875	 58824.33203125
39379400.0	 296.973388671875	 516.7383422851562	 58915.546875
39379492.0	 297.0649719238281	 509.6393127441406	 58714.4609375
39379576.0	 296.87091064453125	 517.1327514648438	 59491.3984375
39379668.0	 296.765380859375	 518.61865234375	 60051.30859375
39379756.0	 297.376220703125	 514.6624755859375	 57914.16796875
39379848.0	 296.79486083984375	 514.8221435546875	 58314.91015625
39380028.0	 296.2235107421875	 513.2340698242188	 58327.3203125
39380116.0	 296.47930908203125	 516.450439453125	 59139.2421875
39380204.0	 296.1765441894531	 516.9866333007812	 60104.078125
39380296.0	 296.83013916015625	 513.3634643554688	 59286.5078125
39380384.0	 296.6241149902344	 519.792724609375	 61982.31640625
39380472.0	 296.0769958496094	 520.3292846679688	 62162.57421875
39380564.0	 296.669921875	 512.515869140625	 58550.00390625
39380652.0	 295.93450927734375	 519.29296875	 62352.25
39380740.0	 296.39923095703125	 517.0440063476562	 59913.3046875
39380832.0	 295.5730285644531	 513.5841064453125	 60067.48046875
39380920.0	 295.2535400390625	 521.4496459960938	 59613.890625
39381012.0	 295.4530944824219	 516.885009765625	 59401.609375
39381100.0	 296.1337585449219	 512.771728515625	 60461.2109375
39381188.0	 296.35150146484375	 516.3047485351562	 60231.859375
39381276.0	 296.06842041015625	 513.1261596679688	 60911.37890625
39381368.0	 295.9234924316406	 508.7029724121094	 60517.4453125
39381456.0	 296.06573486328125	 511.1192932128906	 60873.08984375
39381544.0	 296.4156799316406	 516.542236328125	 58541.20703125
39381640.0	 296.4951477050781	 513.7211303710938	 58335.390625
39381724.0	 295.9241943359375	 521.2212524414062	 59173.6171875
39381816.0	 296.36395263671875	 517.197509765625	 60014.875
39381908.0	 296.6787109375	 511.2635803222656	 58307.2421875
39381996.0	 295.96185302734375	 512.9697265625	 58215.2109375
39382084.0	 296.69891357421875	 511.0408020019531	 57430.48828125
39382176.0	 296.63287353515625	 515.6725463867188	 59934.296875
39382264.0	 297.403076171875	 509.7971496582031	 57892.92578125
39382352.0	 296.9399719238281	 511.2828063964844	 57570.80859375
39382440.0	 296.4128112792969	 514.6396484375	 59531.234375
39382532.0	 296.74029541015625	 511.2452392578125	 59247.77734375
39382620.0	 297.62939453125	 512.4024047851562	 59460.74609375
39382708.0	 297.290283203125	 509.1645202636719	 59034.4375
39382796.0	 297.3663635253906	 514.1822509765625	 59414.4375
39382976.0	 297.93609619140625	 500.0539245605469	 55246.29296875
39383068.0	 296.8629150390625	 518.7723388671875	 62497.92578125
39383156.0	 299.01177978515625	 500.6939697265625	 57675.7109375
39383244.0	 298.9319152832031	 501.3246154785156	 57928.8203125
39383336.0	 299.4114685058594	 503.6387023925781	 57061.796875
39383424.0	 299.149169921875	 500.911376953125	 57270.5390625
39383512.0	 299.45928955078125	 495.5544128417969	 56007.48828125
39383604.0	 299.5672912597656	 500.6280212402344	 55631.7421875
39383696.0	 299.77691650390625	 494.4347839355469	 56168.4921875
39383780.0	 299.3710021972656	 496.2109375	 56137.34765625
39383876.0	 299.13470458984375	 504.8420715332031	 56592.69140625
39383960.0	 299.22174072265625	 498.24188232421875	 55583.546875
39384052.0	 299.07403564453125	 498.176025390625	 56177.05078125
39384144.0	 299.41009521484375	 500.30712890625	 55786.88671875
39384232.0	 298.06591796875	 504.8302917480469	 58469.61328125
39384316.0	 296.9224548339844	 519.5098266601562	 59135.640625
39384408.0	 297.1636657714844	 510.2713928222656	 58257.5625
39384500.0	 297.3475036621094	 519.6262817382812	 60120.29296875
39384588.0	 297.1610107421875	 517.0765380859375	 60638.921875
39384680.0	 297.2235412597656	 518.4926147460938	 60855.64453125
39384764.0	 297.1954650878906	 513.3573608398438	 59017.44140625
39384856.0	 296.8942565917969	 518.899658203125	 61745.28125
39384948.0	 297.4713439941406	 523.61279296875	 60948.32421875
39385036.0	 297.24725341796875	 518.068603515625	 59724.69921875
39385124.0	 296.892578125	 523.7136840820312	 61511.61328125
39385216.0	 297.11590576171875	 518.2730712890625	 59230.77734375
39385304.0	 297.3574523925781	 518.8934326171875	 59102.3125
39385392.0	 296.9295959472656	 518.4937744140625	 59933.8671875
39385484.0	 296.49420166015625	 521.7919921875	 61976.0625
39385572.0	 296.8424072265625	 518.4371948242188	 60376.40234375
39385660.0	 297.345703125	 514.9282836914062	 60168.5234375
39385756.0	 297.481689453125	 513.9856567382812	 60884.95703125
39385928.0	 297.4820251464844	 514.744873046875	 58850.84375
39386020.0	 298.15460205078125	 508.2735900878906	 58008.328125
39386112.0	 297.8519287109375	 506.0067443847656	 57986.6484375
39386200.0	 297.1174621582031	 519.5567016601562	 60709.96484375
39386288.0	 296.6319274902344	 520.4122314453125	 61105.984375
39386376.0	 297.3915100097656	 514.8262939453125	 59947.35546875
39386468.0	 297.15826416015625	 513.81982421875	 58743.79296875
39386560.0	 297.209716796875	 519.5715942382812	 60092.265625
39386644.0	 297.3938293457031	 519.1212158203125	 59945.5625
39386736.0	 297.5186767578125	 520.5836181640625	 61105.96875
39386824.0	 297.298095703125	 518.1100463867188	 59967.93359375
39386916.0	 297.45330810546875	 518.744873046875	 61831.89453125
39387000.0	 297.337158203125	 520.3007202148438	 60176.83984375
39387096.0	 297.783203125	 519.1930541992188	 59163.19921875
39387184.0	 297.5302734375	 519.9741821289062	 60151.4921875
39387272.0	 298.1929626464844	 505.4403076171875	 56659.8125
39387364.0	 297.6998291015625	 515.8758544921875	 60507.2109375
39387452.0	 297.99322509765625	 516.5038452148438	 61287.453125
39387540.0	 298.05352783203125	 510.2900085449219	 59026.2109375
39387632.0	 297.913330078125	 512.80419921875	 61585.0546875
39387720.0	 298.5191650390625	 514.6362915039062	 60857.5234375
39387808.0	 298.0596923828125	 516.05322265625	 62494.91796875
39387900.0	 297.8730773925781	 516.8355712890625	 61050.87890625
39387988.0	 298.11627197265625	 510.9447326660156	 59559.5390625
39388080.0	 298.01690673828125	 516.3218994140625	 59781.4765625
39388168.0	 298.1647644042969	 513.977294921875	 60491.94921875
39388256.0	 297.5965881347656	 517.3681640625	 61854.91796875
39388348.0	 297.9425964355469	 514.8759765625	 60265.0234375
39388436.0	 297.9764709472656	 514.4413452148438	 61950.2578125
39388528.0	 297.57421875	 516.5928344726562	 62733.0703125
39388612.0	 297.6543884277344	 514.246826171875	 60652.92578125
39388708.0	 297.0334167480469	 520.1295776367188	 64165.96875
39388884.0	 297.71209716796875	 517.174560546875	 60016.69921875
39388976.0	 298.0749816894531	 513.8505859375	 61645.078125
39389064.0	 297.649658203125	 516.9559326171875	 61457.26953125
39389148.0	 297.0890808105469	 519.951171875	 60291.86328125
39389244.0	 296.51373291015625	 521.3634643554688	 59862.0078125
39389332.0	 296.7994689941406	 515.4963989257812	 59297.91796875
39389420.0	 296.5404052734375	 518.8007202148438	 60535.87109375
39389512.0	 296.4578552246094	 521.9205322265625	 59763.71875
39389600.0	 296.4390869140625	 520.5574340820312	 60491.234375
39389688.0	 297.16900634765625	 514.2870483398438	 62695.1953125
39389780.0	 296.8200378417969	 516.0214233398438	 61151.25390625
39389868.0	 296.550537109375	 512.9102172851562	 60902.23046875
39389956.0	 296.64385986328125	 516.2759399414062	 60930.66015625
39390048.0	 296.69525146484375	 516.4218139648438	 60649.37109375
39390136.0	 296.44439697265625	 514.7986450195312	 60297.69921875
39390224.0	 295.8039855957031	 520.4561157226562	 62385.2109375
39390312.0	 296.5147705078125	 514.958740234375	 59596.26171875
39390404.0	 296.305908203125	 511.06732177734375	 61350.51171875
39390496.0	 297.0566711425781	 507.0981140136719	 61447.4453125
39390584.0	 297.19921875	 507.3324890136719	 58927.5859375
39390676.0	 297.13702392578125	 506.39093017578125	 60758.328125
39390760.0	 298.41949462890625	 498.2290954589844	 58209.37890625
39390852.0	 298.9178466796875	 500.6242980957031	 58259.81640625
39390944.0	 298.0137634277344	 503.6194152832031	 59715.078125
39391032.0	 298.7096252441406	 498.2690124511719	 59367.44921875
39391116.0	 298.4350280761719	 502.3309020996094	 58560.43359375
39391212.0	 299.24810791015625	 494.3113708496094	 58005.9296875
39391300.0	 298.7944641113281	 493.1516418457031	 57350.64453125
39391388.0	 298.9698181152344	 495.0933532714844	 57028.2578125
39391480.0	 298.3801574707031	 497.1451416015625	 58699.83984375
39391568.0	 298.3851318359375	 494.56622314453125	 56960.72265625
39391656.0	 298.2335205078125	 502.3788146972656	 59632.7890625
39391836.0	 297.7471618652344	 500.0577697753906	 56560.140625
39391924.0	 298.1748046875	 497.3310852050781	 57674.390625
39392016.0	 298.72821044921875	 493.70281982421875	 57305.58203125
39392104.0	 298.55712890625	 491.77593994140625	 56726.7421875
39392192.0	 298.5422058105469	 494.1435852050781	 58209.23046875
39392284.0	 298.6389465332031	 494.4617004394531	 56953.86328125
39392372.0	 298.55474853515625	 495.93463134765625	 57309.04296875
39392460.0	 298.423095703125	 497.62847900390625	 58215.23046875
39392552.0	 298.787353515625	 495.0029296875	 56215.85546875
39392640.0	 298.4331970214844	 491.9900817871094	 58751.94921875
39392728.0	 299.6095886230469	 493.6029052734375	 56632.4453125
39392824.0	 299.03131103515625	 495.95428466796875	 57656.1171875
39392908.0	 299.35302734375	 495.6163635253906	 55172.90234375
39393000.0	 299.05792236328125	 502.59051513671875	 57376.859375
39393092.0	 299.7956237792969	 495.90380859375	 55685.71484375
39393180.0	 299.6795349121094	 494.20440673828125	 56228.73046875
39393264.0	 299.6029357910156	 500.4846496582031	 55969.0390625
39393360.0	 298.72857666015625	 499.09356689453125	 56803.90625
39393448.0	 299.7077331542969	 500.5014953613281	 57969.2734375
39393536.0	 300.2547302246094	 495.2357482910156	 56082.875
39393628.0	 300.0797424316406	 497.2745056152344	 57016.4765625
39393716.0	 300.4236145019531	 489.5924072265625	 55985.32421875
39393804.0	 300.5548095703125	 492.61773681640625	 55499.0625
39393892.0	 300.1426086425781	 497.4527282714844	 56461.32421875
39393984.0	 300.1734924316406	 489.4366760253906	 56130.01953125
39394072.0	 299.78076171875	 489.3493347167969	 57632.8125
39394160.0	 300.23114013671875	 492.6637878417969	 55794.1328125
39394252.0	 300.81817626953125	 486.8019104003906	 57167.453125
39394340.0	 300.7005615234375	 488.3385925292969	 58213.35546875
39394428.0	 300.4339904785156	 489.2681579589844	 56220.8046875
39394520.0	 300.0082092285156	 495.9370422363281	 58211.97265625
39394608.0	 300.02099609375	 491.14324951171875	 56766.765625
39394788.0	 298.7591247558594	 502.078369140625	 55499.79296875
39394876.0	 298.2903137207031	 510.0914001464844	 57460.6171875
39394968.0	 298.2403869628906	 500.9717102050781	 56420.7265625
39395056.0	 298.0596618652344	 500.3313903808594	 55490.84375
39395144.0	 297.459228515625	 511.50408935546875	 55083.671875
39395236.0	 297.1174011230469	 514.221923828125	 56932.03125
39395328.0	 297.2662048339844	 510.7003173828125	 56171.4296875
39395416.0	 296.82232666015625	 520.2910766601562	 57844.0703125
39395504.0	 296.68658447265625	 521.2859497070312	 59243.109375
39395596.0	 296.932373046875	 520.3399047851562	 58516.6640625
39395684.0	 296.66748046875	 518.6378173828125	 59813.8671875
39395772.0	 297.340087890625	 512.1028442382812	 56531.9375
39395864.0	 297.24945068359375	 515.0048828125	 56357.6796875
39395952.0	 296.7567443847656	 523.6670532226562	 58920.80078125
39396040.0	 296.95281982421875	 514.06640625	 56652.83984375
39396132.0	 297.4591979980469	 515.2700805664062	 57696.41796875
39396220.0	 297.22552490234375	 517.8435668945312	 57452.921875
39396308.0	 296.9819641113281	 517.4155883789062	 57670.30859375
39396404.0	 297.174072265625	 512.7877197265625	 56896.39453125
39396488.0	 297.6767272949219	 509.6160888671875	 57290.9765625
39396576.0	 297.705322265625	 515.1779174804688	 58762.09375
39396668.0	 297.50213623046875	 519.55859375	 59538.76171875
39396760.0	 297.844482421875	 509.46368408203125	 58036.11328125
39396844.0	 297.5328063964844	 511.8961486816406	 59093.62109375
39396932.0	 297.8981018066406	 510.76287841796875	 57806.82421875
39397024.0	 297.6521911621094	 513.7348022460938	 59562.703125
39397116.0	 297.1365051269531	 527.2077026367188	 59436.015625
39397200.0	 296.8937072753906	 510.92828369140625	 58570.1875
39397292.0	 296.6040344238281	 515.274658203125	 59685.484375
39397384.0	 296.2510681152344	 519.1635131835938	 59475.4296875
39397472.0	 295.90472412109375	 510.08251953125	 59110.75390625
39397564.0	 293.6952209472656	 526.1744384765625	 63822.69921875
39397740.0	 294.40106201171875	 520.5863647460938	 59973.1875
39397832.0	 294.1556396484375	 529.1377563476562	 64719.796875
39397920.0	 296.0782470703125	 526.3800659179688	 62984.04296875
39398008.0	 296.4535217285156	 521.4205322265625	 61246.015625
39398100.0	 295.9779968261719	 523.0021362304688	 63319.015625
39398188.0	 296.2750244140625	 514.9208984375	 60296.31640625
39398276.0	 295.6583557128906	 521.19091796875	 61250.84765625
39398368.0	 296.3720397949219	 512.5184326171875	 59018.23046875
39398456.0	 296.1240539550781	 506.72027587890625	 57368.65625
39398544.0	 295.3197937011719	 513.7542724609375	 58667.96484375
39398636.0	 294.8875427246094	 517.805908203125	 61428.7578125
39398724.0	 294.89801025390625	 514.7593994140625	 60913.51953125
39398812.0	 295.4263916015625	 518.0422973632812	 60146.48046875
39398904.0	 295.6686096191406	 519.6024169921875	 63003.6796875
39398996.0	 296.4880065917969	 524.3031005859375	 63518.62109375
39399080.0	 296.8199157714844	 520.0384521484375	 62634.02734375
39399168.0	 296.92327880859375	 516.5305786132812	 59745.95703125
39399260.0	 297.0446472167969	 519.3665161132812	 61686.9453125
39399352.0	 298.0481872558594	 510.8800964355469	 61433.15625
39399436.0	 297.488525390625	 516.0528564453125	 58015.578125
39399532.0	 297.1531066894531	 518.7703247070312	 59923.60546875
39399616.0	 296.5000915527344	 519.8846435546875	 60233.328125
39399708.0	 296.4435729980469	 522.1076049804688	 61247.984375
39399796.0	 296.2950134277344	 522.5753173828125	 62445.875
39399888.0	 296.3893127441406	 521.1473999023438	 62214.55078125
39399976.0	 296.53924560546875	 522.0670166015625	 62147.08984375
39400068.0	 296.9833679199219	 521.7158203125	 61440.08984375
39400156.0	 296.99267578125	 518.7151489257812	 61691.53515625
39400244.0	 296.1990051269531	 524.917724609375	 63344.859375
39400336.0	 296.399169921875	 522.3811645507812	 62817.63671875
39400424.0	 296.8587341308594	 521.9429931640625	 62685.01953125
39400512.0	 296.5005798339844	 513.3615112304688	 60934.1328125
39400692.0	 297.04095458984375	 519.9057006835938	 61097.0859375
39400780.0	 296.7445983886719	 519.5106201171875	 62246.5390625
39400872.0	 296.7622375488281	 515.1010131835938	 62605.53125
39400960.0	 296.36810302734375	 524.4766235351562	 62865.34375
39401048.0	 296.4716491699219	 520.1723022460938	 63031.09765625
39401144.0	 296.9490966796875	 519.2384033203125	 62744.30078125
39401228.0	 296.7743835449219	 523.7256469726562	 63961.5390625
39401316.0	 296.26416015625	 522.282958984375	 64028.6328125
39401408.0	 296.1763916015625	 528.9415893554688	 64776.7578125
39401500.0	 296.9019470214844	 524.2752685546875	 64727.47265625
39401588.0	 296.1803283691406	 516.3427734375	 62631.046875
39401672.0	 296.30865478515625	 523.1881103515625	 63546.921875
39401768.0	 296.3326416015625	 513.3966674804688	 61395.28125
39401856.0	 296.26409912109375	 514.40283203125	 63356.70703125
39401944.0	 296.8556213378906	 520.9955444335938	 64733.32421875
39402036.0	 298.5933837890625	 509.94110107421875	 61886.12890625
39402124.0	 298.675537109375	 508.4009704589844	 63251.44921875
39402212.0	 298.75909423828125	 501.05816650390625	 65245.1328125
39402304.0	 297.268310546875	 504.7358703613281	 65119.78125
39402392.0	 296.88250732421875	 507.2521057128906	 65410.2578125
39402480.0	 297.0517883300781	 500.9726257324219	 63260.67578125
39402576.0	 297.47222900390625	 501.6463928222656	 62160.81640625
39402660.0	 297.92901611328125	 500.1512756347656	 62321.68359375
39402752.0	 297.9668884277344	 503.72137451171875	 64484.265625
39402840.0	 298.0267639160156	 504.1294860839844	 62376.20703125
39402932.0	 296.4440612792969	 500.849853515625	 63117.6640625
39403020.0	 296.6499328613281	 504.8427734375	 64203.11328125
39403108.0	 296.8612976074219	 502.582763671875	 63249.03515625
39403200.0	 295.7633361816406	 506.3707580566406	 66302.6171875
39403288.0	 295.5468444824219	 512.32568359375	 64695.49609375
39403376.0	 296.4786682128906	 504.9722900390625	 62941.4296875
39403464.0	 297.016357421875	 510.4432373046875	 64972.015625
39403644.0	 297.9665222167969	 503.85943603515625	 64763.5703125
39403736.0	 297.2049560546875	 506.0981140136719	 66078.875
39403824.0	 296.2652893066406	 502.8924255371094	 62720.9296875
39403912.0	 295.5932922363281	 505.264404296875	 64101.0234375
39404004.0	 296.3252258300781	 503.0059814453125	 60142.48046875
39404092.0	 296.14520263671875	 498.3046875	 61821.8515625
39404180.0	 296.30029296875	 500.5828857421875	 60770.93359375
39404272.0	 295.78375244140625	 507.2733154296875	 63672.90234375
39404360.0	 296.2118835449219	 505.2861022949219	 65958.6640625
39404448.0	 296.064208984375	 500.8482971191406	 61666.625
39404540.0	 295.6808166503906	 506.6049499511719	 63032.17578125
39404628.0	 295.5357666015625	 507.7410583496094	 65274.4296875
39404716.0	 296.3644714355469	 499.09564208984375	 60134.54296875
39404808.0	 296.05078125	 499.79931640625	 61838.5
39404896.0	 296.5376281738281	 494.9906311035156	 59559.5390625
39404988.0	 295.5154724121094	 506.2360534667969	 63797.8359375
39405072.0	 295.754150390625	 501.48419189453125	 61988.859375
39405168.0	 295.53936767578125	 500.8999938964844	 62778.890625
39405256.0	 295.8066711425781	 503.1197509765625	 59768.6875
39405344.0	 295.5179748535156	 507.8020935058594	 61837.0390625
39405436.0	 295.6849365234375	 502.7879638671875	 61030.91796875
39405524.0	 295.3951110839844	 499.3222961425781	 61196.9609375
39405612.0	 295.2827453613281	 503.8889465332031	 63132.08984375
39405704.0	 294.8229064941406	 510.3370666503906	 64140.66796875
39405792.0	 294.07415771484375	 510.814453125	 64492.21875
39405880.0	 294.7080078125	 504.4186706542969	 63368.48828125
39405972.0	 294.7440185546875	 507.48681640625	 65203.80859375
39406060.0	 294.6947937011719	 510.372802734375	 65688.96875
39406148.0	 294.8658447265625	 507.93658447265625	 62914.22265625
39406240.0	 294.4366149902344	 513.9675903320312	 68609.734375
39406328.0	 295.27301025390625	 512.2741088867188	 65772.953125
39406416.0	 295.0000305175781	 510.04852294921875	 63561.14453125
39406596.0	 295.2582092285156	 508.71063232421875	 64016.77734375
39406684.0	 295.2387390136719	 507.8033752441406	 64192.62109375
39406772.0	 294.3833312988281	 508.9767761230469	 65085.921875
39406868.0	 295.3757019042969	 512.5266723632812	 65883.4375
39406952.0	 295.6069641113281	 506.3478698730469	 62967.05078125
39407040.0	 295.43499755859375	 515.26806640625	 65891.9375
39407132.0	 295.39544677734375	 512.3883666992188	 65628.0859375
39407224.0	 294.9414367675781	 515.0171508789062	 65936.7421875
39407312.0	 295.1606140136719	 513.6427001953125	 64619.0703125
39407404.0	 294.90960693359375	 509.0662536621094	 63877.046875
39407492.0	 295.6343994140625	 510.29302978515625	 62052.9296875
39407580.0	 295.1851806640625	 509.780517578125	 64155.35546875
39407672.0	 295.5190124511719	 505.7689514160156	 61675.171875
39407760.0	 295.63873291015625	 507.9098205566406	 61168.59375
39407848.0	 295.0271911621094	 513.2678833007812	 60663.80078125
39407940.0	 294.87237548828125	 512.171875	 61216.86328125
39408028.0	 294.66778564453125	 510.3448181152344	 61341.96484375
39408120.0	 294.7006530761719	 513.1807250976562	 62408.27734375
39408204.0	 294.8764343261719	 513.1483154296875	 61964.52734375
39408296.0	 295.0406494140625	 508.2453308105469	 60170.83984375
39408384.0	 294.53558349609375	 510.4045715332031	 60870.50390625
39408476.0	 294.935302734375	 508.70123291015625	 60801.16015625
39408564.0	 294.7389221191406	 517.4305419921875	 62989.51953125
39408652.0	 294.63165283203125	 514.8046264648438	 62074.33984375
39408744.0	 294.6481628417969	 515.9367065429688	 62964.58203125
39408832.0	 295.3612060546875	 512.064697265625	 61374.46484375
39408920.0	 294.9286804199219	 510.44207763671875	 61614.80078125
39409012.0	 295.0761413574219	 509.6676940917969	 60632.640625
39409104.0	 295.0707702636719	 509.2749328613281	 63438.87109375
39409188.0	 295.2901916503906	 511.0543518066406	 62605.6953125
39409280.0	 295.4859313964844	 510.1891784667969	 62224.359375
39409372.0	 295.49859619140625	 510.7134704589844	 61882.37109375
39409548.0	 294.4888916015625	 516.4700317382812	 61861.23046875
39409640.0	 294.46343994140625	 514.42529296875	 62527.12890625
39409728.0	 294.30029296875	 518.5580444335938	 63834.26171875
39409816.0	 294.4298400878906	 516.5634155273438	 63466.1015625
39409908.0	 293.91094970703125	 519.1465454101562	 62714.77734375
39409996.0	 294.222412109375	 510.99249267578125	 60520.31640625
39410084.0	 293.937744140625	 513.9310302734375	 61666.734375
39410172.0	 293.9343566894531	 517.5115356445312	 62247.73046875
39410264.0	 294.1548156738281	 521.4636840820312	 63117.2890625
39410356.0	 293.5162048339844	 516.3397827148438	 62260.38671875
39410440.0	 293.53985595703125	 526.8689575195312	 63919.85546875
39410536.0	 293.80224609375	 522.5367431640625	 62614.43359375
39410624.0	 293.6282653808594	 517.936279296875	 63137.81640625
39410708.0	 293.20648193359375	 519.6563110351562	 63770.8828125
39410804.0	 293.5482177734375	 519.8228759765625	 63608.91015625
39410892.0	 293.2625732421875	 517.7540893554688	 62658.55078125
39410980.0	 293.5157470703125	 515.4777221679688	 61277.55859375
39411064.0	 293.0860900878906	 519.1353759765625	 63149.890625
39411160.0	 292.90911865234375	 520.3965454101562	 62373.234375
39411248.0	 292.9382019042969	 518.8406982421875	 63468.796875
39411336.0	 293.0748291015625	 523.305419921875	 62875.09375
39411428.0	 292.3191833496094	 521.6646728515625	 63335.4296875
39411516.0	 293.00152587890625	 520.1502685546875	 60059.734375
39411604.0	 292.40673828125	 520.179931640625	 62246.57421875
39411696.0	 292.8311767578125	 519.543212890625	 63732.08984375
39411784.0	 292.4286804199219	 520.6228637695312	 64200.8046875
39411872.0	 293.0158996582031	 517.6448364257812	 62661.30078125
39411964.0	 292.8576354980469	 514.1967163085938	 60629.0625
39412052.0	 292.23980712890625	 519.515380859375	 62647.71875
39412140.0	 292.4590148925781	 527.0599365234375	 63729.01171875
39412236.0	 292.5819091796875	 526.6471557617188	 63744.96875
39412324.0	 292.31622314453125	 526.22705078125	 62006.6328125
39412496.0	 292.87127685546875	 515.4953002929688	 59578.953125
39412592.0	 292.4461669921875	 527.7162475585938	 64676.2578125
39412680.0	 293.81109619140625	 521.7077026367188	 67120.828125
39412768.0	 292.95135498046875	 523.9725341796875	 64985.9296875
39412860.0	 293.3604736328125	 520.533203125	 63465.8828125
39412948.0	 293.677978515625	 519.3180541992188	 63556.34375
39413036.0	 294.21331787109375	 519.4195556640625	 62647.046875
39413128.0	 294.4498596191406	 518.614501953125	 61923.8984375
39413216.0	 293.60272216796875	 525.81591796875	 66995.171875
39413304.0	 293.7433776855469	 526.5327758789062	 65885.1875
39413396.0	 294.79736328125	 519.9356079101562	 62932.17578125
39413484.0	 294.1144714355469	 514.65869140625	 65587.640625
39413572.0	 294.0145568847656	 520.986328125	 65700.1640625
39413664.0	 294.2275695800781	 519.9940185546875	 64272.95703125
39413752.0	 294.4383239746094	 517.7608032226562	 64135.66796875
39413840.0	 294.52337646484375	 515.0441284179688	 63112.33203125
39413928.0	 294.5183410644531	 513.050537109375	 62109.87890625
39414020.0	 295.5012512207031	 520.6395874023438	 65690.265625
39414112.0	 295.04754638671875	 505.8437194824219	 60749.0
39414196.0	 295.35040283203125	 505.2170104980469	 63579.03515625
39414288.0	 295.3229675292969	 509.6115417480469	 65053.3359375
39414380.0	 295.7405700683594	 504.4307861328125	 63621.6484375
39414468.0	 296.0258483886719	 501.1285705566406	 61675.109375
39414560.0	 295.8824462890625	 508.36187744140625	 63779.0390625
39414648.0	 295.46234130859375	 511.8520812988281	 63970.0390625
39414736.0	 295.3369445800781	 508.8377380371094	 63077.19921875
39414828.0	 295.79937744140625	 501.5372009277344	 59801.1484375
39414916.0	 296.3675231933594	 510.4023742675781	 65541.8046875
39415004.0	 296.548583984375	 499.6597900390625	 60820.0859375
39415092.0	 296.2549743652344	 499.4586181640625	 61311.44921875
39415184.0	 295.97149658203125	 510.18499755859375	 63028.95703125
39415272.0	 295.0290832519531	 512.4807739257812	 63507.80078125
39415452.0	 296.5239562988281	 517.2595825195312	 61256.1328125
39415544.0	 296.9131164550781	 514.891357421875	 62640.0625
39415632.0	 297.6275939941406	 515.8965454101562	 61893.30078125
39415720.0	 297.8199462890625	 511.21441650390625	 61882.32421875
39415812.0	 297.8591003417969	 517.5963134765625	 63056.93359375
39415900.0	 297.9374084472656	 519.5204467773438	 61103.73046875
39415988.0	 297.4123840332031	 524.1730346679688	 62746.55078125
39416076.0	 297.6943054199219	 530.0928344726562	 63756.84765625
39416168.0	 297.24261474609375	 526.8734130859375	 63748.70703125
39416256.0	 297.1282043457031	 525.9224853515625	 62619.4375
39416344.0	 297.1167907714844	 522.0106811523438	 61934.07421875
39416436.0	 296.0725402832031	 528.0949096679688	 64218.50390625
39416524.0	 296.6011047363281	 524.4740600585938	 61828.1796875
39416616.0	 296.21832275390625	 524.658447265625	 60569.5390625
39416704.0	 296.5405578613281	 530.7596435546875	 62479.453125
39416792.0	 296.75634765625	 518.481201171875	 60089.3515625
39416884.0	 296.9002990722656	 524.776123046875	 61639.26171875
39416976.0	 297.16943359375	 526.3147583007812	 62093.1015625
39417064.0	 297.3493347167969	 520.0011596679688	 62346.41015625
39417152.0	 296.77490234375	 521.4453735351562	 63623.8359375
39417240.0	 297.1733093261719	 524.1605834960938	 62825.99609375
39417332.0	 297.5035400390625	 515.7876586914062	 62024.69921875
39417420.0	 297.0494079589844	 522.0331420898438	 63548.77734375
39417512.0	 297.2601623535156	 525.6067504882812	 64833.30078125
39417600.0	 297.2942199707031	 518.0658569335938	 63583.2890625
39417688.0	 297.7384033203125	 515.0028076171875	 62280.921875
39417776.0	 296.6866455078125	 523.2327270507812	 63700.359375
39417868.0	 296.5435485839844	 521.495849609375	 65012.07421875
39417956.0	 296.307373046875	 522.7830810546875	 66133.859375
39418048.0	 295.98272705078125	 525.5814208984375	 67485.4453125
39418136.0	 295.58099365234375	 524.615478515625	 67614.75
39418224.0	 296.3985900878906	 522.44677734375	 63267.78125
39418404.0	 296.14306640625	 524.768798828125	 64088.0
39418492.0	 295.43243408203125	 529.8424072265625	 66513.8828125
39418580.0	 295.87841796875	 534.7926635742188	 65741.796875
39418672.0	 296.2389221191406	 528.738037109375	 65743.859375
39418760.0	 295.81060791015625	 529.6983642578125	 65220.09765625
39418848.0	 295.9452819824219	 531.3403930664062	 64543.34765625
39418940.0	 296.4164733886719	 523.3177490234375	 63524.828125
39419028.0	 296.6475830078125	 526.3294677734375	 63959.03515625
39419116.0	 296.41668701171875	 524.325927734375	 66198.0859375
39419208.0	 296.1603698730469	 526.0682373046875	 64372.90625
39419296.0	 297.0005187988281	 519.525390625	 60993.05859375
39419388.0	 296.86737060546875	 518.5257568359375	 59960.42578125
39419476.0	 296.6620788574219	 522.1368408203125	 63768.3046875
39419568.0	 297.0570373535156	 522.0912475585938	 63685.19921875
39419656.0	 296.9684143066406	 523.5520629882812	 63072.828125
39419744.0	 296.7534484863281	 525.5211181640625	 66905.0078125
39419836.0	 297.0125732421875	 520.8599853515625	 65599.9140625
39419924.0	 297.14739990234375	 517.1403198242188	 63735.70703125
39420012.0	 296.91387939453125	 521.5868530273438	 64938.23828125
39420104.0	 296.6439514160156	 521.6865234375	 65690.7890625
39420192.0	 297.0708923339844	 519.68310546875	 62996.92578125
39420280.0	 296.9175109863281	 529.6543579101562	 65583.3515625
39420372.0	 296.92559814453125	 527.0514526367188	 66198.375
39420460.0	 297.66033935546875	 521.5718383789062	 63458.1328125
39420548.0	 297.49615478515625	 524.1611328125	 65042.75
39420636.0	 297.419921875	 515.0184326171875	 62958.34375
39420728.0	 296.55364990234375	 530.8560180664062	 66368.7890625
39420820.0	 296.69122314453125	 529.5562133789062	 66799.15625
39420908.0	 296.8027038574219	 522.16943359375	 66051.6796875
39420996.0	 297.0080871582031	 518.9927978515625	 64261.4609375
39421088.0	 297.24005126953125	 518.1328125	 61763.96484375
39421176.0	 296.64434814453125	 523.6800537109375	 65651.40625
39421356.0	 297.06060791015625	 520.2996826171875	 62653.3046875
39421444.0	 296.9866943359375	 516.671630859375	 62803.9453125
39421532.0	 296.6255798339844	 522.7781982421875	 64441.2109375
39421620.0	 296.63543701171875	 528.5867309570312	 64741.8671875
39421712.0	 296.65032958984375	 530.7308959960938	 65714.65625
39421804.0	 296.5839538574219	 527.8483276367188	 64660.05078125
39421892.0	 295.753173828125	 531.8953857421875	 66742.78125
39421984.0	 294.8879699707031	 533.824951171875	 66283.375
39422068.0	 296.5969543457031	 514.3648681640625	 62095.3671875
39422160.0	 296.3749694824219	 524.5183715820312	 68387.859375
39422252.0	 296.2547302246094	 525.9475708007812	 67924.421875
39422340.0	 296.5857238769531	 522.5164184570312	 65273.515625
39422432.0	 296.69091796875	 522.98974609375	 64606.16796875
39422520.0	 297.005126953125	 516.2384033203125	 62018.4140625
39422608.0	 297.37554931640625	 518.1904296875	 63427.60546875
39422696.0	 296.4344177246094	 523.01806640625	 64240.984375
39422788.0	 296.1165771484375	 531.78271484375	 68519.234375
39422876.0	 296.42047119140625	 525.9716186523438	 65472.828125
39422964.0	 296.4109802246094	 527.4597778320312	 67103.0546875
39423056.0	 297.0887756347656	 524.3477172851562	 63345.9140625
39423144.0	 296.2232666015625	 525.8911743164062	 66460.234375
39423232.0	 295.9654846191406	 528.1454467773438	 66377.4609375
39423324.0	 295.276123046875	 531.815673828125	 67415.109375
39423412.0	 295.39990234375	 526.2644653320312	 64191.30859375
39423500.0	 295.9588928222656	 526.1123046875	 65721.875
39423588.0	 296.4665832519531	 522.91259765625	 62897.484375
39423680.0	 296.4690856933594	 529.2094116210938	 63344.45703125
39423768.0	 295.75250244140625	 526.0091552734375	 65235.890625
39423856.0	 296.3387756347656	 532.21240234375	 64920.234375
39423948.0	 296.0097351074219	 527.0419311523438	 66164.7421875
39424036.0	 296.190185546875	 530.4344482421875	 66967.4296875
39424124.0	 296.9164123535156	 516.6569213867188	 64516.24609375
39424308.0	 296.37518310546875	 522.86083984375	 64180.4375
39424396.0	 296.69964599609375	 521.0429077148438	 69315.140625
39424484.0	 296.96612548828125	 520.8075561523438	 64656.05859375
39424576.0	 296.9787902832031	 522.7105712890625	 65816.796875
39424664.0	 297.075927734375	 525.9055786132812	 66207.359375
39424752.0	 297.4540100097656	 519.3715209960938	 63246.21484375
39424844.0	 296.61968994140625	 531.399658203125	 69836.28125
39424932.0	 296.87445068359375	 525.8665771484375	 65064.16015625
39425020.0	 297.25640869140625	 525.1085205078125	 64793.9609375
39425112.0	 297.2663269042969	 524.6663208007812	 64452.640625
39425200.0	 297.04119873046875	 523.5343627929688	 64591.16015625
39425292.0	 296.8471374511719	 524.084228515625	 65142.15625
39425380.0	 296.43701171875	 527.3817138671875	 64959.42578125
39425472.0	 296.621826171875	 530.9705810546875	 67715.921875
39425556.0	 296.88177490234375	 524.3182983398438	 66047.8984375
39425644.0	 296.8803405761719	 528.8535766601562	 66173.265625
39425740.0	 297.166259765625	 520.488037109375	 62545.73046875
39425828.0	 296.9010009765625	 525.2188110351562	 64961.3125
39425916.0	 297.49639892578125	 522.1840209960938	 63545.84375
39426008.0	 296.9814147949219	 518.0894165039062	 64780.28125
39426096.0	 297.5436096191406	 520.25146484375	 63744.6015625
39426180.0	 297.8473815917969	 519.3565673828125	 61747.296875
39426276.0	 297.55267333984375	 521.4999389648438	 65340.4453125
39426364.0	 297.8525085449219	 512.0255126953125	 63813.7734375
39426452.0	 297.5317077636719	 518.5203247070312	 64668.65625
39426540.0	 298.2625732421875	 509.0423889160156	 61472.21875
39426632.0	 298.35736083984375	 511.4834289550781	 61586.1796875
39426720.0	 298.0816955566406	 516.19287109375	 63935.2578125
39426812.0	 298.3846435546875	 520.8492431640625	 65231.49609375
39426900.0	 297.6959533691406	 517.9141235351562	 64841.67578125
39426992.0	 297.62799072265625	 519.2569580078125	 64874.24609375
39427076.0	 297.6255187988281	 514.6476440429688	 62580.28125
39427260.0	 297.6029968261719	 510.01953125	 61586.703125
39427348.0	 297.1329040527344	 517.3607788085938	 65238.83984375
39427436.0	 297.3614196777344	 519.1260986328125	 64166.05859375
39427528.0	 296.9356994628906	 519.8179321289062	 65832.9140625
39427616.0	 297.365234375	 515.8533935546875	 65171.09765625
39427704.0	 297.4525146484375	 519.827392578125	 65632.03125
39427796.0	 297.4435119628906	 516.3198852539062	 64568.8125
39427884.0	 297.1050109863281	 521.2809448242188	 66014.046875
39427972.0	 297.423095703125	 516.6486206054688	 64908.84375
39428064.0	 297.8035888671875	 509.23870849609375	 62807.2109375
39428152.0	 297.5084533691406	 510.4530029296875	 63545.17578125
39428240.0	 297.45001220703125	 515.1177368164062	 63993.515625
39428328.0	 297.75140380859375	 522.7001342773438	 65898.140625
39428420.0	 297.8866882324219	 510.34375	 62838.890625
39428508.0	 297.5630798339844	 511.9095764160156	 63606.13671875
39428596.0	 297.0097961425781	 515.4027099609375	 65251.078125
39428688.0	 297.372802734375	 514.582275390625	 62054.51953125
39428776.0	 297.7646789550781	 511.4312744140625	 62086.84375
39428864.0	 298.32427978515625	 514.43115234375	 63678.65234375
39428960.0	 297.6824035644531	 515.732666015625	 62904.0546875
39429048.0	 298.2109375	 513.26708984375	 61946.58984375
39429136.0	 297.239501953125	 520.8809814453125	 66867.0625
39429224.0	 298.0914611816406	 510.7630615234375	 63833.65625
39429316.0	 297.64959716796875	 515.6157836914062	 64695.7578125
39429404.0	 297.4451904296875	 517.3015747070312	 64677.94921875
39429492.0	 297.54266357421875	 517.1735229492188	 65757.9921875
39429584.0	 297.8603515625	 509.0244445800781	 62177.984375
39429672.0	 298.46331787109375	 506.6588134765625	 61285.21875
39429760.0	 297.8933410644531	 510.4961242675781	 64559.890625
39429848.0	 298.02862548828125	 509.2129821777344	 64160.484375
39429940.0	 298.4837646484375	 510.9635009765625	 61215.1171875
39430032.0	 297.8769226074219	 512.1975708007812	 64668.36328125
39430208.0	 298.1756591796875	 505.2181701660156	 61559.46875
39430300.0	 298.0536804199219	 506.87921142578125	 60885.0546875
39430388.0	 297.8204650878906	 517.2845458984375	 64168.3125
39430476.0	 297.7378845214844	 518.0619506835938	 64222.24609375
39430568.0	 297.9372863769531	 508.657470703125	 61823.3125
39430656.0	 297.6229248046875	 512.298583984375	 61415.04296875
39430744.0	 297.6626892089844	 510.2839660644531	 62440.078125
39430832.0	 297.9599914550781	 509.0823669433594	 61591.27734375
39430924.0	 297.5137634277344	 516.1102294921875	 63035.3671875
39431012.0	 297.3877868652344	 510.8929138183594	 61372.5859375
39431104.0	 297.23431396484375	 515.5696411132812	 64541.73828125
39431192.0	 297.4326171875	 512.400146484375	 62550.33203125
39431280.0	 297.5259094238281	 514.6362915039062	 62274.0390625
39431372.0	 297.68896484375	 510.17578125	 62796.19140625
39431464.0	 298.0642395019531	 519.5690307617188	 64684.9453125
39431552.0	 297.7878112792969	 514.7040405273438	 65052.01953125
39431640.0	 298.1562194824219	 513.957275390625	 62426.15234375
39431732.0	 297.66363525390625	 513.010009765625	 63836.3203125
39431820.0	 297.6743469238281	 512.8836059570312	 63003.80859375
39431908.0	 298.1252136230469	 519.7904052734375	 63191.92578125
39432000.0	 297.72662353515625	 514.5167236328125	 64908.09375
39432088.0	 297.32586669921875	 520.9600830078125	 63286.36328125
39432176.0	 297.8824157714844	 510.4657287597656	 63262.75
39432268.0	 297.9943542480469	 510.77239990234375	 62071.07421875
39432356.0	 297.4412536621094	 511.6168212890625	 63941.35546875
39432444.0	 297.1095886230469	 513.2123413085938	 61240.9140625
39432532.0	 297.17620849609375	 514.3235473632812	 61700.66796875
39432624.0	 296.77880859375	 518.6031494140625	 62126.33984375
39432712.0	 297.5588073730469	 510.7304382324219	 61003.6875
39432800.0	 296.90521240234375	 519.611328125	 64803.2265625
39432892.0	 297.0397644042969	 516.590576171875	 64706.20703125
39432980.0	 296.8084411621094	 516.2681884765625	 62990.98828125
39433156.0	 296.9822692871094	 519.2913208007812	 59864.9375
39433252.0	 296.8868408203125	 515.5682373046875	 62123.76171875
39433336.0	 296.637451171875	 519.673095703125	 62299.5390625
39433424.0	 296.70172119140625	 515.6070556640625	 64148.29296875
39433516.0	 296.8876037597656	 516.3077392578125	 63455.40625
39433608.0	 297.3047180175781	 509.9384765625	 61212.0703125
39433696.0	 296.5995788574219	 523.2777709960938	 62983.33984375
39433788.0	 296.84857177734375	 518.8760375976562	 62830.66015625
39433876.0	 296.3385009765625	 520.91015625	 64755.484375
39433964.0	 296.2705078125	 520.340087890625	 63511.125
39434052.0	 297.0435485839844	 519.877197265625	 63511.6171875
39434144.0	 297.0476989746094	 519.5422973632812	 63258.03125
39434232.0	 297.216796875	 513.319580078125	 60564.953125
39434324.0	 296.1909484863281	 526.6193237304688	 65963.3203125
39434412.0	 296.23175048828125	 523.8840942382812	 66213.75
39434500.0	 296.3426513671875	 520.7573852539062	 62739.24609375
39434592.0	 296.1817321777344	 521.2180786132812	 61625.85546875
39434680.0	 296.2601623535156	 520.4428100585938	 64404.57421875
39434772.0	 296.78387451171875	 517.9699096679688	 61934.7734375
39434860.0	 296.5369873046875	 521.2817993164062	 62866.0234375
39434948.0	 296.4068603515625	 519.8125610351562	 63119.95703125
39435040.0	 296.0315856933594	 520.0988159179688	 62702.51171875
39435128.0	 295.0426025390625	 519.6679077148438	 62264.57421875
39435216.0	 295.0230407714844	 524.8079833984375	 63934.67578125
39435308.0	 294.79425048828125	 531.1968383789062	 65453.76953125
39435396.0	 294.83636474609375	 524.6738891601562	 64060.265625
39435484.0	 295.23052978515625	 528.4541015625	 64318.46484375
39435572.0	 295.23980712890625	 526.993408203125	 64876.16796875
39435664.0	 295.3637390136719	 523.4586791992188	 63352.8203125
39435752.0	 295.8916931152344	 527.3422241210938	 63489.14453125
39435840.0	 296.1363830566406	 524.252685546875	 63285.703125
39435936.0	 296.45709228515625	 522.4808959960938	 63076.9765625
39436108.0	 296.1559143066406	 524.52685546875	 63540.625
39436200.0	 296.2687072753906	 523.9926147460938	 63548.26953125
39436292.0	 295.9861755371094	 525.6510620117188	 63186.375
39436380.0	 295.84033203125	 528.1560668945312	 64659.2265625
39436468.0	 295.67913818359375	 526.7118530273438	 63706.6640625
39436560.0	 295.9948425292969	 528.6261596679688	 64761.33203125
39436648.0	 296.031982421875	 525.9115600585938	 62777.953125
39436736.0	 295.50335693359375	 525.3095703125	 64409.33984375
39436828.0	 295.81097412109375	 523.111328125	 63480.8671875
39436916.0	 296.07904052734375	 524.7130126953125	 63566.4609375
39437004.0	 295.3834533691406	 525.039794921875	 63700.5
39437092.0	 295.5810546875	 523.5896606445312	 63193.69140625
39437184.0	 295.4263000488281	 526.461669921875	 65060.78125
39437272.0	 295.6295471191406	 527.9569091796875	 65162.77734375
39437360.0	 295.4703369140625	 526.21630859375	 66484.1328125
39437452.0	 295.6955261230469	 529.170166015625	 65662.828125
39437544.0	 295.84197998046875	 524.5155029296875	 64364.27734375
39437628.0	 296.2356872558594	 526.3204956054688	 62609.64453125
39437720.0	 296.18841552734375	 533.3056640625	 65377.203125
39437808.0	 296.4579772949219	 517.8154296875	 65081.5546875
39437896.0	 296.5023498535156	 514.5596923828125	 64630.25
39437988.0	 296.50909423828125	 527.45458984375	 64974.5546875
39438080.0	 296.2142639160156	 522.6851806640625	 66324.1640625
39438168.0	 296.8207092285156	 520.4379272460938	 62653.51953125
39438256.0	 296.8288879394531	 524.56787109375	 65453.8359375
39438348.0	 296.4613342285156	 516.2098999023438	 64778.7890625
39438436.0	 296.8269348144531	 518.7252197265625	 65540.734375
39438524.0	 296.9364318847656	 515.6583251953125	 64700.1484375
39438616.0	 296.4990234375	 517.3577880859375	 67596.875
39438708.0	 297.00933837890625	 517.49609375	 63389.34375
39438796.0	 296.81298828125	 520.4668579101562	 65351.95703125
39438884.0	 296.9914855957031	 515.4443359375	 65418.40625
39439064.0	 297.68096923828125	 511.3782958984375	 63057.203125
39439152.0	 297.55828857421875	 505.440185546875	 63014.80078125
39439240.0	 297.17498779296875	 516.9751586914062	 65928.3125
39439332.0	 297.11773681640625	 514.8156127929688	 65185.87890625
39439420.0	 296.94537353515625	 517.70263671875	 67772.328125
39439508.0	 297.2007751464844	 519.280029296875	 65787.96875
39439600.0	 297.15887451171875	 519.3717041015625	 65989.4140625
39439688.0	 297.4971618652344	 517.4603271484375	 64683.3125
39439776.0	 297.3730773925781	 519.3087768554688	 68000.671875
39439864.0	 297.6846008300781	 516.5719604492188	 65902.6796875
39439956.0	 297.45428466796875	 510.3665771484375	 65176.33203125
39440044.0	 296.96795654296875	 515.8897705078125	 66791.6875
39440132.0	 297.17193603515625	 510.1606750488281	 64673.58203125
39440224.0	 296.3872985839844	 524.4425048828125	 67349.0234375
39440312.0	 296.5353088378906	 517.6143188476562	 65555.3515625
39440400.0	 296.6444091796875	 517.7613525390625	 65221.49609375
39440492.0	 296.19970703125	 525.0823364257812	 67059.5546875
39440580.0	 296.3164367675781	 521.0902709960938	 66566.3984375
39440668.0	 296.1336975097656	 524.5432739257812	 69467.1640625
39440760.0	 296.2413635253906	 523.5091552734375	 65884.40625
39440852.0	 296.548828125	 520.5584106445312	 65606.765625
39440940.0	 296.3028869628906	 521.255859375	 66980.5078125
39441028.0	 296.1986999511719	 524.030029296875	 65108.015625
39441120.0	 296.1737976074219	 523.3055419921875	 66064.9140625
39441208.0	 295.752197265625	 529.4712524414062	 69101.8671875
39441296.0	 296.212646484375	 520.6646118164062	 65740.390625
39441384.0	 296.4513244628906	 524.2996215820312	 65216.46484375
39441476.0	 296.71368408203125	 522.6736450195312	 65000.203125
39441568.0	 295.9715270996094	 526.1205444335938	 66880.3515625
39441656.0	 296.1330261230469	 524.4483032226562	 67044.109375
39441744.0	 296.4372253417969	 526.4674682617188	 68187.0859375
39441836.0	 296.6073913574219	 518.1177368164062	 64626.56640625
39442012.0	 297.21856689453125	 518.8939819335938	 62806.9609375
39442104.0	 296.19268798828125	 526.3468017578125	 67092.5
39442192.0	 296.3634033203125	 524.8536987304688	 68914.21875
39442280.0	 296.8790283203125	 515.667724609375	 64324.51953125
39442372.0	 296.2898254394531	 522.7977294921875	 67156.6953125
39442460.0	 296.3370056152344	 522.5499877929688	 66226.9921875
39442548.0	 296.9847412109375	 516.8843994140625	 64808.16015625
39442636.0	 297.0011291503906	 514.7592163085938	 63369.41015625
39442728.0	 296.20269775390625	 526.0346069335938	 67459.6953125
39442816.0	 296.7850646972656	 517.2587890625	 64566.52734375
39442904.0	 296.3241271972656	 521.8253173828125	 67506.609375
39442996.0	 296.4444580078125	 519.5726318359375	 65282.30859375
39443084.0	 296.3702392578125	 519.2136840820312	 66192.0078125
39443172.0	 296.4628601074219	 518.2931518554688	 65130.234375
39443264.0	 296.3841552734375	 524.3787841796875	 65653.765625
39443356.0	 295.7070617675781	 524.8621215820312	 67160.796875
39443444.0	 296.54083251953125	 521.7507934570312	 66459.296875
39443532.0	 296.7660827636719	 521.591552734375	 65815.859375
39443624.0	 296.73876953125	 516.37060546875	 64024.78515625
39443712.0	 296.22515869140625	 520.477783203125	 66329.5234375
39443800.0	 296.96484375	 516.9625854492188	 64425.6953125
39443888.0	 296.20587158203125	 524.3009643554688	 69350.4453125
39443980.0	 296.0288391113281	 522.1450805664062	 66926.4296875
39444068.0	 296.76397705078125	 515.5987548828125	 64726.91796875
39444156.0	 296.3479919433594	 516.8618774414062	 63609.39453125
39444248.0	 296.3611755371094	 520.8778076171875	 66533.8828125
39444336.0	 296.150390625	 522.3843383789062	 66828.265625
39444428.0	 296.7583312988281	 516.0790405273438	 64881.1328125
39444512.0	 296.0906066894531	 523.80712890625	 67553.734375
39444608.0	 296.76678466796875	 519.663818359375	 67260.0703125
39444696.0	 296.0617980957031	 526.9959716796875	 68303.1875
39444780.0	 296.4232482910156	 527.4598999023438	 67834.8828125
39444964.0	 296.9152526855469	 515.0266723632812	 61339.6328125
39445052.0	 296.5967102050781	 523.966064453125	 66439.421875
39445140.0	 296.6474914550781	 516.473876953125	 63940.80078125
39445232.0	 296.89202880859375	 514.3531494140625	 63717.78515625
39445320.0	 296.57440185546875	 522.2391357421875	 66051.8671875
39445408.0	 296.73675537109375	 520.3920288085938	 64804.4609375
39445500.0	 296.6457824707031	 520.584716796875	 65717.171875
39445588.0	 296.6294860839844	 518.9895629882812	 65136.46484375
39445676.0	 296.44757080078125	 516.4190673828125	 64896.60546875
39445772.0	 296.56634521484375	 518.2769775390625	 65613.875
39445860.0	 296.35467529296875	 523.6974487304688	 66839.96875
39445944.0	 297.017578125	 516.0584106445312	 63852.9609375
39446036.0	 296.87200927734375	 514.1953125	 64343.0
39446128.0	 296.62811279296875	 521.2213745117188	 65443.2265625
39376704.0	 268.4526672363281	 297.61492919921875	 45460.76953125
39376796.0	 266.3326110839844	 298.03125	 47226.08984375
39376888.0	 264.4151611328125	 288.00537109375	 39314.33984375
39377268.0	 259.1429443359375	 293.9812316894531	 43084.21484375
39377364.0	 260.3082275390625	 284.5459289550781	 41153.47265625
39377460.0	 260.3465576171875	 316.0704650878906	 47615.05859375
39377556.0	 259.1353454589844	 288.4235534667969	 46669.13671875
39377652.0	 270.7294921875	 292.7176818847656	 41795.515625
39377744.0	 266.1495361328125	 306.8659973144531	 47435.04296875
39377840.0	 272.9689636230469	 290.7735900878906	 40176.328125
39377936.0	 272.6120910644531	 289.1296081542969	 41744.8828125
39378028.0	 271.8755187988281	 307.11566162109375	 41796.05859375
39378124.0	 269.14013671875	 303.1174621582031	 43323.51171875
39378220.0	 270.5633850097656	 303.8185729980469	 41491.80078125
39378312.0	 269.7113952636719	 291.6569519042969	 41519.5
39378408.0	 272.8931884765625	 300.54052734375	 45460.8671875
39378500.0	 268.1856994628906	 291.3763427734375	 42919.734375
39378592.0	 271.4020080566406	 301.8922424316406	 41038.4765625
39378688.0	 276.3206481933594	 307.6346130371094	 44096.8828125
39378784.0	 274.42095947265625	 302.0954284667969	 43187.2265625
39378880.0	 275.76727294921875	 300.8654479980469	 40994.984375
39378972.0	 272.0831298828125	 292.2250061035156	 39942.38671875
39379068.0	 272.3989562988281	 295.39453125	 43997.23046875
39379164.0	 272.4312744140625	 298.60626220703125	 45495.96484375
39379260.0	 272.054443359375	 300.6953125	 46326.41796875
39379352.0	 273.75238037109375	 294.53662109375	 40345.671875
39379448.0	 271.9815368652344	 290.92010498046875	 40145.14453125
39379540.0	 277.05047607421875	 318.3117370605469	 43721.5703125
39379636.0	 280.9122314453125	 300.36822509765625	 37950.54296875
39379728.0	 276.6139221191406	 287.9274597167969	 38640.6796875
39379824.0	 281.34686279296875	 316.14019775390625	 39152.125
39379916.0	 280.61663818359375	 288.8148193359375	 37893.015625
39380012.0	 279.19488525390625	 308.82305908203125	 43652.98046875
39380204.0	 274.8727111816406	 297.9973449707031	 33454.66015625
39380296.0	 272.4595642089844	 308.53131103515625	 38488.19140625
39380392.0	 272.3120422363281	 307.7392272949219	 40559.96875
39380484.0	 271.06256103515625	 317.0716552734375	 39232.10546875
39380580.0	 268.8912658691406	 307.1199645996094	 40206.08203125
39380676.0	 261.9732971191406	 310.5964660644531	 44734.48828125
39380768.0	 274.2151184082031	 332.8249206542969	 45965.3125
39380868.0	 276.6355895996094	 304.818115234375	 34900.12109375
39380964.0	 271.5738220214844	 305.8020935058594	 39254.68359375
39381056.0	 272.3057556152344	 303.42474365234375	 40530.54296875
39381152.0	 272.9457702636719	 306.1269836425781	 38424.5859375
39381244.0	 273.49407958984375	 294.9239501953125	 40458.33984375
39381340.0	 270.2033996582031	 307.7484436035156	 42786.18359375
39381436.0	 270.8979187011719	 316.8168029785156	 44984.89453125
39381532.0	 273.38958740234375	 325.4276428222656	 45474.58203125
39381624.0	 273.3268737792969	 299.2590637207031	 38197.95703125
39381720.0	 272.1011047363281	 285.30694580078125	 41931.51171875
39381812.0	 272.3108215332031	 297.080810546875	 39474.046875
39381908.0	 270.45068359375	 290.3066711425781	 41236.53125
39382004.0	 267.130859375	 280.85479736328125	 39850.1328125
39382096.0	 268.93658447265625	 304.7168273925781	 40238.046875
39382192.0	 266.92193603515625	 304.9295349121094	 45739.4453125
39382288.0	 262.5843200683594	 298.96533203125	 41720.70703125
39382380.0	 263.99072265625	 303.7212219238281	 41419.328125
39382476.0	 271.4886474609375	 299.9220275878906	 43081.453125
39382568.0	 268.7907409667969	 272.05401611328125	 41148.18359375
39382664.0	 262.3688659667969	 284.52545166015625	 40389.2109375
39382760.0	 267.1929016113281	 303.2866516113281	 52334.046875
39382856.0	 270.13665771484375	 300.7320556640625	 43806.58984375
39382948.0	 273.9072265625	 313.2564392089844	 40784.26171875
39383044.0	 265.7318115234375	 304.1423034667969	 43086.0
39383136.0	 263.8629455566406	 304.5414733886719	 44208.70703125
39383328.0	 260.7694091796875	 329.74639892578125	 55997.67578125
39383420.0	 265.6744079589844	 298.0650939941406	 39071.84765625
39383516.0	 266.873291015625	 308.5391845703125	 42920.66015625
39383612.0	 266.8990478515625	 309.2264404296875	 50317.90625
39383704.0	 269.10479736328125	 306.3068542480469	 38640.87890625
39383796.0	 267.4935302734375	 300.2001953125	 43388.1953125
39383892.0	 263.453369140625	 299.9282531738281	 44161.4453125
39383984.0	 268.5667724609375	 302.2234191894531	 41663.0859375
39384084.0	 270.48297119140625	 286.6139831542969	 36480.640625
39384176.0	 265.6121826171875	 285.5677795410156	 35318.2890625
39384272.0	 261.0752258300781	 292.5970458984375	 42245.83203125
39384364.0	 262.5946044921875	 302.4289855957031	 43915.05078125
39384460.0	 259.8681945800781	 295.9747009277344	 39567.5390625
39384556.0	 260.6043395996094	 289.1946716308594	 37471.86328125
39384652.0	 267.626953125	 297.39581298828125	 38837.1640625
39384748.0	 271.1894226074219	 295.2842102050781	 36440.3828125
39384844.0	 271.9678039550781	 301.36773681640625	 40273.09765625
39384940.0	 270.8197021484375	 292.9036560058594	 36649.0
39385032.0	 269.7434387207031	 294.94671630859375	 37787.234375
39385124.0	 270.2236328125	 305.55035400390625	 41370.5234375
39385220.0	 274.2513427734375	 304.7838134765625	 35532.1953125
39385316.0	 275.6969909667969	 291.5535888671875	 32113.5546875
39385408.0	 264.6455993652344	 299.3752136230469	 41114.36328125
39385504.0	 266.08660888671875	 299.0044860839844	 41405.93359375
39385596.0	 271.2280578613281	 308.5037841796875	 41075.8125
39385696.0	 270.6488037109375	 296.7978515625	 40367.58203125
39385788.0	 272.207763671875	 308.6015319824219	 41298.23046875
39385884.0	 270.9420166015625	 303.2861633300781	 38055.27734375
39385976.0	 271.31011962890625	 298.8463134765625	 40916.390625
39386072.0	 271.8760986328125	 315.2340087890625	 45336.00390625
39386168.0	 269.53045654296875	 298.4967041015625	 40460.67578125
39386260.0	 271.8712463378906	 296.26458740234375	 38538.09375
39386448.0	 282.9395446777344	 295.0596008300781	 32082.267578125
39386544.0	 279.6180114746094	 303.56201171875	 38904.66796875
39386636.0	 275.2286682128906	 292.0129699707031	 39138.63671875
39386732.0	 267.4518737792969	 282.9905090332031	 37588.29296875
39386824.0	 268.6336975097656	 306.0162353515625	 43761.66796875
39386920.0	 269.697265625	 293.45849609375	 41840.96875
39387016.0	 269.1855773925781	 297.16961669921875	 37950.23828125
39387112.0	 267.49053955078125	 293.2962951660156	 38112.6796875
39387204.0	 268.9896545410156	 301.3985290527344	 39457.3046875
39387300.0	 269.50018310546875	 306.146728515625	 41396.59765625
39387396.0	 265.1461181640625	 310.30255126953125	 43259.8203125
39387492.0	 261.22833251953125	 304.3011474609375	 44971.5859375
39387584.0	 271.70147705078125	 300.93707275390625	 38662.0078125
39387680.0	 271.1535339355469	 307.86859130859375	 41056.80078125
39387772.0	 276.00726318359375	 310.3718566894531	 41073.4296875
39387868.0	 276.10845947265625	 302.02777099609375	 38360.140625
39387964.0	 274.6385498046875	 298.0179443359375	 38345.7734375
39388056.0	 278.77685546875	 304.0096740722656	 38730.09375
39388148.0	 276.7453308105469	 303.4716796875	 37572.38671875
39388244.0	 273.2406311035156	 303.02972412109375	 39962.41015625
39388340.0	 271.5252990722656	 314.8519592285156	 40477.62890625
39388436.0	 268.6752014160156	 306.7764587402344	 41763.39453125
39388528.0	 268.3236083984375	 302.08184814453125	 40414.390625
39388624.0	 268.9367370605469	 301.6641540527344	 39157.26171875
39388716.0	 268.2751159667969	 302.8745422363281	 38939.97265625
39388812.0	 266.46343994140625	 303.95147705078125	 46341.41796875
39388908.0	 268.4940490722656	 300.2735290527344	 41709.23046875
39389008.0	 266.32904052734375	 308.4582214355469	 44564.4765625
39389104.0	 263.1376647949219	 303.9207763671875	 42505.85546875
39389196.0	 266.4222106933594	 317.5193176269531	 46635.3359375
39389572.0	 260.9922180175781	 310.9577941894531	 47063.5546875
39389668.0	 265.7352600097656	 305.74896240234375	 41808.0703125
39389760.0	 262.0000915527344	 295.9438781738281	 43072.734375
39389856.0	 260.0439147949219	 289.62384033203125	 40720.375
39389952.0	 258.7583923339844	 298.510986328125	 41927.1953125
39390044.0	 260.8651428222656	 305.2271728515625	 48601.9140625
39390140.0	 260.1690673828125	 291.2327575683594	 40149.2890625
39390232.0	 259.7079772949219	 299.6587219238281	 45244.04296875
39390328.0	 262.3992919921875	 295.2752380371094	 39117.22265625
39390424.0	 259.5149230957031	 293.04986572265625	 41959.05078125
39390516.0	 262.1001892089844	 298.3505554199219	 43367.203125
39390612.0	 262.51690673828125	 295.8083190917969	 43093.1328125
39390708.0	 261.2440185546875	 301.09405517578125	 43915.98828125
39390804.0	 259.18597412109375	 298.336669921875	 42149.5859375
39390896.0	 260.59332275390625	 292.0158386230469	 40330.98046875
39390992.0	 262.81512451171875	 309.22271728515625	 45421.17578125
39391084.0	 259.8724060058594	 294.61004638671875	 40664.35546875
39391180.0	 263.3863830566406	 305.8443298339844	 43833.12109375
39391276.0	 264.90887451171875	 306.1649169921875	 43405.91015625
39391368.0	 263.8336181640625	 305.1814880371094	 43475.265625
39391464.0	 257.6960754394531	 294.2093200683594	 46866.70703125
39391556.0	 255.59136962890625	 289.8515930175781	 41446.55859375
39391652.0	 259.2074890136719	 304.6152648925781	 43950.92578125
39391748.0	 259.1921691894531	 291.0666809082031	 42924.2734375
39391840.0	 261.9036865234375	 297.4614562988281	 42248.671875
39391936.0	 261.5549011230469	 302.6001281738281	 43736.8125
39392032.0	 266.74359130859375	 304.2945556640625	 40696.6484375
39392124.0	 265.9410705566406	 304.2577209472656	 43006.078125
39392220.0	 262.80499267578125	 299.5909729003906	 45597.046875
39392316.0	 263.6533508300781	 292.04241943359375	 38806.421875
39392412.0	 261.2949523925781	 303.9813232421875	 50670.90234375
39392504.0	 266.2171630859375	 301.294189453125	 46512.8203125
39392692.0	 263.7521057128906	 279.3553161621094	 31992.115234375
39392788.0	 261.6270446777344	 297.7205810546875	 43117.71875
39392884.0	 264.7028503417969	 296.7673034667969	 42926.73828125
39392976.0	 260.37445068359375	 302.9195861816406	 47773.3046875
39393068.0	 262.3217468261719	 298.9586486816406	 42957.23828125
39393164.0	 263.13958740234375	 296.35455322265625	 43814.05078125
39393260.0	 261.07110595703125	 288.0527038574219	 42077.34375
39393356.0	 261.166259765625	 297.0817565917969	 46230.51171875
39393448.0	 261.4314880371094	 294.6604919433594	 44116.140625
39393544.0	 260.90985107421875	 294.5806884765625	 42214.8828125
39393636.0	 259.294677734375	 297.38818359375	 43805.70703125
39393732.0	 258.3142395019531	 301.4284362792969	 43383.73828125
39393828.0	 259.830322265625	 301.8392028808594	 42285.3125
39393924.0	 259.32269287109375	 299.318115234375	 43359.62109375
39394016.0	 256.4661865234375	 289.7209777832031	 40131.03125
39394116.0	 255.9606170654297	 300.1781921386719	 43375.796875
39394212.0	 255.7579803466797	 295.5455322265625	 44924.5625
39394304.0	 257.7260437011719	 296.1012878417969	 41780.21875
39394400.0	 256.0013732910156	 302.29327392578125	 43480.33984375
39394492.0	 255.3053436279297	 293.758544921875	 42457.33203125
39394588.0	 258.9915466308594	 296.1845397949219	 42452.125
39394680.0	 258.3731384277344	 296.698486328125	 43984.515625
39394776.0	 256.9190673828125	 308.2647705078125	 48841.23046875
39394872.0	 256.8317565917969	 293.69921875	 42185.37109375
39394968.0	 257.66455078125	 299.8014221191406	 46438.640625
39395060.0	 258.1253356933594	 299.1495056152344	 46733.69921875
39395156.0	 260.03228759765625	 294.85699462890625	 38949.2265625
39395248.0	 259.1888122558594	 280.614501953125	 42290.44140625
39395440.0	 257.0747375488281	 287.8232727050781	 42414.75
39395536.0	 256.3402099609375	 293.67193603515625	 46905.9609375
39395628.0	 258.00335693359375	 301.93829345703125	 42748.62890625
39395816.0	 261.0798034667969	 309.64031982421875	 50876.5234375
39395912.0	 264.5475769042969	 298.0753479003906	 47859.8984375
39396008.0	 261.64227294921875	 289.5895080566406	 41079.48046875
39396104.0	 262.640869140625	 302.8317565917969	 42892.390625
39396196.0	 260.1394348144531	 291.06097412109375	 43065.0
39396292.0	 261.16156005859375	 300.2229919433594	 44519.46484375
39396384.0	 258.4277038574219	 291.85626220703125	 43709.16796875
39396480.0	 260.959716796875	 301.64373779296875	 45423.109375
39396572.0	 259.15283203125	 286.3021240234375	 41535.828125
39396668.0	 260.3868713378906	 288.9262390136719	 45255.0625
39396760.0	 261.5450134277344	 299.9490966796875	 42084.71484375
39396856.0	 259.3149108886719	 294.0975646972656	 42412.48046875
39396952.0	 257.1976318359375	 294.516845703125	 46359.76953125
39397048.0	 257.16168212890625	 288.8106384277344	 40669.46875
39397140.0	 260.2515869140625	 293.4988708496094	 42749.75390625
39397236.0	 260.02508544921875	 294.6962890625	 43649.1875
39397332.0	 259.793212890625	 304.364013671875	 49256.7265625
39397424.0	 263.8045959472656	 312.69500732421875	 47726.0703125
39397520.0	 260.1946716308594	 287.9156494140625	 36082.6953125
39397616.0	 263.711669921875	 310.40032958984375	 48940.01953125
39397708.0	 264.4894104003906	 305.7642517089844	 50928.359375
39397804.0	 268.1023254394531	 298.798828125	 46353.07421875
39397896.0	 272.17657470703125	 294.38031005859375	 43227.39453125
39397992.0	 269.7684326171875	 289.06671142578125	 41722.78125
39398088.0	 263.33087158203125	 298.8874206542969	 45201.671875
39398184.0	 265.7535095214844	 305.005859375	 44813.2890625
39398276.0	 268.1088562011719	 318.0392761230469	 51701.3359375
39398368.0	 270.08624267578125	 294.69342041015625	 42724.328125
39398464.0	 266.96087646484375	 302.2444763183594	 47516.609375
39398560.0	 271.5777893066406	 294.7889099121094	 43596.17578125
39398652.0	 271.512451171875	 289.8946533203125	 43498.234375
39398748.0	 268.8905029296875	 300.14215087890625	 43271.77734375
39398940.0	 269.1447448730469	 308.3666076660156	 58838.6328125
39399032.0	 273.66448974609375	 302.1895446777344	 44343.16796875
39399128.0	 276.11102294921875	 305.113037109375	 44246.48828125
39399220.0	 273.4853210449219	 300.81201171875	 41187.171875
39399316.0	 272.51593017578125	 294.8931579589844	 41741.34375
39399412.0	 274.53070068359375	 300.7255554199219	 41315.6875
39399504.0	 270.30291748046875	 295.4156188964844	 41267.76953125
39399600.0	 270.5280456542969	 306.3485412597656	 41039.5546875
39399696.0	 274.75518798828125	 313.5225524902344	 40385.44921875
39399788.0	 269.43621826171875	 297.9343566894531	 38686.53515625
39399884.0	 265.3166809082031	 304.0054626464844	 42130.4296875
39399976.0	 271.96453857421875	 306.5080871582031	 40110.359375
39400072.0	 272.61376953125	 315.7452087402344	 42595.484375
39400168.0	 271.3558349609375	 305.1088562011719	 39454.9453125
39400260.0	 270.5374450683594	 298.24041748046875	 38428.6484375
39400356.0	 271.580322265625	 307.6037902832031	 40481.69140625
39400452.0	 269.8751525878906	 309.4887390136719	 40890.2578125
39400548.0	 272.32708740234375	 301.8028259277344	 39474.7890625
39400644.0	 268.14727783203125	 305.23095703125	 40416.94140625
39400736.0	 268.0400695800781	 298.56304931640625	 46204.671875
39400832.0	 269.7112121582031	 311.91064453125	 46068.6015625
39400928.0	 272.44354248046875	 311.3267517089844	 42276.66796875
39401020.0	 269.9057922363281	 308.06207275390625	 43292.63671875
39401116.0	 266.94305419921875	 300.87054443359375	 41395.4765625
39401212.0	 267.2760314941406	 311.9651184082031	 44746.0546875
39401304.0	 267.3055725097656	 299.7439880371094	 40535.81640625
39401496.0	 267.62823486328125	 305.3675842285156	 42906.484375
39401588.0	 266.9913330078125	 307.3728942871094	 43338.05859375
39401684.0	 268.57781982421875	 299.9926452636719	 44119.1328125
39401776.0	 269.4474182128906	 309.9485778808594	 42742.47265625
39401872.0	 269.21630859375	 306.7496337890625	 43895.7109375
39402064.0	 270.69573974609375	 295.5015869140625	 39404.26171875
39402156.0	 272.7948913574219	 315.9771423339844	 47445.6953125
39402252.0	 272.8768005371094	 308.370361328125	 42636.89453125
39402344.0	 272.33843994140625	 303.4809875488281	 41717.3125
39402440.0	 272.5712890625	 295.1107482910156	 40923.8203125
39402532.0	 269.98681640625	 301.9750061035156	 42090.46875
39402628.0	 270.8942565917969	 303.36199951171875	 44072.99609375
39402724.0	 274.0780029296875	 308.1678466796875	 41170.359375
39402820.0	 273.0919494628906	 302.36480712890625	 40858.4140625
39402912.0	 272.5494384765625	 304.3289794921875	 41507.54296875
39403008.0	 269.6258239746094	 299.93310546875	 41215.90625
39403100.0	 268.383544921875	 299.99578857421875	 41866.140625
39403196.0	 269.6583557128906	 303.7549133300781	 42344.0390625
39403292.0	 269.0501708984375	 314.0392761230469	 47134.20703125
39403384.0	 276.91015625	 312.3637390136719	 43136.82421875
39403480.0	 274.509521484375	 302.8732604980469	 43677.92578125
39403576.0	 270.9483642578125	 309.60968017578125	 43823.47265625
39403668.0	 265.5546569824219	 298.741455078125	 42254.0234375
39403764.0	 264.3968811035156	 312.5173645019531	 44620.0703125
39403860.0	 267.13250732421875	 308.74884033203125	 44211.24609375
39403956.0	 271.3683166503906	 314.1977844238281	 44599.21484375
39404048.0	 273.9261779785156	 311.0077819824219	 43785.31640625
39404144.0	 268.9057922363281	 300.8739013671875	 43198.22265625
39404236.0	 270.84234619140625	 314.7226867675781	 42441.12890625
39404332.0	 270.35931396484375	 312.6402587890625	 45872.20703125
39404428.0	 268.6502990722656	 313.9135437011719	 44724.22265625
39404520.0	 268.8006896972656	 305.6717224121094	 40638.62890625
39404612.0	 267.8218078613281	 302.3868103027344	 44001.4609375
39404708.0	 266.5622253417969	 306.7154846191406	 42635.03515625
39404804.0	 266.7194519042969	 306.1779479980469	 40448.77734375
39404896.0	 267.8399658203125	 311.4119567871094	 42121.88671875
39404992.0	 265.61212158203125	 301.43743896484375	 41852.46484375
39405184.0	 262.02069091796875	 305.7499694824219	 42920.58203125
39405276.0	 267.7046813964844	 321.6621398925781	 48469.78125
39405372.0	 267.84619140625	 318.2786865234375	 45299.75390625
39405468.0	 270.345947265625	 313.22564697265625	 44327.23828125
39405560.0	 268.9153747558594	 308.8670959472656	 42159.40234375
39405656.0	 265.77020263671875	 311.5408935546875	 44861.0625
39405748.0	 265.10546875	 301.564208984375	 40534.625
39405844.0	 268.413818359375	 319.5953369140625	 42100.55859375
39405940.0	 272.7195129394531	 306.8228759765625	 41836.0546875
39406032.0	 272.07763671875	 298.8734436035156	 41064.203125
39406128.0	 270.2626953125	 304.7309875488281	 43288.24609375
39406224.0	 269.40582275390625	 311.1445617675781	 44336.359375
39406316.0	 266.19525146484375	 304.11004638671875	 48542.7578125
39406412.0	 265.9494934082031	 312.7633056640625	 44061.74609375
39406504.0	 262.0760498046875	 315.5274963378906	 48256.37109375
39406600.0	 264.40899658203125	 314.3188781738281	 42750.72265625
39406696.0	 269.6283264160156	 308.36895751953125	 42231.62890625
39406788.0	 265.8006591796875	 291.28106689453125	 37040.859375
39406884.0	 263.5121765136719	 306.79144287109375	 42984.69140625
39406980.0	 262.7716064453125	 316.76531982421875	 47257.2734375
39407072.0	 263.0854797363281	 314.3395080566406	 46063.6953125
39407168.0	 263.6210021972656	 305.4777526855469	 43568.34375
39407260.0	 264.5440979003906	 305.1498107910156	 41777.77734375
39407356.0	 263.8022155761719	 322.0648193359375	 46905.71484375
39407544.0	 261.589599609375	 307.75372314453125	 43728.34765625
39407640.0	 259.35101318359375	 306.5707702636719	 46526.0
39407736.0	 260.2665710449219	 308.4202880859375	 41207.5625
39407832.0	 262.95428466796875	 307.08148193359375	 40360.40625
39407924.0	 268.3743896484375	 319.3846740722656	 46357.5234375
39408020.0	 267.79345703125	 315.1491394042969	 40549.75390625
39408112.0	 268.0041198730469	 316.6385803222656	 45412.671875
39408304.0	 267.4464416503906	 295.9192810058594	 31858.3046875
39408396.0	 269.969482421875	 319.6885986328125	 41387.953125
39408492.0	 268.3037414550781	 321.8646240234375	 40611.9296875
39408588.0	 268.7668151855469	 312.4248352050781	 42887.46484375
39408680.0	 266.66741943359375	 315.98345947265625	 42676.453125
39408776.0	 267.21630859375	 320.3785400390625	 47913.796875
39408872.0	 265.2255554199219	 319.73974609375	 43996.453125
39408968.0	 265.471923828125	 310.7345886230469	 43585.9140625
39409060.0	 265.512939453125	 306.011474609375	 40886.59765625
39409156.0	 266.4880676269531	 313.598388671875	 42445.45703125
39409248.0	 267.8799743652344	 313.2895202636719	 43597.74609375
39409344.0	 267.29937744140625	 315.45166015625	 42712.421875
39409436.0	 265.8371887207031	 307.7070617675781	 41622.9375
39409532.0	 265.58575439453125	 320.2637023925781	 45039.953125
39409624.0	 265.2647399902344	 309.6043701171875	 40608.1328125
39409720.0	 262.692626953125	 313.0208435058594	 42471.6640625
39409816.0	 261.5166015625	 311.5919189453125	 43643.953125
39409908.0	 261.92657470703125	 311.8473205566406	 44345.37109375
39410004.0	 263.38714599609375	 311.5965576171875	 44499.6171875
39410100.0	 264.089111328125	 316.6436462402344	 42048.6796875
39410192.0	 260.5481262207031	 306.15057373046875	 43525.5625
39410288.0	 262.1197509765625	 308.8470764160156	 40880.68359375
39410384.0	 263.116455078125	 318.82177734375	 43158.73828125
39410480.0	 260.30108642578125	 306.61407470703125	 44563.08203125
39410572.0	 260.5090026855469	 303.7552490234375	 43788.69921875
39410668.0	 261.9754943847656	 308.7928161621094	 43549.421875
39410760.0	 262.95684814453125	 289.80853271484375	 40535.59765625
39410860.0	 260.70001220703125	 292.9775390625	 40835.90625
39410956.0	 263.4241027832031	 298.2229919433594	 42747.0859375
39411048.0	 263.5998229980469	 307.42352294921875	 41750.640625
39411144.0	 269.080078125	 306.94720458984375	 39618.19140625
39411236.0	 273.5072937011719	 312.7394104003906	 41703.76953125
39411428.0	 273.8578186035156	 296.8380126953125	 34465.52734375
39411524.0	 274.8135681152344	 305.21405029296875	 39104.03125
39411616.0	 274.39276123046875	 302.2546081542969	 38182.78515625
39411712.0	 275.7091369628906	 299.3219909667969	 35506.34375
39411808.0	 277.74041748046875	 315.2535400390625	 39649.2734375
39411900.0	 278.0991516113281	 301.14923095703125	 39852.76171875
39411996.0	 277.3538513183594	 311.5517578125	 40536.0546875
39412092.0	 278.7057189941406	 311.59381103515625	 39861.6640625
39412184.0	 279.7377624511719	 317.1476135253906	 37997.27734375
39412280.0	 277.44757080078125	 309.11737060546875	 39566.8125
39412372.0	 274.5849609375	 308.1982727050781	 41009.06640625
39412468.0	 273.9120788574219	 297.2953796386719	 37777.07421875
39412560.0	 276.1073913574219	 307.533935546875	 40555.6015625
39412656.0	 273.8006286621094	 319.5830078125	 47799.86328125
39412748.0	 279.3309631347656	 318.0023193359375	 39898.37890625
39412844.0	 277.9190368652344	 302.58905029296875	 37849.98046875
39412940.0	 281.4090881347656	 320.05401611328125	 41588.17578125
39413036.0	 278.94207763671875	 314.62225341796875	 42618.46484375
39413128.0	 277.4363708496094	 311.9388427734375	 41404.17578125
39413224.0	 276.489501953125	 308.8914489746094	 38621.4765625
39413320.0	 277.52960205078125	 313.3395080566406	 45209.92578125
39413412.0	 277.1820983886719	 311.4652099609375	 42228.6796875
39413604.0	 277.9351501464844	 302.4056701660156	 39253.0234375
39413700.0	 277.0368347167969	 313.8283996582031	 40702.03125
39413792.0	 277.8587646484375	 317.7213439941406	 41975.6484375
39413888.0	 278.79425048828125	 312.99639892578125	 41406.63671875
39413980.0	 277.530029296875	 314.4985046386719	 42599.69921875
39414076.0	 278.20477294921875	 312.76080322265625	 41083.83203125
39414168.0	 279.00018310546875	 321.82965087890625	 43156.08984375
39414264.0	 279.3380126953125	 314.2464904785156	 40332.03125
39414360.0	 279.9947814941406	 330.6109619140625	 40638.5625
39414548.0	 280.2764587402344	 301.32623291015625	 35586.4375
39414644.0	 279.865234375	 312.33538818359375	 42085.56640625
39414736.0	 279.9338684082031	 318.30377197265625	 40989.87109375
39414832.0	 281.7810363769531	 298.4175720214844	 36896.63671875
39414928.0	 282.224365234375	 311.6487731933594	 42757.07421875
39415024.0	 285.52191162109375	 308.7741394042969	 40508.98828125
39415116.0	 281.61065673828125	 315.9290466308594	 42461.6640625
39415212.0	 283.612548828125	 306.3139343261719	 40228.734375
39415304.0	 280.5136413574219	 313.8118591308594	 40583.7578125
39415400.0	 280.2587585449219	 298.8061828613281	 37665.79296875
39415492.0	 282.689453125	 321.7367248535156	 40654.03125
39415588.0	 277.39654541015625	 311.09307861328125	 39606.35546875
39415680.0	 279.4060363769531	 311.0674133300781	 38264.6875
39415776.0	 280.0288391113281	 311.7107849121094	 38949.17578125
39415872.0	 280.7342834472656	 300.26336669921875	 39132.75
39415968.0	 280.92498779296875	 307.57684326171875	 38280.3828125
39416060.0	 281.39300537109375	 321.22772216796875	 40066.53125
39416156.0	 281.8952941894531	 322.5469970703125	 40563.78515625
39416252.0	 283.02349853515625	 303.4032287597656	 37420.71875
39416344.0	 279.69183349609375	 306.5087585449219	 40157.17578125
39416440.0	 280.2954406738281	 310.4339599609375	 40456.53515625
39416536.0	 278.77642822265625	 306.5760192871094	 39799.65234375
39416632.0	 277.13372802734375	 306.5029296875	 41530.78125
39416724.0	 281.8804626464844	 307.0877380371094	 40441.76953125
39416820.0	 278.1002502441406	 309.7275695800781	 37507.5625
39416912.0	 281.4643859863281	 319.3512878417969	 40013.97265625
39417008.0	 281.00079345703125	 321.4312438964844	 40043.1953125
39417100.0	 279.46368408203125	 312.2933349609375	 41110.33984375
39417196.0	 278.5867614746094	 311.8471374511719	 39347.80078125
39417292.0	 278.3383483886719	 306.198486328125	 39120.19921875
39417388.0	 275.4485168457031	 315.9823913574219	 43049.0234375
39417480.0	 279.08087158203125	 309.7464904785156	 41796.53515625
39417668.0	 279.84271240234375	 317.96954345703125	 50917.69921875
39417764.0	 278.1246032714844	 301.7887268066406	 38030.6015625
39417856.0	 278.8011169433594	 303.5828857421875	 40599.0234375
39417952.0	 278.6845397949219	 300.5688171386719	 38745.078125
39418048.0	 276.7374267578125	 307.8806457519531	 41583.67578125
39418140.0	 276.6225891113281	 314.34173583984375	 40085.34765625
39418236.0	 281.2212219238281	 320.63348388671875	 39882.7578125
39418332.0	 277.52325439453125	 309.76055908203125	 40020.21484375
39418428.0	 279.5845031738281	 318.6138000488281	 41791.53125
39418520.0	 279.2904968261719	 303.7239074707031	 40226.1171875
39418616.0	 278.2674255371094	 307.34722900390625	 38710.1015625
39418712.0	 277.1502990722656	 319.2814025878906	 42581.46875
39418804.0	 279.865966796875	 317.84930419921875	 40188.04296875
39418900.0	 279.9980163574219	 317.544677734375	 41011.21484375
39418996.0	 277.55218505859375	 302.94122314453125	 38771.80859375
39419088.0	 279.33502197265625	 318.4282531738281	 40483.484375
39419184.0	 276.8688049316406	 312.45733642578125	 45316.6484375
39419276.0	 282.0996398925781	 312.9107360839844	 41103.9140625
39419372.0	 283.93524169921875	 312.0223388671875	 38869.8828125
39419464.0	 282.24176025390625	 300.62213134765625	 36909.34375
39419652.0	 283.8735046386719	 310.1028747558594	 38844.546875
39419748.0	 283.26483154296875	 306.1468200683594	 39108.703125
39419844.0	 286.8075866699219	 297.5997619628906	 35208.76953125
39419940.0	 285.5749816894531	 306.30120849609375	 38264.3359375
39420032.0	 285.15728759765625	 306.3218688964844	 41622.83203125
39420128.0	 285.80889892578125	 303.7851257324219	 40668.6484375
39420224.0	 285.13824462890625	 301.0314025878906	 40782.88671875
39420316.0	 286.50482177734375	 308.0231018066406	 43154.765625
39420412.0	 285.4392395019531	 296.8524169921875	 41084.92578125
39420508.0	 281.87103271484375	 300.02581787109375	 40544.22265625
39420600.0	 283.3062438964844	 315.0943908691406	 46198.55078125
39420792.0	 284.5889892578125	 292.0172119140625	 35398.2578125
39420884.0	 282.1281433105469	 307.89068603515625	 41898.73046875
39420980.0	 281.676025390625	 304.26806640625	 43358.61328125
39421072.0	 281.9905090332031	 315.1441650390625	 47946.5546875
39421168.0	 283.786865234375	 301.38946533203125	 39785.12109375
39421264.0	 281.3370056152344	 302.0421142578125	 39630.20703125
39421356.0	 282.2807312011719	 308.4613952636719	 41212.140625
39421452.0	 282.9922180175781	 315.6876220703125	 43198.66796875
39421548.0	 283.29437255859375	 304.4271240234375	 39770.953125
39421644.0	 281.92498779296875	 297.4580383300781	 39367.953125
39421736.0	 281.75079345703125	 304.47064208984375	 42491.28515625
39421832.0	 282.0739440917969	 296.28912353515625	 37055.37109375
39421928.0	 282.9180908203125	 304.765869140625	 40988.640625
39422020.0	 282.1116943359375	 307.37860107421875	 42398.34375
39422116.0	 281.58587646484375	 308.29766845703125	 41582.765625
39422208.0	 281.88232421875	 306.66229248046875	 41959.36328125
39422304.0	 282.1573791503906	 306.89813232421875	 43065.3203125
39422396.0	 281.76092529296875	 299.3707580566406	 39714.76953125
39422492.0	 280.8380126953125	 304.8591613769531	 40460.37109375
39422588.0	 281.4261169433594	 307.2604675292969	 44174.109375
39422684.0	 281.84490966796875	 307.9151916503906	 42806.9609375
39422776.0	 281.34649658203125	 300.9619445800781	 40599.41015625
39422872.0	 280.11083984375	 299.4517822265625	 39005.234375
39422968.0	 280.0811767578125	 305.0828857421875	 41280.61328125
39423060.0	 279.63812255859375	 302.08319091796875	 39963.5390625
39423156.0	 279.81976318359375	 294.90557861328125	 39207.0625
39423252.0	 279.6900329589844	 302.6609802246094	 40512.953125
39423348.0	 279.7555236816406	 303.07904052734375	 39682.30078125
39423440.0	 280.6315612792969	 303.88812255859375	 40199.51171875
39423536.0	 279.34759521484375	 301.3081970214844	 39533.73046875
39423628.0	 280.43035888671875	 299.2324523925781	 41399.44140625
39423724.0	 282.72589111328125	 303.4507141113281	 40022.640625
39423912.0	 282.6026611328125	 290.7989501953125	 36251.31640625
39424008.0	 280.7901916503906	 302.2053527832031	 40830.3046875
39424100.0	 279.4598388671875	 321.51715087890625	 52092.3359375
39424192.0	 282.3743896484375	 300.391845703125	 40678.625
39424288.0	 281.73248291015625	 304.412841796875	 42237.734375
39424384.0	 282.0569763183594	 307.8121337890625	 39954.39453125
39424480.0	 279.6385803222656	 301.8906555175781	 40431.0390625
39424572.0	 275.8607482910156	 305.716064453125	 45048.765625
39424668.0	 276.3653259277344	 292.686767578125	 39871.07421875
39424764.0	 274.71307373046875	 297.1075744628906	 40881.13671875
39424856.0	 275.8684997558594	 297.0865783691406	 40438.0390625
39424952.0	 275.9620666503906	 302.02337646484375	 42107.27734375
39425048.0	 272.6849670410156	 302.4181213378906	 41743.24609375
39425140.0	 274.77215576171875	 302.87432861328125	 41313.97265625
39425236.0	 271.3839111328125	 294.15472412109375	 42536.046875
39425332.0	 271.7293701171875	 296.2290344238281	 43147.9453125
39425424.0	 273.5362243652344	 303.0336608886719	 41831.43359375
39425520.0	 274.7084045410156	 296.57379150390625	 40644.328125
39425708.0	 270.8421936035156	 308.3168640136719	 51927.94140625
39425804.0	 277.12762451171875	 308.5500183105469	 42281.25
39425896.0	 278.09332275390625	 306.9100341796875	 41059.84375
39425992.0	 279.1856994628906	 310.2805480957031	 44966.265625
39426088.0	 280.3919372558594	 308.6596984863281	 39988.91015625
39426180.0	 281.7377014160156	 304.7406921386719	 40679.41796875
39426276.0	 282.641845703125	 307.0069580078125	 40081.66015625
39426372.0	 281.4054870605469	 312.4429626464844	 40821.55078125
39426468.0	 282.0469055175781	 310.5328369140625	 40650.34375
39426560.0	 280.7745056152344	 305.7611999511719	 39988.765625
39426656.0	 280.6929626464844	 303.40325927734375	 38756.86328125
39426752.0	 280.38690185546875	 301.26336669921875	 41195.11328125
39426844.0	 279.91082763671875	 301.51544189453125	 39323.859375
39427032.0	 279.7793273925781	 306.6738586425781	 40638.921875
39427128.0	 280.6514892578125	 310.2934265136719	 41770.34765625
39427220.0	 280.47015380859375	 310.77728271484375	 38936.35546875
39427316.0	 280.0408630371094	 316.19415283203125	 40525.6796875
39427412.0	 279.7170715332031	 310.9521484375	 38124.4296875
39427508.0	 279.063720703125	 310.397705078125	 39815.3046875
39427600.0	 281.22528076171875	 306.6197814941406	 39768.12890625
39427692.0	 282.1034851074219	 302.63739013671875	 41183.046875
39427784.0	 280.73907470703125	 309.0599670410156	 43667.19921875
39427884.0	 280.9642028808594	 316.8831481933594	 39890.92578125
39427976.0	 280.0577087402344	 302.766845703125	 37741.1953125
39428072.0	 277.9287414550781	 311.6432189941406	 44220.53125
39428164.0	 277.8713684082031	 301.5091552734375	 41862.32421875
39428260.0	 274.1908264160156	 307.443603515625	 41904.97265625
39428352.0	 275.56231689453125	 302.5069885253906	 38874.390625
39428448.0	 276.9410400390625	 299.521484375	 39583.52734375
39428544.0	 279.2030944824219	 308.6492004394531	 44138.6328125
39428640.0	 280.3547058105469	 302.9056701660156	 41644.39453125
39428732.0	 281.3548889160156	 301.4251403808594	 43086.50390625
39428828.0	 279.95233154296875	 298.71661376953125	 44273.71875
39428920.0	 281.5752868652344	 306.6915283203125	 40959.3359375
39429016.0	 282.0608825683594	 292.7583312988281	 38699.44921875
39429112.0	 280.24920654296875	 312.0655517578125	 39303.40625
39429204.0	 282.9347229003906	 309.3783264160156	 39329.0625
39429300.0	 279.96307373046875	 309.60174560546875	 43151.609375
39429392.0	 278.6253662109375	 297.41082763671875	 38692.41015625
39429492.0	 278.6551513671875	 306.05780029296875	 40538.59765625
39429584.0	 277.5694885253906	 312.7522277832031	 48729.61328125
39429680.0	 281.57659912109375	 313.4767761230469	 38017.5625
39429772.0	 281.36968994140625	 315.5666809082031	 39461.2734375
39429868.0	 280.841552734375	 313.3304138183594	 38026.80078125
39429964.0	 280.3562927246094	 315.4461364746094	 38601.1484375
39430152.0	 281.7740783691406	 310.307373046875	 35740.5078125
39430248.0	 284.4766540527344	 315.5110778808594	 39076.8046875
39430340.0	 282.2788391113281	 308.0608825683594	 40081.8515625
39430436.0	 279.3036193847656	 300.22735595703125	 36414.84375
39430528.0	 265.62396240234375	 292.1377868652344	 45109.11328125
39430624.0	 271.37396240234375	 299.90423583984375	 40581.984375
39430716.0	 274.2085266113281	 312.46502685546875	 41722.14453125
39430812.0	 272.9087219238281	 308.702392578125	 45780.83203125
39430908.0	 273.98968505859375	 301.2028503417969	 42548.44140625
39431004.0	 273.9160461425781	 298.79937744140625	 39233.34765625
39431096.0	 275.8466796875	 298.40582275390625	 38473.74609375
39431192.0	 275.69635009765625	 309.6054992675781	 42512.046875
39431288.0	 273.8639221191406	 302.3331298828125	 40174.89453125
39431380.0	 273.52020263671875	 308.34271240234375	 44678.14453125
39431476.0	 273.9912414550781	 307.43634033203125	 37759.09375
39431568.0	 273.4120788574219	 305.3550109863281	 39372.71875
39431756.0	 273.22100830078125	 311.5385437011719	 42437.8515625
39431852.0	 273.99139404296875	 308.9364013671875	 40113.4609375
39431948.0	 274.68377685546875	 306.6409606933594	 41139.14453125
39432044.0	 273.0207824707031	 303.5658874511719	 39956.84375
39432136.0	 273.9433288574219	 304.4878234863281	 39067.02734375
39432232.0	 274.5721740722656	 310.4044189453125	 40741.63671875
39432328.0	 269.2531433105469	 297.9280700683594	 39031.98046875
39432420.0	 270.2117614746094	 302.06939697265625	 43836.60546875
39432516.0	 278.7148742675781	 306.92266845703125	 37323.140625
39432608.0	 278.1209411621094	 316.0249938964844	 38131.9375
39432704.0	 275.35400390625	 305.7879943847656	 36138.3359375
39432800.0	 278.7208251953125	 314.5301818847656	 39857.0859375
39432896.0	 277.06219482421875	 302.1590270996094	 40762.328125
39432988.0	 276.9451904296875	 303.6999816894531	 42960.98046875
39433084.0	 277.34014892578125	 300.0191955566406	 38578.9765625
39433272.0	 277.114501953125	 298.8572692871094	 33234.2890625
39433368.0	 277.7261962890625	 311.7301940917969	 41961.46875
39433460.0	 277.8351745605469	 300.6351318359375	 38625.91796875
39433556.0	 278.3250732421875	 301.4590759277344	 40606.89453125
39433652.0	 278.9466247558594	 311.743408203125	 41138.8203125
39433744.0	 278.05908203125	 312.1485290527344	 42847.01953125
39433840.0	 277.84368896484375	 301.4676208496094	 43112.125
39433936.0	 278.38861083984375	 308.56561279296875	 42148.19140625
39434028.0	 281.7803649902344	 316.322021484375	 42129.03125
39434124.0	 282.0440979003906	 318.820556640625	 43430.2109375
39434216.0	 276.65594482421875	 313.25274658203125	 42684.25
39434312.0	 274.9199523925781	 313.8551330566406	 43078.16015625
39434408.0	 275.5587158203125	 306.7646179199219	 40305.01953125
39434504.0	 280.2434387207031	 314.1764831542969	 41975.67578125
39434596.0	 277.307861328125	 309.07574462890625	 38028.42578125
39434692.0	 277.6783447265625	 309.06280517578125	 39828.88671875
39434784.0	 278.5318603515625	 304.5942077636719	 40297.67578125
39434880.0	 277.08587646484375	 305.3747863769531	 39600.13671875
39434976.0	 277.0339050292969	 315.4526062011719	 41183.8828125
39435068.0	 276.4959411621094	 303.9779052734375	 39024.29296875
39435164.0	 276.04119873046875	 304.5582275390625	 40876.44140625
39435260.0	 277.0516662597656	 308.39642333984375	 40606.93359375
39435352.0	 275.7276306152344	 298.239990234375	 40983.98828125
39435448.0	 276.1531677246094	 304.7516784667969	 42224.90625
39435544.0	 275.19903564453125	 312.36041259765625	 45828.62890625
39435636.0	 276.16534423828125	 310.5148620605469	 40039.98046875
39435732.0	 276.4901428222656	 306.0630798339844	 38520.1171875
39435824.0	 274.7585144042969	 301.7862548828125	 39614.36328125
39435920.0	 276.47186279296875	 309.9606018066406	 39820.33203125
39436016.0	 275.7803649902344	 306.8992614746094	 37794.6015625
39436112.0	 276.0859069824219	 308.3264465332031	 39118.6953125
39436204.0	 276.0142822265625	 304.47003173828125	 41490.828125
39436396.0	 274.750244140625	 305.9406433105469	 47285.37109375
39436488.0	 276.8077392578125	 306.8798522949219	 41877.77734375
39436584.0	 276.0085754394531	 315.0660705566406	 42425.51953125
39436676.0	 276.7322082519531	 310.47589111328125	 41411.01171875
39436772.0	 275.6593933105469	 311.64996337890625	 39725.99609375
39436868.0	 275.8135986328125	 314.0650939941406	 40667.7421875
39436960.0	 274.3222961425781	 313.281005859375	 41146.78515625
39437056.0	 274.8179931640625	 319.18505859375	 41947.51953125
39437152.0	 275.2763366699219	 321.0030212402344	 42204.59375
39437244.0	 275.54656982421875	 314.88922119140625	 39775.29296875
39437340.0	 276.7073059082031	 326.35595703125	 42601.11328125
39437432.0	 276.0283508300781	 318.1880187988281	 43418.3046875
39437528.0	 278.0338439941406	 324.0315246582031	 42344.90234375
39437624.0	 283.1039733886719	 329.04925537109375	 40304.4140625
39437816.0	 281.06683349609375	 325.7163391113281	 40515.07421875
39437908.0	 277.9097900390625	 313.1204833984375	 41296.1640625
39438004.0	 276.45001220703125	 315.564697265625	 39946.2578125
39438092.0	 282.7413635253906	 310.93310546875	 36924.6015625
39438188.0	 278.46295166015625	 318.2263488769531	 48319.01171875
39438284.0	 280.90521240234375	 330.579833984375	 40548.06640625
39438376.0	 287.59613037109375	 322.6600341796875	 38238.3515625
39438472.0	 289.0361022949219	 314.55523681640625	 36517.9765625
39438568.0	 289.09027099609375	 344.1613464355469	 40317.6484375
39438660.0	 293.8323059082031	 317.22149658203125	 36540.5
39438756.0	 286.0284729003906	 323.8421630859375	 39642.08203125
39438848.0	 285.8902282714844	 317.84130859375	 36644.578125
39438944.0	 285.0160827636719	 321.055419921875	 38455.54296875
39439036.0	 283.6854553222656	 323.204833984375	 38053.4765625
39439132.0	 280.494873046875	 322.0690002441406	 39861.62109375
39439228.0	 285.926513671875	 331.9405822753906	 40485.51171875
39439324.0	 287.5470886230469	 322.01678466796875	 35761.59375
39439512.0	 283.9305725097656	 302.2967224121094	 32437.185546875
39439608.0	 280.8879699707031	 322.4389953613281	 39375.359375
39439700.0	 284.5506591796875	 320.4877014160156	 38488.8828125
39439796.0	 283.79046630859375	 322.8011779785156	 38771.18359375
39439892.0	 282.95941162109375	 319.12127685546875	 37574.20703125
39439984.0	 282.8648681640625	 311.08404541015625	 38021.83984375
39440080.0	 284.3491516113281	 320.2902526855469	 38693.203125
39440176.0	 283.4871520996094	 315.2701416015625	 38591.56640625
39440268.0	 284.1761169433594	 320.2869567871094	 38760.81640625
39440364.0	 283.38275146484375	 312.8348083496094	 37748.77734375
39440456.0	 282.8321228027344	 320.04412841796875	 37851.8359375
39440552.0	 282.483154296875	 320.3465270996094	 40365.12109375
39440644.0	 283.0679626464844	 319.76263427734375	 38081.58203125
39440740.0	 283.4103698730469	 321.906982421875	 38027.765625
39440840.0	 282.76165771484375	 317.82086181640625	 38109.4296875
39440932.0	 282.9664611816406	 323.0052795410156	 38770.78125
39441028.0	 283.45361328125	 320.35003662109375	 36847.4765625
39441120.0	 284.5116271972656	 323.9499816894531	 39373.4921875
39441216.0	 284.8072509765625	 321.3723449707031	 38037.28515625
39441308.0	 283.1673889160156	 334.1120910644531	 44839.296875
39441404.0	 284.28485107421875	 325.9423522949219	 37377.22265625
39441500.0	 283.66998291015625	 325.41876220703125	 40244.1875
39441592.0	 286.2108459472656	 329.3661193847656	 40309.33984375
39441688.0	 287.515625	 320.5694580078125	 36570.28515625
39441784.0	 287.20477294921875	 326.05010986328125	 39117.0234375
39441876.0	 284.7850036621094	 325.1646423339844	 38768.5703125
39441972.0	 284.34771728515625	 326.1230163574219	 39720.2890625
39442068.0	 284.75579833984375	 318.3667907714844	 36203.31640625
39442160.0	 284.40789794921875	 325.46954345703125	 41034.73828125
39442256.0	 285.5578918457031	 326.7684020996094	 39919.97265625
39442348.0	 289.29278564453125	 328.289794921875	 39120.24609375
39442444.0	 290.03814697265625	 326.41204833984375	 37826.8671875
39442636.0	 286.11187744140625	 320.8261413574219	 34556.734375
39442728.0	 288.14593505859375	 326.7810363769531	 37201.58984375
39442824.0	 287.982666015625	 320.834716796875	 37161.10546875
39442916.0	 287.2911682128906	 326.1727294921875	 39561.2578125
39443012.0	 289.4123229980469	 328.5457458496094	 38641.3125
39443108.0	 289.67724609375	 322.4988098144531	 36591.0546875
39443200.0	 290.6552429199219	 324.2018127441406	 38261.25390625
39443296.0	 289.6158752441406	 328.80645751953125	 37459.8515625
39443392.0	 288.10028076171875	 320.0089111328125	 38383.1328125
39443484.0	 289.33856201171875	 326.0937194824219	 38921.6796875
39443580.0	 288.6727294921875	 319.0215759277344	 36769.39453125
39443676.0	 289.2629089355469	 321.9350891113281	 37978.0703125
39443864.0	 288.3487548828125	 315.1827087402344	 36267.56640625
39443960.0	 289.5932312011719	 319.7904052734375	 37099.7890625
39444056.0	 288.7470397949219	 321.20556640625	 36574.9921875
39444148.0	 287.9342956542969	 328.7210998535156	 37663.15234375
39444244.0	 286.9755554199219	 323.29901123046875	 37905.3203125
39444336.0	 288.4188232421875	 328.0865478515625	 40027.328125
39444428.0	 290.8321228027344	 320.42034912109375	 37145.45703125
39444520.0	 291.1932678222656	 319.1929931640625	 37542.78515625
39444616.0	 288.2025146484375	 318.435791015625	 39558.3046875
39444712.0	 287.491455078125	 327.14886474609375	 37896.33203125
39444808.0	 287.7828369140625	 319.02392578125	 36550.51171875
39444904.0	 286.467041015625	 319.17047119140625	 37183.8046875
39444996.0	 284.8323974609375	 311.92156982421875	 37018.92578125
39445092.0	 287.27728271484375	 324.6123046875	 37740.7734375
39445184.0	 282.37261962890625	 318.2431945800781	 38304.93359375
39445280.0	 281.5895080566406	 311.3204345703125	 39077.09765625
39445372.0	 277.0793151855469	 308.8724060058594	 40576.37109375
39445468.0	 274.18536376953125	 300.75921630859375	 40714.00390625
39445564.0	 275.88018798828125	 313.83648681640625	 42720.765625
39445756.0	 276.0464782714844	 305.5054626464844	 34142.1640625
39445848.0	 276.25701904296875	 313.3219909667969	 39797.76171875
39445944.0	 273.8979797363281	 308.5721435546875	 40788.109375
39446036.0	 273.0979309082031	 312.6833190917969	 40680.4296875
39446132.0	 272.5376281738281	 306.0343017578125	 38548.73046875
