START:	 56.30000000000053
END:	 56.40000000000053

r [km]	 vr [km/s]	 np [cm-3]	 T [K]
39167968.0	 298.5264892578125	 523.0302734375	 74885.2734375
39168060.0	 299.0800476074219	 519.0565795898438	 70858.53125
39168148.0	 298.59722900390625	 516.7926635742188	 71691.3984375
39168240.0	 298.5224914550781	 514.3604736328125	 69829.9140625
39168324.0	 297.8135986328125	 518.6270141601562	 72233.6015625
39168420.0	 297.8565673828125	 523.6065063476562	 70639.046875
39168504.0	 297.568359375	 518.2233276367188	 69993.8515625
39168592.0	 297.9327087402344	 521.0865478515625	 69362.796875
39168684.0	 296.3769226074219	 525.4260864257812	 74332.734375
39168772.0	 296.68218994140625	 513.893798828125	 70611.96875
39168864.0	 296.5555725097656	 523.5106201171875	 70136.1484375
39168952.0	 296.3535461425781	 529.4501953125	 72370.546875
39169044.0	 295.9505310058594	 530.01611328125	 72470.6171875
39169132.0	 295.3805847167969	 529.6090087890625	 72283.8125
39169224.0	 296.1654968261719	 525.8485717773438	 70051.765625
39169312.0	 295.7843933105469	 528.60107421875	 73025.46875
39169400.0	 295.9115905761719	 528.7422485351562	 73627.6796875
39169488.0	 296.1325378417969	 523.536376953125	 72456.7734375
39169580.0	 295.5295104980469	 525.5767211914062	 72359.3046875
39169668.0	 295.59051513671875	 526.6226806640625	 71920.359375
39169760.0	 295.00531005859375	 528.243408203125	 72197.4921875
39169848.0	 295.3743896484375	 524.2833862304688	 70678.1953125
39169940.0	 295.03277587890625	 522.5975952148438	 71137.2265625
39170120.0	 294.45538330078125	 524.5128173828125	 71552.40625
39170208.0	 295.234619140625	 542.1790161132812	 76760.0625
39170300.0	 300.720947265625	 527.4254150390625	 71705.3984375
39170388.0	 299.2893371582031	 502.19354248046875	 66843.921875
39170480.0	 293.5535888671875	 532.9132690429688	 70483.6484375
39170568.0	 291.3040466308594	 538.338623046875	 77268.6328125
39170660.0	 298.3069152832031	 517.1515502929688	 67789.171875
39170748.0	 296.2250061035156	 521.5025024414062	 70843.6640625
39170840.0	 296.4863586425781	 526.449951171875	 70990.1015625
39170928.0	 297.7049255371094	 525.3408813476562	 72387.21875
39171016.0	 297.7071228027344	 518.7533569335938	 67073.2265625
39171108.0	 297.5995178222656	 541.4114379882812	 71461.09375
39171200.0	 298.61236572265625	 521.0105590820312	 68442.234375
39171284.0	 299.59429931640625	 518.5564575195312	 68920.078125
39171376.0	 298.6564025878906	 516.2423095703125	 68817.5859375
39171468.0	 298.9762268066406	 523.947021484375	 70107.5234375
39171556.0	 299.1898498535156	 520.1765747070312	 68116.8359375
39171644.0	 299.27392578125	 518.6539306640625	 66711.65625
39171736.0	 299.3598327636719	 519.6510009765625	 69223.828125
39171824.0	 299.05133056640625	 520.6840209960938	 70983.578125
39171912.0	 299.0846252441406	 517.6805419921875	 68150.828125
39172004.0	 298.7029113769531	 526.945068359375	 74485.609375
39172088.0	 299.55157470703125	 518.0521240234375	 70602.40625
39172184.0	 299.5389099121094	 515.8682861328125	 68523.375
39172272.0	 299.5730895996094	 513.4369506835938	 67254.0234375
39172364.0	 299.54730224609375	 518.97119140625	 68603.234375
39172448.0	 299.6235656738281	 514.7810668945312	 66849.7265625
39172540.0	 299.51348876953125	 520.7754516601562	 69760.6171875
39172628.0	 299.6665344238281	 518.8990478515625	 66774.21875
39172720.0	 298.9340515136719	 526.6036987304688	 71679.9375
39172808.0	 299.14996337890625	 523.1340942382812	 70404.7734375
39172900.0	 298.9146423339844	 524.260498046875	 70864.171875
39173080.0	 298.8075866699219	 519.1716918945312	 68521.96875
39173168.0	 299.3643493652344	 526.1520385742188	 68640.0703125
39173260.0	 299.19708251953125	 518.7536010742188	 68239.859375
39173348.0	 299.1809387207031	 519.6229858398438	 68774.265625
39173440.0	 298.6443176269531	 524.83349609375	 70342.2890625
39173528.0	 298.6692810058594	 521.8497924804688	 68612.953125
39173620.0	 298.2243957519531	 520.0206909179688	 67460.2265625
39173708.0	 297.7425842285156	 518.1885375976562	 66259.3203125
39173800.0	 297.1416320800781	 522.3236083984375	 68330.2421875
39173888.0	 296.5304870605469	 526.6043701171875	 68960.6171875
39173976.0	 296.8919677734375	 516.7168579101562	 66611.1875
39174064.0	 296.2956848144531	 528.7210083007812	 71226.0
39174156.0	 295.5894775390625	 527.14697265625	 70703.65625
39174244.0	 296.38909912109375	 520.2097778320312	 69724.1953125
39174336.0	 296.556640625	 521.4586791992188	 72563.3984375
39174424.0	 296.7431640625	 515.4205932617188	 68988.1796875
39174516.0	 295.5465393066406	 524.3409423828125	 68662.4296875
39174604.0	 295.4576721191406	 524.2227172851562	 69491.3125
39174692.0	 296.1832580566406	 524.5068969726562	 68407.2890625
39174784.0	 296.17681884765625	 523.8467407226562	 68792.359375
39174872.0	 295.92120361328125	 529.2034301757812	 68784.2734375
39174964.0	 295.7951965332031	 534.5026245117188	 72132.4375
39175052.0	 295.8365173339844	 520.7144165039062	 67287.1171875
39175144.0	 295.6847229003906	 534.2722778320312	 74697.7890625
39175232.0	 296.29071044921875	 523.4610595703125	 69894.1484375
39175324.0	 297.7184143066406	 523.2774047851562	 69790.7265625
39175408.0	 298.2779541015625	 522.5974731445312	 67193.8828125
39175500.0	 297.6476745605469	 527.3683471679688	 70260.1796875
39175588.0	 298.1492004394531	 517.7874145507812	 66488.34375
39175680.0	 297.6690673828125	 520.5599365234375	 69284.90625
39175768.0	 297.2323303222656	 527.9326171875	 69785.9609375
39175864.0	 297.95245361328125	 518.8486328125	 68676.5859375
39176044.0	 297.513916015625	 516.07568359375	 68409.875
39176128.0	 297.88262939453125	 517.7786254882812	 69853.7890625
39176220.0	 297.7146911621094	 519.6759643554688	 69591.2890625
39176308.0	 298.02191162109375	 521.5464477539062	 68198.921875
39176400.0	 297.96929931640625	 518.4818725585938	 69338.5859375
39176488.0	 296.2143859863281	 513.885498046875	 68596.5
39176580.0	 294.39996337890625	 522.4514770507812	 70750.6796875
39176664.0	 293.4403381347656	 524.0250854492188	 71762.40625
39176760.0	 293.3925476074219	 523.0938110351562	 71905.3203125
39176848.0	 294.0373229980469	 521.5086059570312	 69563.609375
39176936.0	 294.1027526855469	 521.9879150390625	 71024.046875
39177024.0	 294.3154296875	 529.3497314453125	 71893.3515625
39177116.0	 294.5539245605469	 527.3582763671875	 71230.6484375
39177204.0	 294.38165283203125	 529.4381713867188	 70526.921875
39177292.0	 294.1618957519531	 525.9752807617188	 69158.546875
39177384.0	 293.3363952636719	 526.4939575195312	 70445.0390625
39177472.0	 293.39898681640625	 518.1602172851562	 69628.125
39177564.0	 293.2286682128906	 517.5872802734375	 70482.3046875
39177652.0	 293.01544189453125	 524.67529296875	 70523.8515625
39177744.0	 292.85791015625	 522.38671875	 69195.875
39177832.0	 292.80145263671875	 520.3873291015625	 72064.0078125
39177924.0	 293.0152587890625	 526.6544799804688	 73657.5703125
39178012.0	 292.9743957519531	 528.1727294921875	 75814.5234375
39178104.0	 293.09918212890625	 529.0703735351562	 74019.7421875
39178188.0	 292.81011962890625	 522.1082763671875	 73126.109375
39178284.0	 293.1383361816406	 519.4473876953125	 70984.5078125
39178372.0	 293.14111328125	 527.581298828125	 73675.6328125
39178464.0	 293.7055969238281	 527.6699829101562	 71017.859375
39178548.0	 293.35491943359375	 528.0784912109375	 72663.6875
39178644.0	 293.6035461425781	 524.0336303710938	 68247.59375
39178728.0	 292.2735595703125	 521.3004760742188	 69565.625
39178824.0	 291.5449523925781	 522.3492431640625	 74055.0078125
39179004.0	 292.5784606933594	 513.1812744140625	 65763.3046875
39179088.0	 292.20269775390625	 518.9873046875	 67000.734375
39179180.0	 292.58837890625	 527.997802734375	 68955.4453125
39179268.0	 292.7628173828125	 531.9064331054688	 68151.6015625
39179360.0	 293.52783203125	 526.6693115234375	 67421.8984375
39179448.0	 292.31219482421875	 526.3291015625	 68976.1171875
39179536.0	 293.4580383300781	 523.1551513671875	 67253.3984375
39179628.0	 293.0695495605469	 521.3627319335938	 67765.21875
39179716.0	 292.6463317871094	 522.5575561523438	 67272.84375
39179808.0	 293.6866149902344	 514.7818603515625	 64682.64453125
39179896.0	 293.16156005859375	 517.6013793945312	 67773.7578125
39179984.0	 293.71136474609375	 513.6112670898438	 64062.51171875
39180076.0	 293.0246276855469	 515.9672241210938	 68108.1015625
39180164.0	 294.0605773925781	 504.23779296875	 66823.9375
39180252.0	 293.2369079589844	 518.17138671875	 69002.703125
39180344.0	 293.3589782714844	 519.7321166992188	 69258.6484375
39180432.0	 293.7072448730469	 524.336181640625	 69214.859375
39180524.0	 293.8370056152344	 518.50439453125	 68387.90625
39180612.0	 293.6558532714844	 518.0546264648438	 67507.84375
39180704.0	 293.30047607421875	 519.4769287109375	 70748.3203125
39180792.0	 293.1771240234375	 521.9368896484375	 69285.125
39180884.0	 293.85772705078125	 519.7234497070312	 67463.15625
39180972.0	 294.0338439941406	 520.8120727539062	 69871.875
39181064.0	 294.2236633300781	 524.6221923828125	 68731.8515625
39181152.0	 294.4107971191406	 521.2706298828125	 68187.65625
39181244.0	 295.072021484375	 516.4618530273438	 68533.3984375
39181332.0	 294.77960205078125	 516.1153564453125	 68648.296875
39181424.0	 294.99896240234375	 512.68701171875	 66286.234375
39181512.0	 293.978759765625	 514.4951171875	 65675.90625
39181600.0	 294.1250305175781	 514.904052734375	 68599.1171875
39181688.0	 294.2159118652344	 514.571044921875	 67421.7578125
39181776.0	 293.67132568359375	 518.3341064453125	 67834.21875
39181960.0	 294.9789123535156	 513.15283203125	 66651.1953125
39182048.0	 294.44793701171875	 521.5142822265625	 66860.1640625
39182136.0	 294.2580261230469	 518.9339599609375	 68274.203125
39182228.0	 294.19921875	 520.6536254882812	 69080.078125
39182316.0	 293.9190368652344	 522.4656372070312	 68273.84375
39182408.0	 293.850341796875	 520.1961669921875	 66703.2421875
39182496.0	 293.0572509765625	 516.6467895507812	 66094.9921875
39182588.0	 292.6672058105469	 522.3840942382812	 68799.0234375
39182676.0	 292.93218994140625	 521.1381225585938	 68389.9453125
39182768.0	 292.96783447265625	 529.0691528320312	 67647.3359375
39182856.0	 292.259765625	 526.5574340820312	 68120.3359375
39182948.0	 293.2080078125	 531.27294921875	 68539.1796875
39183032.0	 292.3765869140625	 522.8801879882812	 68839.546875
39183124.0	 292.47552490234375	 528.1100463867188	 67582.734375
39183212.0	 293.6410827636719	 527.0621337890625	 67269.25
39183308.0	 293.036376953125	 519.7344360351562	 64513.453125
39183396.0	 291.78814697265625	 519.435546875	 66125.0078125
39183488.0	 292.4122009277344	 523.6725463867188	 68160.8828125
39183572.0	 293.2091369628906	 517.5042114257812	 62681.4921875
39183664.0	 293.5016784667969	 519.76904296875	 63872.65234375
39183752.0	 293.85394287109375	 506.290283203125	 59730.9296875
39183840.0	 293.2027587890625	 508.45556640625	 60806.2421875
39183932.0	 293.3177185058594	 497.95428466796875	 61671.69140625
39184020.0	 293.1935119628906	 496.5802307128906	 61328.73828125
39184112.0	 293.3392333984375	 520.853759765625	 62221.36328125
39184200.0	 292.7601013183594	 517.0625	 60009.75390625
39184292.0	 291.72454833984375	 531.0484008789062	 64952.30859375
39184380.0	 291.3821716308594	 523.67724609375	 62069.55078125
39184472.0	 290.7364501953125	 529.5621337890625	 63160.71875
39184560.0	 290.6683349609375	 528.4545288085938	 62991.2578125
39184652.0	 290.6578674316406	 533.2695922851562	 65753.84375
39184740.0	 290.4906311035156	 531.0745239257812	 64612.390625
39184916.0	 289.9827575683594	 527.8264770507812	 64902.63671875
39185008.0	 289.6468811035156	 524.91357421875	 63704.17578125
39185096.0	 291.8585205078125	 518.6383666992188	 63351.78125
39185188.0	 292.2387390136719	 515.4539184570312	 61794.4921875
39185276.0	 291.7364501953125	 513.200927734375	 60037.01171875
39185368.0	 291.4151916503906	 527.727783203125	 64717.41796875
39185456.0	 290.6964111328125	 532.4199829101562	 64393.109375
39185544.0	 290.9117431640625	 532.2265625	 65993.078125
39185636.0	 290.6505432128906	 530.6224365234375	 64727.55078125
39185724.0	 292.10296630859375	 540.2425537109375	 66793.5625
39185816.0	 291.96014404296875	 527.50927734375	 65878.4296875
39185904.0	 290.9653625488281	 535.92724609375	 67161.8984375
39185996.0	 291.2806091308594	 537.2291259765625	 68460.0703125
39186084.0	 290.0356140136719	 530.845703125	 65958.640625
39186176.0	 290.8373107910156	 534.0985717773438	 67386.265625
39186264.0	 290.4180908203125	 539.4515380859375	 68164.4921875
39186356.0	 292.1521911621094	 524.2005615234375	 66476.734375
39186444.0	 292.7098693847656	 526.0934448242188	 66540.375
39186536.0	 292.40972900390625	 527.6447143554688	 68934.890625
39186620.0	 293.8290710449219	 518.9642944335938	 66198.0390625
39186712.0	 294.8829650878906	 538.0228881835938	 69354.3046875
39186800.0	 295.1416320800781	 539.4711303710938	 68205.7578125
39186896.0	 295.3729248046875	 536.6245727539062	 67575.5390625
39186980.0	 294.9984130859375	 534.5394897460938	 66115.7109375
39187072.0	 294.3057556152344	 538.799072265625	 68151.3359375
39187160.0	 293.96868896484375	 535.4724731445312	 66453.2734375
39187248.0	 291.7314147949219	 541.4281005859375	 70228.171875
39187340.0	 292.9965515136719	 538.399658203125	 67461.84375
39187428.0	 291.7193298339844	 545.972900390625	 69461.4375
39187516.0	 291.1385192871094	 551.3345336914062	 70583.546875
39187608.0	 290.90533447265625	 548.6851196289062	 69849.8046875
39187700.0	 291.2193603515625	 545.2523193359375	 68927.5
39187876.0	 291.9013671875	 534.2678833007812	 66853.984375
39187968.0	 291.98638916015625	 530.773681640625	 63141.1484375
39188056.0	 291.57000732421875	 543.83154296875	 67500.140625
39188144.0	 291.72015380859375	 540.1676635742188	 65785.8984375
39188240.0	 293.3987731933594	 535.2700805664062	 64799.0703125
39188328.0	 292.6734924316406	 534.0387573242188	 65540.890625
39188420.0	 291.7281799316406	 530.3889770507812	 65940.0078125
39188504.0	 292.2862548828125	 516.7810668945312	 64610.5703125
39188600.0	 292.1038818359375	 525.6373291015625	 65404.44140625
39188684.0	 292.3296813964844	 523.7128295898438	 66496.4453125
39188776.0	 293.19183349609375	 513.2786865234375	 62591.26953125
39188864.0	 291.72662353515625	 511.3699035644531	 64384.4453125
39188952.0	 292.52447509765625	 505.9949645996094	 64692.08984375
39189044.0	 292.4161071777344	 519.1495971679688	 67372.5546875
39189132.0	 292.7405700683594	 508.7636413574219	 67779.8984375
39189224.0	 292.939453125	 501.2903747558594	 67054.859375
39189312.0	 293.0465393066406	 483.5824279785156	 64544.25390625
39189404.0	 292.82403564453125	 478.64239501953125	 64231.1875
39189492.0	 292.67681884765625	 476.0894775390625	 62473.47265625
39189580.0	 293.6825866699219	 479.119384765625	 63985.17578125
39189672.0	 292.9683837890625	 466.0772705078125	 59878.1328125
39189764.0	 291.491943359375	 474.70794677734375	 61683.33203125
39189848.0	 290.70733642578125	 495.5551452636719	 59950.12109375
39189940.0	 291.2501525878906	 498.9331970214844	 60399.95703125
39190028.0	 291.6512756347656	 494.7994689941406	 59508.67578125
39190120.0	 291.47637939453125	 498.1020202636719	 61220.328125
39190208.0	 291.7221374511719	 494.8183288574219	 62072.5
39190300.0	 294.0987854003906	 527.5479736328125	 61250.3828125
39190388.0	 291.3690185546875	 538.0817260742188	 62331.76171875
39190476.0	 294.09759521484375	 517.63134765625	 58126.78515625
39190568.0	 294.19775390625	 526.6571655273438	 59520.52734375
39190656.0	 293.54718017578125	 531.8241577148438	 61369.0234375
39190836.0	 294.06805419921875	 525.514892578125	 60023.515625
39190928.0	 292.1312255859375	 533.2354125976562	 61061.3125
39191016.0	 291.20330810546875	 526.4609985351562	 60138.62890625
39191108.0	 291.36871337890625	 527.4259033203125	 60555.984375
39191196.0	 291.4356689453125	 533.8457641601562	 60647.73828125
39191288.0	 291.4842529296875	 526.5545654296875	 58939.62109375
39191376.0	 291.3498840332031	 530.8802490234375	 61089.6875
39191468.0	 290.5764465332031	 531.2749633789062	 61036.421875
39191552.0	 290.79119873046875	 532.6835327148438	 62620.38671875
39191648.0	 290.22540283203125	 530.7730712890625	 63792.5234375
39191736.0	 290.3971252441406	 522.6799926757812	 61317.05078125
39191824.0	 290.10076904296875	 533.2273559570312	 64205.08984375
39191912.0	 290.24639892578125	 531.7164916992188	 62564.3984375
39192004.0	 290.81109619140625	 531.6449584960938	 62079.0625
39192092.0	 290.5071716308594	 532.4558715820312	 63770.44921875
39192180.0	 291.4376525878906	 529.5153198242188	 60677.390625
39192272.0	 290.63555908203125	 531.3428955078125	 62851.34765625
39192360.0	 291.15435791015625	 531.8816528320312	 62388.890625
39192452.0	 290.10321044921875	 525.19921875	 61826.65625
39192540.0	 289.98529052734375	 530.3573608398438	 63372.1328125
39192632.0	 290.7879943847656	 523.0808715820312	 62805.1328125
39192720.0	 290.66015625	 527.3193359375	 61720.58203125
39192812.0	 290.4590759277344	 530.8080444335938	 63602.6171875
39192896.0	 289.8336486816406	 532.3707885742188	 65475.796875
39192988.0	 290.0093688964844	 525.7737426757812	 63038.85546875
39193076.0	 290.132568359375	 528.3576049804688	 63520.34375
39193172.0	 289.6953125	 539.8821411132812	 66186.2421875
39193256.0	 288.1954040527344	 536.5675048828125	 66463.21875
39193348.0	 288.0449523925781	 539.392578125	 68195.0546875
39193440.0	 289.54833984375	 531.89892578125	 63183.81640625
39193528.0	 289.4405822753906	 534.4154663085938	 62810.921875
39193616.0	 289.9305114746094	 532.4227294921875	 63142.51953125
39193800.0	 290.11669921875	 531.5784301757812	 60980.79296875
39193884.0	 289.77313232421875	 532.82470703125	 63507.875
39193976.0	 290.5640563964844	 526.7225341796875	 64084.4921875
39194064.0	 291.0169982910156	 526.0772094726562	 60200.8125
39194156.0	 290.7532653808594	 523.0068359375	 61475.23046875
39194244.0	 290.3399658203125	 528.7311401367188	 62553.8203125
39194336.0	 290.43402099609375	 530.9301147460938	 62763.84375
39194424.0	 290.9096984863281	 527.4266967773438	 62574.078125
39194516.0	 288.7388000488281	 511.6872863769531	 62350.70703125
39194604.0	 288.2879638671875	 509.52789306640625	 63981.421875
39194692.0	 288.6861572265625	 512.3909301757812	 65346.3984375
39194784.0	 289.45343017578125	 504.848876953125	 61340.66015625
39194872.0	 288.80316162109375	 502.14471435546875	 63619.4375
39194960.0	 288.6590270996094	 506.2390441894531	 64333.33203125
39195048.0	 288.2804870605469	 502.3116455078125	 63222.68359375
39195144.0	 288.376953125	 501.2398986816406	 64164.01953125
39195228.0	 287.9215087890625	 504.81292724609375	 65443.10546875
39195320.0	 287.9841003417969	 497.4765625	 63834.28515625
39195408.0	 288.072998046875	 493.7056579589844	 63896.9453125
39195500.0	 286.30963134765625	 492.8038024902344	 65132.984375
39195588.0	 286.3205871582031	 478.1904296875	 64726.74609375
39195680.0	 287.0924377441406	 474.1090393066406	 64541.671875
39195768.0	 288.85272216796875	 469.11102294921875	 62413.8828125
39195860.0	 288.88604736328125	 469.646728515625	 60906.32421875
39195948.0	 289.0399475097656	 467.92022705078125	 59956.34765625
39196040.0	 289.9046630859375	 491.1479187011719	 62787.88671875
39196128.0	 289.5274658203125	 492.8788757324219	 62262.4140625
39196220.0	 289.9479675292969	 498.83001708984375	 63784.6328125
39196308.0	 289.6630859375	 499.6685791015625	 63737.375
39196396.0	 289.4129943847656	 500.8916931152344	 64709.75390625
39196488.0	 289.5638732910156	 495.6430969238281	 62419.77734375
39196576.0	 289.5041809082031	 497.0240173339844	 62105.546875
39196756.0	 290.4017028808594	 497.59576416015625	 63492.40234375
39196848.0	 290.4793701171875	 501.5699768066406	 64908.40234375
39196932.0	 290.5018005371094	 496.49285888671875	 63759.4453125
39197024.0	 290.37689208984375	 486.5478820800781	 59201.12890625
39197112.0	 290.31268310546875	 491.660400390625	 59343.62890625
39197204.0	 290.174072265625	 489.7002258300781	 58205.4609375
39197292.0	 291.0671691894531	 488.97674560546875	 58863.296875
39197384.0	 290.115234375	 490.474609375	 59854.06640625
39197472.0	 290.08673095703125	 493.70574951171875	 60763.2890625
39197564.0	 290.1935729980469	 495.203857421875	 60211.4765625
39197652.0	 290.1846008300781	 497.93365478515625	 60158.1484375
39197740.0	 290.5578918457031	 494.5079345703125	 59176.72265625
39197832.0	 290.72735595703125	 496.48602294921875	 60850.2421875
39197920.0	 291.0843505859375	 492.8545837402344	 58481.2421875
39198012.0	 290.1507568359375	 493.236572265625	 60038.69140625
39198100.0	 288.9481506347656	 499.4476623535156	 61797.44921875
39198192.0	 289.0575256347656	 497.4579772949219	 61126.625
39198276.0	 289.2420959472656	 500.09564208984375	 61802.80078125
39198372.0	 288.8418273925781	 496.8438720703125	 60915.57421875
39198460.0	 288.4828186035156	 487.00384521484375	 60393.140625
39198552.0	 288.27642822265625	 496.6386413574219	 62049.83984375
39198640.0	 287.9125061035156	 491.9712829589844	 60879.84765625
39198732.0	 287.4117431640625	 488.7391052246094	 59930.18359375
39198820.0	 287.5175476074219	 496.5209655761719	 61483.46484375
39198908.0	 287.62811279296875	 494.97796630859375	 61593.25390625
39198996.0	 286.9046325683594	 500.2350769042969	 66353.6015625
39199084.0	 287.19775390625	 494.8178405761719	 64446.4921875
39199176.0	 287.238525390625	 492.3743896484375	 63016.98828125
39199264.0	 287.3533020019531	 488.0392150878906	 60878.62890625
39199356.0	 286.83270263671875	 492.6395568847656	 65256.5625
39199444.0	 287.4454345703125	 493.3269958496094	 61841.765625
39199536.0	 287.47601318359375	 496.7008972167969	 65118.42578125
39199716.0	 287.7626037597656	 488.6830139160156	 60854.55859375
39199804.0	 288.1492004394531	 492.3693542480469	 61350.203125
39199896.0	 288.22491455078125	 495.4613037109375	 61265.50390625
39199984.0	 288.4430847167969	 490.72650146484375	 61535.0
39200076.0	 287.5675964355469	 493.86688232421875	 62055.5234375
39200164.0	 287.9516296386719	 491.1907653808594	 61533.734375
39200252.0	 287.8008728027344	 495.1197509765625	 63247.81640625
39200340.0	 287.66534423828125	 499.1180114746094	 65909.859375
39200428.0	 287.3418884277344	 488.5406494140625	 61826.92578125
39200520.0	 287.027099609375	 495.6986999511719	 62410.578125
39200608.0	 286.7065734863281	 497.3946838378906	 62245.671875
39200700.0	 286.7286682128906	 493.4461669921875	 63702.84375
39200788.0	 287.0851135253906	 499.7301330566406	 64535.8203125
39200880.0	 287.0802001953125	 497.8343200683594	 65179.078125
39200968.0	 287.3749694824219	 496.7761535644531	 63248.6640625
39201064.0	 287.1017761230469	 492.2952880859375	 62590.01953125
39201152.0	 287.0	 491.1529541015625	 62331.93359375
39201240.0	 286.9371337890625	 499.3342590332031	 62464.703125
39201328.0	 286.9980773925781	 501.26470947265625	 65410.37109375
39201420.0	 286.5882263183594	 492.0187072753906	 61883.49609375
39201508.0	 286.9273681640625	 491.4676513671875	 61666.1875
39201596.0	 286.8981018066406	 501.1963806152344	 64154.48828125
39201688.0	 287.9301452636719	 496.94451904296875	 61245.34375
39201776.0	 288.1726379394531	 496.663818359375	 61838.39453125
39201868.0	 289.86669921875	 493.8536376953125	 60593.75390625
39201956.0	 289.89923095703125	 495.536865234375	 60284.7734375
39202048.0	 290.1846008300781	 492.53204345703125	 60845.8125
39202136.0	 290.00274658203125	 500.1332092285156	 61717.203125
39202224.0	 290.0778503417969	 498.19476318359375	 61744.2421875
39202316.0	 290.1219787597656	 492.6720275878906	 61850.0
39202408.0	 291.58111572265625	 495.0047607421875	 61527.328125
39202492.0	 289.5610046386719	 494.65667724609375	 60858.26171875
39202672.0	 288.93353271484375	 506.61370849609375	 62433.453125
39202760.0	 288.50799560546875	 506.256591796875	 62508.84375
39202852.0	 287.9134216308594	 508.5477294921875	 63282.6640625
39202940.0	 287.4907531738281	 510.17572021484375	 63000.87890625
39203032.0	 287.5462341308594	 510.425537109375	 63017.4140625
39203120.0	 287.6429138183594	 506.5467529296875	 62299.55078125
39203212.0	 288.0500183105469	 512.9829711914062	 64115.75390625
39203300.0	 287.947021484375	 508.5053405761719	 62239.5078125
39203392.0	 287.1465759277344	 510.0196838378906	 65236.39453125
39203480.0	 288.0575866699219	 505.4455871582031	 60868.36328125
39203572.0	 287.25335693359375	 507.1728210449219	 61278.09765625
39203660.0	 288.7120056152344	 497.1866455078125	 62377.94921875
39203752.0	 286.3504943847656	 518.5904541015625	 64990.31640625
39203840.0	 289.1890869140625	 499.79461669921875	 60886.87890625
39203928.0	 288.13629150390625	 511.03179931640625	 62593.95703125
39204020.0	 287.069091796875	 507.7790832519531	 62688.09375
39204108.0	 287.37188720703125	 511.8119201660156	 63963.20703125
39204196.0	 287.3863525390625	 515.3699340820312	 63464.52734375
39204288.0	 287.3953857421875	 514.320068359375	 63726.44921875
39204380.0	 288.01849365234375	 517.5009765625	 63839.0859375
39204464.0	 288.13641357421875	 510.1009521484375	 63889.8515625
39204556.0	 286.8600769042969	 512.6754760742188	 64925.02734375
39204644.0	 287.3937683105469	 512.0077514648438	 65119.265625
39204736.0	 287.8348388671875	 523.4282836914062	 67404.0546875
39204824.0	 288.12652587890625	 516.7008666992188	 65077.6015625
39204916.0	 287.5832824707031	 510.5714416503906	 65228.43359375
39205004.0	 287.35931396484375	 524.1012573242188	 66471.2265625
39205092.0	 288.1427307128906	 512.0313110351562	 62907.94140625
39205184.0	 287.8707580566406	 511.2268981933594	 62621.69921875
39205272.0	 288.72271728515625	 515.0335083007812	 63118.83984375
39205364.0	 289.3309020996094	 518.3433227539062	 66279.0234375
39205452.0	 289.3182067871094	 513.7998657226562	 63495.1875
39205632.0	 288.3681335449219	 507.52569580078125	 63867.640625
39205724.0	 288.5895690917969	 517.606689453125	 64564.30078125
39205808.0	 289.6964111328125	 513.4081420898438	 63115.72265625
39205904.0	 289.1374816894531	 516.7786865234375	 65418.5625
39205992.0	 288.8586730957031	 513.01904296875	 65069.19921875
39206084.0	 288.3175964355469	 516.690185546875	 65766.859375
39206172.0	 288.1886291503906	 513.3670043945312	 64199.9765625
39206260.0	 288.3682556152344	 511.9561767578125	 64299.72265625
39206352.0	 288.5828857421875	 512.2310791015625	 65364.515625
39206436.0	 288.4779357910156	 512.9822998046875	 66116.8125
39206532.0	 289.3684997558594	 504.6302185058594	 62997.0546875
39206616.0	 289.632080078125	 511.69921875	 65967.703125
39206708.0	 290.2816467285156	 520.587890625	 67993.234375
39206796.0	 291.55718994140625	 517.7384033203125	 66266.2890625
39206888.0	 291.0871276855469	 516.4276123046875	 67763.640625
39206976.0	 291.1675720214844	 515.71533203125	 65557.125
39207068.0	 290.41424560546875	 515.8821411132812	 66326.421875
39207156.0	 290.10797119140625	 518.9774169921875	 66471.703125
39207248.0	 293.26531982421875	 532.3943481445312	 66792.8203125
39207336.0	 293.0851135253906	 529.0471801757812	 67734.6953125
39207424.0	 293.3267517089844	 529.9315185546875	 65992.9453125
39207516.0	 293.11419677734375	 539.4207763671875	 67093.0234375
39207604.0	 295.822998046875	 531.4058837890625	 66075.46875
39207696.0	 295.8813171386719	 523.3754272460938	 64927.94140625
39207784.0	 294.7284851074219	 524.0604858398438	 65507.48828125
39207872.0	 294.95166015625	 546.291259765625	 67621.0078125
39207960.0	 296.9918212890625	 526.0020751953125	 63031.703125
39208052.0	 296.3175354003906	 524.9888305664062	 64220.71875
39208144.0	 296.42236328125	 534.3954467773438	 65692.7421875
39208232.0	 296.113525390625	 529.2786254882812	 63373.67578125
39208320.0	 296.2818603515625	 527.3858032226562	 64804.23828125
39208416.0	 296.1846923828125	 528.050537109375	 64992.421875
39208588.0	 295.7874450683594	 523.2706909179688	 65011.66015625
39208684.0	 296.1681823730469	 529.1882934570312	 65771.09375
39208772.0	 296.0232849121094	 528.584228515625	 66510.7265625
39208860.0	 296.4176025390625	 529.4049072265625	 65128.52734375
39208948.0	 295.4128112792969	 529.1182250976562	 65832.1171875
39209040.0	 295.6621398925781	 532.116455078125	 66425.015625
39209128.0	 296.14019775390625	 521.7925415039062	 63771.4296875
39209220.0	 295.6084289550781	 524.5073852539062	 63000.38671875
39209308.0	 295.20843505859375	 533.3589477539062	 67379.4296875
39209400.0	 294.8517761230469	 534.8223266601562	 66396.21875
39209488.0	 295.3870849609375	 529.545166015625	 64491.44921875
39209576.0	 295.0740966796875	 529.09228515625	 65153.375
39209668.0	 295.1157531738281	 529.8462524414062	 63902.171875
39209756.0	 295.4466247558594	 539.098388671875	 66943.0703125
39209844.0	 295.5787048339844	 532.2988891601562	 64318.68359375
39209932.0	 295.32086181640625	 536.821533203125	 65065.91015625
39210028.0	 295.5567626953125	 535.0413208007812	 63816.4453125
39210116.0	 295.14508056640625	 537.6982421875	 66188.75
39210204.0	 295.506103515625	 532.263671875	 65720.4765625
39210296.0	 295.67120361328125	 532.3273315429688	 65600.671875
39210384.0	 295.8237609863281	 534.070556640625	 65135.140625
39210472.0	 295.7341613769531	 535.6332397460938	 66027.4375
39210560.0	 296.02801513671875	 538.2122192382812	 65929.203125
39210652.0	 296.28802490234375	 532.5540161132812	 64637.03515625
39210740.0	 295.9153747558594	 533.09033203125	 66321.4375
39210832.0	 295.86309814453125	 532.294677734375	 65535.55078125
39210924.0	 296.21917724609375	 542.1134643554688	 66606.9140625
39211012.0	 297.08319091796875	 531.7153930664062	 64298.1484375
39211100.0	 295.7630615234375	 531.6087646484375	 63572.9765625
39211196.0	 294.9348449707031	 533.3930053710938	 66797.5859375
39211280.0	 295.4753112792969	 531.6608276367188	 63685.23046875
39211372.0	 294.732666015625	 534.0819702148438	 65992.046875
39211552.0	 295.1741638183594	 534.8507080078125	 66202.9921875
39211640.0	 295.3738708496094	 536.7631225585938	 65878.3203125
39211728.0	 294.5046081542969	 534.8096313476562	 66255.90625
39211820.0	 294.64007568359375	 532.9285888671875	 64163.87890625
39211908.0	 294.637939453125	 530.5831909179688	 64938.3046875
39212000.0	 294.5393371582031	 532.2728881835938	 65765.375
39212088.0	 294.05426025390625	 532.8988647460938	 67494.2890625
39212180.0	 294.2944641113281	 528.6972045898438	 65058.70703125
39212264.0	 294.65472412109375	 527.3206787109375	 65040.3671875
39212360.0	 294.5057373046875	 530.4668579101562	 64900.29296875
39212448.0	 294.27545166015625	 528.62060546875	 64303.015625
39212536.0	 293.8081359863281	 533.0527954101562	 67266.359375
39212624.0	 294.164794921875	 529.5609741210938	 63834.703125
39212716.0	 294.18096923828125	 528.7140502929688	 65296.3359375
39212804.0	 293.9822998046875	 532.37841796875	 66209.0546875
39212892.0	 294.1827087402344	 530.676513671875	 65444.00390625
39212984.0	 294.7413635253906	 531.8861694335938	 65608.7265625
39213072.0	 294.5779724121094	 531.9320678710938	 64618.59765625
39213164.0	 293.85748291015625	 530.3324584960938	 65288.1875
39213252.0	 293.8472595214844	 532.5142822265625	 68315.6171875
39213344.0	 293.7052917480469	 531.1724853515625	 67621.046875
39213432.0	 293.78033447265625	 528.9002685546875	 64767.4375
39213524.0	 294.1095886230469	 525.5643920898438	 65030.30078125
39213612.0	 294.0433654785156	 537.5775756835938	 68271.9609375
39213700.0	 293.3140869140625	 531.6231079101562	 66526.828125
39213792.0	 293.22308349609375	 530.032470703125	 65852.828125
39213880.0	 293.7585754394531	 537.1026611328125	 67373.21875
39213972.0	 294.8646240234375	 537.912841796875	 67841.0234375
39214060.0	 295.2700500488281	 536.5173950195312	 67641.359375
39214152.0	 295.0746154785156	 524.9740600585938	 64344.265625
39214240.0	 294.6473083496094	 531.1973876953125	 65366.22265625
39214332.0	 295.0166320800781	 538.7927856445312	 66906.390625
39214508.0	 295.166748046875	 535.4556884765625	 67948.5078125
39214600.0	 295.8881530761719	 536.43017578125	 67856.3671875
39214684.0	 295.577392578125	 534.56689453125	 67421.8984375
39214776.0	 295.2799377441406	 536.1005249023438	 67017.0390625
39214868.0	 295.48114013671875	 534.6837768554688	 66906.265625
39214956.0	 295.74810791015625	 551.1116333007812	 72533.609375
39215044.0	 296.4263610839844	 537.2073974609375	 67374.890625
39215136.0	 297.3103942871094	 535.1445922851562	 67810.25
39215224.0	 297.1355285644531	 534.2910766601562	 66792.8046875
39215316.0	 296.55560302734375	 540.1550903320312	 68304.703125
39215404.0	 299.3351135253906	 517.6546630859375	 62434.53515625
39215496.0	 298.5308837890625	 521.541015625	 63443.72265625
39215584.0	 298.31494140625	 523.3762817382812	 63392.54296875
39215672.0	 298.07415771484375	 524.2307739257812	 60468.24609375
39215764.0	 297.9547424316406	 530.0157470703125	 64131.49609375
39215852.0	 298.2526550292969	 528.76025390625	 65716.8046875
39215944.0	 299.2685241699219	 521.6363525390625	 61257.03125
39216032.0	 299.6915588378906	 526.756103515625	 62135.28125
39216124.0	 300.7355651855469	 514.8125	 60560.7265625
39216212.0	 301.0203857421875	 517.0740966796875	 60514.2578125
39216304.0	 301.2546081542969	 521.2202758789062	 62158.546875
39216392.0	 301.7352294921875	 517.3784790039062	 61843.18359375
39216484.0	 302.22174072265625	 513.764404296875	 61189.97265625
39216568.0	 301.8121337890625	 520.2335205078125	 62417.81640625
39216660.0	 301.45343017578125	 519.5516967773438	 62562.9453125
39216752.0	 301.3427429199219	 520.6864624023438	 61391.203125
39216840.0	 301.2292785644531	 517.0398559570312	 61970.22265625
39216928.0	 300.9377746582031	 519.6707763671875	 61244.60546875
39217020.0	 300.61785888671875	 511.1546325683594	 58692.80078125
39217108.0	 300.0645446777344	 516.49609375	 59669.2890625
39217196.0	 300.206787109375	 524.8154907226562	 60935.16796875
39217292.0	 300.1463928222656	 516.8721923828125	 60546.375
39217464.0	 299.8169250488281	 517.4539184570312	 59532.08203125
39217556.0	 299.7576904296875	 521.8905639648438	 59671.796875
39217644.0	 299.4655456542969	 520.0244140625	 61033.4765625
39217736.0	 300.0658874511719	 517.697509765625	 58469.44921875
39217824.0	 299.7373352050781	 522.859375	 60126.70703125
39217916.0	 299.7458801269531	 529.2855224609375	 61623.12890625
39218004.0	 299.39996337890625	 525.2824096679688	 59273.8046875
39218096.0	 299.650634765625	 518.516845703125	 58932.33984375
39218184.0	 299.1866455078125	 523.1386108398438	 61339.453125
39218276.0	 298.6556701660156	 523.4210205078125	 60482.1953125
39218364.0	 298.40240478515625	 522.4427490234375	 62056.234375
39218452.0	 299.5406494140625	 514.6621704101562	 58629.8515625
39218544.0	 299.47283935546875	 519.2893676757812	 59994.70703125
39218632.0	 299.3519592285156	 517.54736328125	 58731.79296875
39218724.0	 298.4185791015625	 514.0404663085938	 58997.35546875
39218812.0	 298.2861633300781	 517.4065551757812	 60650.796875
39218904.0	 297.77679443359375	 522.3142700195312	 62372.20703125
39218992.0	 297.8335266113281	 518.5664672851562	 59952.00390625
39219084.0	 297.8138732910156	 526.740966796875	 62914.05078125
39219172.0	 298.0821533203125	 521.2913818359375	 59692.56640625
39219260.0	 297.6413879394531	 520.955078125	 60092.66015625
39219348.0	 297.9133605957031	 519.466796875	 58372.16015625
39219436.0	 298.5877990722656	 522.2731323242188	 62669.1796875
39219532.0	 299.331298828125	 521.7658081054688	 62520.66796875
39219616.0	 299.5016784667969	 516.4778442382812	 60759.08203125
39219708.0	 299.3431396484375	 518.1634521484375	 61148.23046875
39219796.0	 300.9017333984375	 519.0208129882812	 61732.90625
39219888.0	 301.71783447265625	 521.7830200195312	 63580.67578125
39219976.0	 299.95245361328125	 515.2138671875	 61081.71875
39220068.0	 299.8871765136719	 521.5849609375	 61938.20703125
39220156.0	 300.1484680175781	 518.9257202148438	 62618.078125
39220244.0	 300.65008544921875	 518.3729248046875	 61710.46484375
39220424.0	 302.1082458496094	 510.0868225097656	 60828.453125
39220512.0	 302.2274475097656	 508.6581115722656	 59869.5546875
39220604.0	 301.3627624511719	 520.3653564453125	 63923.98046875
39220696.0	 303.1099548339844	 524.649169921875	 64120.76953125
39220784.0	 304.80743408203125	 506.453125	 60480.41015625
39220876.0	 304.5654602050781	 504.9936828613281	 61487.76171875
39220964.0	 303.2496643066406	 513.0475463867188	 62010.7265625
39221056.0	 303.5444030761719	 513.783447265625	 62317.734375
39221144.0	 303.7045593261719	 509.320068359375	 61210.0625
39221232.0	 303.5233154296875	 512.1500854492188	 61940.78515625
39221324.0	 303.06427001953125	 519.1002197265625	 65003.05078125
39221412.0	 303.97576904296875	 509.4344787597656	 61405.984375
39221504.0	 304.5318603515625	 505.0993347167969	 61833.84765625
39221592.0	 303.9969177246094	 507.6058654785156	 61198.9765625
39221680.0	 303.9339904785156	 509.1873779296875	 61021.96875
39221768.0	 303.838134765625	 510.68511962890625	 62089.25390625
39221864.0	 303.7410583496094	 508.45245361328125	 61613.1640625
39221948.0	 303.306396484375	 513.5906372070312	 62643.49609375
39222040.0	 303.7670593261719	 505.8926086425781	 60791.6640625
39222128.0	 303.1571960449219	 513.065673828125	 64436.80859375
39222216.0	 303.95977783203125	 508.8832702636719	 61868.87890625
39222308.0	 304.07855224609375	 509.36712646484375	 61511.26171875
39222396.0	 304.2774963378906	 511.4998474121094	 62787.87109375
39222488.0	 304.16998291015625	 512.4278564453125	 63002.9765625
39222576.0	 304.0354919433594	 510.5199279785156	 62438.2265625
39222668.0	 303.5706481933594	 512.1883544921875	 63341.9921875
39222756.0	 303.6951904296875	 509.94384765625	 62360.86328125
39222844.0	 303.3133850097656	 509.5079650878906	 62702.03515625
39222936.0	 303.6235046386719	 509.00244140625	 62734.41015625
39223024.0	 303.3475036621094	 512.2304077148438	 63070.828125
39223116.0	 302.8587951660156	 511.992431640625	 62733.1171875
39223204.0	 303.5540466308594	 510.86865234375	 61463.01953125
39223384.0	 303.4388732910156	 507.2695007324219	 60346.7421875
39223472.0	 303.4974670410156	 516.1981811523438	 64968.203125
39223564.0	 303.25970458984375	 514.45458984375	 62066.57421875
39223656.0	 303.3464050292969	 514.501953125	 62661.171875
39223744.0	 303.8226623535156	 510.622802734375	 61650.0078125
39223832.0	 303.67449951171875	 514.4843139648438	 63874.9140625
39223924.0	 304.0162048339844	 509.21551513671875	 61111.88671875
39224008.0	 303.88238525390625	 510.9854431152344	 62782.05859375
39224100.0	 303.5882568359375	 513.4434204101562	 62976.5546875
39224188.0	 303.47369384765625	 507.2734375	 62053.875
39224280.0	 303.9250793457031	 507.7303466796875	 61225.70703125
39224368.0	 304.1610107421875	 511.1636962890625	 61092.70703125
39224460.0	 304.38702392578125	 499.5565490722656	 61807.54296875
39224548.0	 303.6877746582031	 503.3885803222656	 59593.13671875
39224636.0	 303.62994384765625	 506.3030090332031	 62169.5625
39224728.0	 303.7162170410156	 508.2327880859375	 61630.33203125
39224816.0	 303.82171630859375	 511.05157470703125	 63107.7421875
39224908.0	 303.6602783203125	 507.0915832519531	 61068.70703125
39224996.0	 303.6752624511719	 511.3992004394531	 62870.86328125
39225088.0	 304.3629150390625	 500.8157958984375	 58934.734375
39225176.0	 303.5269775390625	 510.35516357421875	 61774.80078125
39225268.0	 303.3486022949219	 515.1941528320312	 62956.93359375
39225356.0	 303.30474853515625	 512.8446044921875	 60614.55859375
39225444.0	 302.9232177734375	 514.6087646484375	 63645.06640625
39225536.0	 303.4826354980469	 510.5773010253906	 61838.296875
39225624.0	 303.55242919921875	 509.69268798828125	 60076.015625
39225712.0	 302.97955322265625	 512.96533203125	 64238.36328125
39225800.0	 303.6021423339844	 505.2663879394531	 60264.625
39225896.0	 302.61834716796875	 514.0059814453125	 63316.6015625
39225984.0	 303.36163330078125	 512.9694213867188	 61330.3671875
39226076.0	 303.02569580078125	 513.9805908203125	 61808.98828125
39226164.0	 303.0591125488281	 515.4359130859375	 63890.9921875
39226340.0	 304.01715087890625	 504.908935546875	 59792.70703125
39226432.0	 303.49609375	 507.8352355957031	 63059.5859375
39226524.0	 304.21807861328125	 505.99481201171875	 61941.23828125
39226608.0	 304.2656555175781	 506.5423278808594	 61648.12890625
39226704.0	 304.51739501953125	 501.7353210449219	 60614.60546875
39226788.0	 304.1040344238281	 508.7466735839844	 63015.05078125
39226880.0	 304.1492004394531	 507.2625732421875	 62982.85546875
39226968.0	 305.0360107421875	 497.38543701171875	 59635.5859375
39227056.0	 303.7917175292969	 507.66595458984375	 62178.2109375
39227148.0	 303.33978271484375	 510.329345703125	 62096.01953125
39227236.0	 303.34747314453125	 511.8152160644531	 64147.5
39227328.0	 303.44012451171875	 505.9700012207031	 61117.40234375
39227416.0	 303.1514892578125	 501.235107421875	 60100.078125
39227508.0	 301.944580078125	 508.63189697265625	 63451.2734375
39227596.0	 301.2660217285156	 508.6819152832031	 63590.93359375
39227688.0	 300.88690185546875	 514.3208618164062	 63519.91015625
39227776.0	 300.2711486816406	 515.08154296875	 66538.234375
39227864.0	 300.64080810546875	 515.1491088867188	 63746.87890625
39227956.0	 301.3270263671875	 508.9962158203125	 62992.59765625
39228040.0	 301.49371337890625	 512.3931274414062	 63980.65234375
39228136.0	 301.5782775878906	 508.6114196777344	 61258.65234375
39228224.0	 300.7775573730469	 512.0047607421875	 63798.82421875
39228312.0	 300.10723876953125	 511.51947021484375	 64338.41796875
39228404.0	 299.86328125	 507.56689453125	 63792.78125
39228496.0	 299.3522644042969	 510.8704528808594	 65559.3671875
39228584.0	 299.07452392578125	 512.32373046875	 64255.0859375
39228668.0	 299.07659912109375	 511.83282470703125	 65060.796875
39228764.0	 298.3724365234375	 511.7819519042969	 65306.22265625
39228852.0	 298.360595703125	 514.6099243164062	 67922.5703125
39228940.0	 297.5707702636719	 519.5220336914062	 68119.5859375
39229032.0	 298.3244934082031	 516.0416259765625	 66716.828125
39229120.0	 298.3081359863281	 520.8507690429688	 69425.7265625
39229304.0	 298.816650390625	 510.9604797363281	 66464.8125
39229388.0	 298.0127258300781	 519.4530029296875	 69631.078125
39229476.0	 298.0118408203125	 519.0439453125	 65224.8359375
39229568.0	 297.6448059082031	 521.7485961914062	 69958.703125
39229656.0	 296.9574890136719	 523.9461669921875	 68406.3828125
39229748.0	 297.23797607421875	 515.586181640625	 67309.6640625
39229836.0	 294.38629150390625	 522.1426391601562	 67895.6953125
39229928.0	 295.7213134765625	 526.7723388671875	 68812.34375
39230016.0	 295.6551208496094	 528.7224731445312	 71351.515625
39230108.0	 296.41888427734375	 515.5899047851562	 69231.140625
39230196.0	 295.7317199707031	 516.2501220703125	 71033.5546875
39230284.0	 293.03680419921875	 524.254638671875	 68568.5859375
39230372.0	 293.8536682128906	 503.9298400878906	 62909.671875
39230464.0	 294.73028564453125	 495.1936950683594	 63328.85546875
39230556.0	 294.3336486816406	 501.79779052734375	 63997.5078125
39230644.0	 293.0823059082031	 507.8594665527344	 65844.5
39230736.0	 293.1129150390625	 509.1925048828125	 64720.43359375
39230824.0	 293.1663513183594	 505.9972839355469	 64229.4296875
39230916.0	 292.7496643066406	 509.6364440917969	 66678.125
39231004.0	 293.4444274902344	 504.74688720703125	 63044.62890625
39231092.0	 293.39996337890625	 508.9403076171875	 64713.37890625
39231184.0	 294.0085144042969	 507.9688720703125	 63699.16015625
39231272.0	 293.70391845703125	 507.1145935058594	 64316.12109375
39231364.0	 293.2294616699219	 507.2110595703125	 62825.5703125
39231448.0	 293.13751220703125	 512.2733764648438	 64485.375
39231544.0	 291.76611328125	 510.5821533203125	 66125.265625
39231632.0	 291.7065124511719	 514.5307006835938	 65924.7109375
39231720.0	 291.4173889160156	 515.8968505859375	 68135.84375
39231812.0	 291.4061584472656	 510.82928466796875	 65345.859375
39231896.0	 291.47479248046875	 507.4027404785156	 63067.25390625
39231988.0	 290.1232604980469	 513.8421020507812	 67140.59375
39232076.0	 289.64166259765625	 510.3124694824219	 65379.22265625
39232256.0	 289.9111022949219	 509.4100341796875	 64708.87890625
39232348.0	 289.3448791503906	 514.082763671875	 64963.5234375
39232436.0	 288.9019775390625	 513.3615112304688	 66713.5078125
39232524.0	 289.0179748535156	 510.92431640625	 65221.37109375
39232616.0	 289.048583984375	 516.0717163085938	 65984.6953125
39232704.0	 288.7826843261719	 519.0883178710938	 67874.640625
39232796.0	 288.4385986328125	 513.1347045898438	 64705.44140625
39232884.0	 288.5827331542969	 521.3092041015625	 66997.6171875
39232976.0	 289.745849609375	 519.6552734375	 67231.46875
39233064.0	 289.4466247558594	 509.80584716796875	 65417.42578125
39233156.0	 289.8916015625	 510.4483947753906	 65440.59765625
39233244.0	 290.1894226074219	 506.5334167480469	 65344.46875
39233332.0	 290.5136413574219	 510.9176940917969	 66127.6328125
39233424.0	 290.5518493652344	 506.6997985839844	 62667.0234375
39233512.0	 292.3539733886719	 505.08447265625	 64672.13671875
39233604.0	 291.2587585449219	 519.826904296875	 65500.203125
39233692.0	 292.96148681640625	 507.7728576660156	 63513.91015625
39233784.0	 292.5020446777344	 508.0909118652344	 65320.30078125
39233872.0	 291.5798034667969	 512.6547241210938	 64092.74609375
39233964.0	 292.0540466308594	 524.0234375	 67660.3515625
39234052.0	 291.9128723144531	 514.1883544921875	 66523.0
39234140.0	 293.5712585449219	 508.91143798828125	 63934.47265625
39234228.0	 293.3571472167969	 512.2079467773438	 65157.3984375
39234320.0	 293.7098693847656	 507.6191101074219	 65352.87109375
39234412.0	 294.0025634765625	 505.80548095703125	 64026.51953125
39234496.0	 294.1685791015625	 514.0418701171875	 65375.7109375
39234588.0	 293.9940490722656	 511.98077392578125	 65984.71875
39234676.0	 293.02899169921875	 516.15380859375	 67987.6171875
39234764.0	 293.25189208984375	 503.3336486816406	 63935.515625
39234856.0	 295.6798400878906	 502.1266174316406	 61050.0625
39234944.0	 293.24761962890625	 516.0932006835938	 66089.453125
39235036.0	 293.8551025390625	 511.5596008300781	 64454.16015625
39235216.0	 294.0887756347656	 502.47021484375	 64370.82421875
39235304.0	 294.7272644042969	 502.3331604003906	 61387.67578125
39235396.0	 293.63470458984375	 515.8695068359375	 63742.87890625
39235484.0	 294.0768737792969	 512.0661010742188	 63623.078125
39235572.0	 295.6948547363281	 514.9132080078125	 63499.08984375
39235664.0	 296.01837158203125	 506.0627136230469	 60089.40625
39235752.0	 296.4160461425781	 498.11444091796875	 60622.5078125
39235844.0	 295.81866455078125	 510.3050842285156	 64325.8125
39235932.0	 295.5509338378906	 517.11328125	 64807.46484375
39236024.0	 294.71942138671875	 503.4134521484375	 63804.359375
39236112.0	 295.12469482421875	 502.3283996582031	 65899.078125
39236204.0	 294.7661437988281	 505.0353088378906	 63794.7265625
39236292.0	 294.4566955566406	 512.5509643554688	 66182.6796875
39236380.0	 294.7578430175781	 513.3223266601562	 66629.2578125
39236472.0	 295.7294921875	 500.0165710449219	 63153.98046875
39236560.0	 296.1706848144531	 506.1792907714844	 64304.4765625
39236652.0	 296.2699890136719	 505.1548156738281	 64966.82421875
39236740.0	 296.5514221191406	 506.2264709472656	 65059.58984375
39236832.0	 295.442138671875	 502.7272644042969	 63546.65234375
39236916.0	 294.99273681640625	 509.1950988769531	 66607.1328125
39237004.0	 295.5965576171875	 510.1361389160156	 64902.79296875
39237100.0	 293.9947814941406	 507.90472412109375	 64442.59765625
39237188.0	 295.99725341796875	 498.80023193359375	 63249.3359375
39237276.0	 295.3793640136719	 503.30914306640625	 63819.98828125
39237364.0	 295.50689697265625	 503.9368591308594	 64129.5546875
39237456.0	 298.49249267578125	 501.4767150878906	 65859.484375
39168000.0	 294.3502197265625	 289.2386779785156	 42102.71875
39168096.0	 294.5189208984375	 296.5453796386719	 46139.94921875
39168192.0	 299.9423522949219	 289.87933349609375	 42286.21484375
39168288.0	 302.0857849121094	 286.80609130859375	 42271.54296875
39168384.0	 302.5651550292969	 272.3927917480469	 41161.58203125
39168480.0	 301.0972900390625	 276.625732421875	 43372.125
39168572.0	 302.5665283203125	 276.5986022949219	 39897.25
39168664.0	 302.79071044921875	 274.95526123046875	 41618.83203125
39168764.0	 296.5400085449219	 251.6564178466797	 37415.44140625
39168856.0	 285.33544921875	 287.3282165527344	 46624.59375
39168952.0	 289.0686340332031	 292.55340576171875	 44537.15625
39169048.0	 296.34381103515625	 305.2843933105469	 43817.75
39169140.0	 291.9236145019531	 293.6785583496094	 42741.58984375
39169232.0	 293.7330017089844	 292.39422607421875	 44863.59765625
39169332.0	 291.63726806640625	 286.89892578125	 42745.05078125
39169424.0	 296.6991882324219	 278.63519287109375	 40543.55859375
39169520.0	 295.50335693359375	 279.35498046875	 40680.265625
39169616.0	 294.8418273925781	 274.46844482421875	 42513.8515625
39169708.0	 295.0276794433594	 294.591064453125	 43886.27734375
39169804.0	 297.468017578125	 288.78314208984375	 43758.70703125
39169904.0	 296.1807556152344	 285.3555908203125	 41606.515625
39169996.0	 296.1862487792969	 301.8599548339844	 46951.75390625
39170092.0	 296.114990234375	 277.25604248046875	 39719.11328125
39170188.0	 295.8121032714844	 290.54168701171875	 43799.53515625
39170280.0	 292.1781005859375	 288.8699035644531	 49101.953125
39170372.0	 297.447021484375	 298.8789978027344	 47209.19921875
39170472.0	 291.75933837890625	 282.8664245605469	 43806.8046875
39170660.0	 287.90924072265625	 290.5746154785156	 59823.0703125
39170756.0	 295.46905517578125	 285.5914001464844	 41565.8125
39170848.0	 299.2410583496094	 278.06866455078125	 39373.8828125
39171040.0	 294.1453857421875	 292.7294006347656	 44584.53515625
39171132.0	 292.8753662109375	 288.3233337402344	 45320.66015625
39171228.0	 296.0365905761719	 288.72900390625	 44588.8984375
39171324.0	 298.7416076660156	 277.92529296875	 40107.15625
39171416.0	 297.10626220703125	 265.778564453125	 39231.56640625
39171512.0	 299.45013427734375	 273.0492248535156	 40417.2578125
39171612.0	 294.6373596191406	 273.8693542480469	 46181.87109375
39171704.0	 296.29571533203125	 282.27777099609375	 42743.703125
39171800.0	 297.25555419921875	 287.5445861816406	 43531.76953125
39171896.0	 295.3984069824219	 280.4407653808594	 44168.8671875
39171988.0	 296.6026916503906	 269.1061096191406	 42274.88671875
39172084.0	 296.27069091796875	 278.13970947265625	 40544.7421875
39172180.0	 299.0027160644531	 281.3982238769531	 42998.46875
39172272.0	 298.0873718261719	 280.3248291015625	 46974.46875
39172368.0	 297.2931823730469	 269.4902038574219	 40357.95703125
39172464.0	 298.4784240722656	 270.8046875	 39486.265625
39172556.0	 301.4659118652344	 276.58575439453125	 43054.5625
39172652.0	 297.78094482421875	 264.40728759765625	 39095.0078125
39172748.0	 297.81939697265625	 271.2521667480469	 41427.234375
39172844.0	 303.2268371582031	 266.0201416015625	 39199.6328125
39172936.0	 299.6062316894531	 266.52069091796875	 38938.95703125
39173032.0	 297.5805969238281	 267.287109375	 41202.30859375
39173124.0	 298.612060546875	 265.2333679199219	 44816.48828125
39173220.0	 298.8595886230469	 279.76904296875	 45390.30078125
39173320.0	 297.9394836425781	 261.37982177734375	 37865.37890625
39173416.0	 297.447021484375	 281.25482177734375	 42352.5078125
39173508.0	 302.09320068359375	 271.8468933105469	 39385.62890625
39173604.0	 298.5505676269531	 267.10693359375	 38885.828125
39173792.0	 302.047607421875	 256.3066711425781	 32681.123046875
39173888.0	 300.9712219238281	 275.3704833984375	 44241.23046875
39173984.0	 300.4353942871094	 273.5027770996094	 41654.45703125
39174076.0	 300.817138671875	 274.80242919921875	 43773.58203125
39174172.0	 302.7577209472656	 271.1153564453125	 41542.578125
39174264.0	 299.3714904785156	 261.23651123046875	 40123.4296875
39174360.0	 296.794189453125	 279.8638916015625	 41978.34375
39174456.0	 299.109619140625	 278.6299133300781	 43607.8125
39174552.0	 298.805419921875	 278.4533386230469	 42580.8828125
39174644.0	 298.59088134765625	 261.5724792480469	 38956.44921875
39174740.0	 295.17584228515625	 264.8404541015625	 45376.15625
39174836.0	 298.6485290527344	 269.0892639160156	 43523.88671875
39174932.0	 293.201904296875	 278.6338195800781	 47832.34375
39175028.0	 297.5912780761719	 265.52166748046875	 43803.1015625
39175124.0	 298.9489440917969	 265.3607482910156	 46598.62890625
39175216.0	 296.089599609375	 273.5442810058594	 42259.66015625
39175312.0	 298.95782470703125	 265.6553649902344	 41887.08203125
39175408.0	 298.6783752441406	 267.7134704589844	 45424.9375
39175500.0	 302.17041015625	 266.31396484375	 43197.0703125
39175600.0	 298.14923095703125	 272.5730285644531	 44108.00390625
39175692.0	 299.8398742675781	 275.2673034667969	 43996.97265625
39175784.0	 298.0021667480469	 269.2659606933594	 43725.1875
39175880.0	 302.0157775878906	 258.4305419921875	 41622.6015625
39175976.0	 298.8329162597656	 269.7635498046875	 41274.12109375
39176068.0	 299.82366943359375	 267.29803466796875	 47042.13671875
39176168.0	 299.92816162109375	 269.841796875	 42591.1640625
39176260.0	 302.06988525390625	 265.873291015625	 43153.62890625
39176352.0	 299.03668212890625	 270.8734436035156	 45890.921875
39176448.0	 298.6516418457031	 263.38848876953125	 39915.53125
39176544.0	 298.1004943847656	 273.50909423828125	 44010.4765625
39176640.0	 298.8349304199219	 276.3754577636719	 43763.6796875
39176736.0	 298.8795471191406	 274.2101135253906	 42848.43359375
39177116.0	 296.3293151855469	 272.1168518066406	 41896.91015625
39177208.0	 304.33221435546875	 296.82000732421875	 49630.8359375
39177308.0	 309.93389892578125	 262.56573486328125	 42838.15625
39177400.0	 305.58209228515625	 253.20423889160156	 44939.078125
39177492.0	 306.5391845703125	 265.197998046875	 45407.16796875
39177588.0	 304.80841064453125	 274.15887451171875	 44565.546875
39177684.0	 305.5959167480469	 264.697021484375	 41620.515625
39177776.0	 305.12738037109375	 272.06072998046875	 40986.06640625
39177876.0	 305.18408203125	 271.2991027832031	 43955.1328125
39177968.0	 304.5907287597656	 272.324951171875	 42621.4921875
39178060.0	 308.1363525390625	 266.1000671386719	 39770.0078125
39178156.0	 308.0461120605469	 268.366455078125	 43638.84375
39178252.0	 303.5611572265625	 264.3638916015625	 39731.33203125
39178344.0	 304.4088134765625	 272.0880432128906	 40553.9140625
39178440.0	 307.7283020019531	 270.0493469238281	 40450.53515625
39178540.0	 306.1986389160156	 269.5577087402344	 41971.48828125
39178632.0	 306.728515625	 266.63385009765625	 38611.3203125
39178728.0	 306.4785461425781	 271.9200134277344	 40271.171875
39178824.0	 307.48382568359375	 278.00823974609375	 41375.95703125
39178916.0	 305.7197265625	 269.4853210449219	 39336.8359375
39179012.0	 305.2850646972656	 277.3612060546875	 39980.83203125
39179108.0	 307.4038391113281	 270.85101318359375	 38636.984375
39179204.0	 303.77191162109375	 278.2645568847656	 42241.234375
39179296.0	 308.61358642578125	 267.64923095703125	 41509.3515625
39179392.0	 309.0068359375	 267.09100341796875	 39807.859375
39179488.0	 306.5734558105469	 264.0716247558594	 39684.80859375
39179580.0	 308.3913879394531	 265.7136535644531	 37913.75
39179676.0	 309.0356140136719	 270.8125915527344	 40563.796875
39179772.0	 309.0035400390625	 262.4381103515625	 39674.24609375
39179864.0	 309.400146484375	 262.7168884277344	 39009.74609375
39180056.0	 308.51873779296875	 257.8714599609375	 34322.8125
39180148.0	 311.59844970703125	 257.0990905761719	 41773.08203125
39180248.0	 302.50140380859375	 266.5755920410156	 43186.5
39180344.0	 304.2605895996094	 275.10260009765625	 39829.04296875
39180436.0	 304.3363342285156	 280.7627868652344	 45876.26171875
39180528.0	 305.08038330078125	 262.02947998046875	 42550.18359375
39180624.0	 304.17889404296875	 265.6994323730469	 43510.5078125
39180720.0	 301.1382751464844	 271.4410095214844	 48570.8125
39180816.0	 300.7252502441406	 270.0585021972656	 47398.6015625
39180912.0	 299.89678955078125	 277.2374572753906	 47621.0234375
39181004.0	 301.7149658203125	 270.1258850097656	 44793.17578125
39181100.0	 299.45574951171875	 272.30328369140625	 44585.921875
39181196.0	 298.46832275390625	 275.6247253417969	 51611.98828125
39181288.0	 300.8922119140625	 273.5671081542969	 42892.2734375
39181388.0	 300.32489013671875	 281.5867919921875	 40756.1484375
39181480.0	 298.733154296875	 282.8967590332031	 40255.625
39181576.0	 299.28155517578125	 272.6919250488281	 41137.890625
39181672.0	 299.9025573730469	 268.1026611328125	 40232.859375
39181764.0	 298.42852783203125	 280.2327880859375	 41056.515625
39181860.0	 298.00689697265625	 282.3487243652344	 44803.8515625
39181952.0	 297.37310791015625	 282.1219482421875	 41447.20703125
39182052.0	 300.39373779296875	 270.9519958496094	 43341.58984375
39182144.0	 297.87493896484375	 270.5868225097656	 40688.6796875
39182240.0	 296.7059631347656	 279.0082702636719	 41186.1015625
39182332.0	 295.07550048828125	 285.90997314453125	 47487.6953125
39182428.0	 296.785888671875	 277.90594482421875	 44269.6484375
39182520.0	 296.4947509765625	 276.2906188964844	 44354.39453125
39182620.0	 297.9734802246094	 273.7384948730469	 41783.69921875
39182716.0	 296.7763366699219	 280.384765625	 44446.64453125
39182808.0	 294.65509033203125	 274.4102478027344	 40850.98046875
39182904.0	 294.982177734375	 288.3519592285156	 46800.671875
39182996.0	 298.2831115722656	 279.7140197753906	 37393.98828125
39183188.0	 290.9759826660156	 284.82586669921875	 57272.03125
39183284.0	 295.7643127441406	 277.7065734863281	 48512.09375
39183380.0	 296.0487060546875	 282.20123291015625	 41746.1328125
39183472.0	 295.8800354003906	 274.6545715332031	 44640.82421875
39183568.0	 297.2881164550781	 275.7286071777344	 40301.5859375
39183756.0	 297.2516174316406	 271.1705322265625	 38941.07421875
39183856.0	 295.9559326171875	 277.73260498046875	 38858.75
39183948.0	 295.0885925292969	 282.5357666015625	 44343.9765625
39184040.0	 296.4052734375	 277.9980163574219	 43046.3359375
39184136.0	 295.535400390625	 277.26348876953125	 40215.4609375
39184228.0	 297.3229064941406	 281.5607604980469	 41773.4765625
39184324.0	 299.1923828125	 283.4769592285156	 41452.2265625
39184424.0	 298.6382141113281	 274.6484375	 38089.9453125
39184516.0	 297.2070617675781	 284.5361633300781	 42998.7265625
39184608.0	 297.40740966796875	 285.5230407714844	 41549.66796875
39184704.0	 296.98297119140625	 291.6184387207031	 41852.16796875
39184800.0	 294.9832763671875	 283.40838623046875	 46164.67578125
39184892.0	 296.9193115234375	 274.34228515625	 39543.25
39184992.0	 299.4281311035156	 276.8165588378906	 40039.3359375
39185088.0	 296.8616638183594	 284.131103515625	 39171.32421875
39185180.0	 297.6833190917969	 278.3646240234375	 41615.29296875
39185276.0	 299.6116638183594	 278.0568542480469	 40813.1171875
39185464.0	 301.3310546875	 277.53619384765625	 41425.03515625
39185560.0	 302.3936462402344	 274.7086486816406	 40628.390625
39185656.0	 300.7679748535156	 274.5912780761719	 41102.74609375
39185752.0	 300.6097412109375	 273.1925354003906	 41404.09375
39185844.0	 299.611083984375	 283.03350830078125	 43816.9921875
39185940.0	 300.0650329589844	 274.8199157714844	 39490.7109375
39186036.0	 301.09423828125	 276.6721496582031	 40898.2265625
39186128.0	 299.7369384765625	 275.864501953125	 44398.9765625
39186320.0	 299.0426025390625	 263.6258544921875	 33411.4375
39186412.0	 298.1869812011719	 283.9205627441406	 43106.453125
39186508.0	 297.7972106933594	 285.02728271484375	 42626.53125
39186604.0	 298.3092956542969	 279.698974609375	 42087.77734375
39186696.0	 297.909912109375	 288.02069091796875	 42941.953125
39186796.0	 297.5267028808594	 273.42413330078125	 40616.54296875
39186892.0	 298.40863037109375	 283.9806213378906	 41673.3125
39186984.0	 300.9179382324219	 283.65118408203125	 43776.36328125
39187080.0	 298.1654968261719	 269.0096435546875	 38444.97265625
39187268.0	 298.0914611816406	 277.5042419433594	 43648.16796875
39187360.0	 299.9545593261719	 279.786376953125	 42361.2109375
39187460.0	 301.2037048339844	 273.491455078125	 37142.671875
39187552.0	 300.2381286621094	 270.7975769042969	 39178.17578125
39187648.0	 300.74835205078125	 279.3087463378906	 41514.46875
39187740.0	 301.5765686035156	 270.80133056640625	 38826.29296875
39187836.0	 298.076904296875	 269.3042297363281	 40244.3359375
39187932.0	 296.742431640625	 282.1551513671875	 40726.08984375
39188028.0	 298.1116027832031	 280.2905578613281	 39973.578125
39188124.0	 297.5802917480469	 292.6004333496094	 42557.1875
39188216.0	 301.00628662109375	 277.875244140625	 39392.1015625
39188312.0	 299.43695068359375	 278.1553039550781	 42107.67578125
39188408.0	 299.5246276855469	 279.03131103515625	 40857.671875
39188500.0	 300.9934387207031	 283.7842712402344	 41680.68359375
39188600.0	 301.4095764160156	 282.2286071777344	 41488.4375
39188696.0	 301.8599853515625	 279.3923645019531	 41693.04296875
39188788.0	 300.6774597167969	 277.46533203125	 37915.15234375
39188880.0	 300.64508056640625	 268.97918701171875	 37310.671875
39188976.0	 300.461669921875	 275.4484558105469	 39040.73828125
39189072.0	 299.35833740234375	 281.3395080566406	 40763.1328125
39189448.0	 296.6141357421875	 271.30584716796875	 38642.58203125
39189544.0	 299.3244934082031	 281.33636474609375	 38304.67578125
39189640.0	 298.5835876464844	 282.1248474121094	 40173.94140625
39189732.0	 295.5669860839844	 276.44744873046875	 40699.11328125
39189832.0	 297.9710693359375	 263.8896179199219	 38967.90625
39189928.0	 298.5862121582031	 276.2452087402344	 42266.140625
39190020.0	 298.9149475097656	 275.73974609375	 45270.1171875
39190116.0	 298.6479187011719	 274.0590515136719	 40562.30859375
39190208.0	 299.7158203125	 281.5577087402344	 41762.34375
39190304.0	 297.66650390625	 281.2663879394531	 40913.109375
39190396.0	 296.8866271972656	 274.388671875	 41939.5546875
39190496.0	 297.7044677734375	 279.5897521972656	 41376.703125
39190592.0	 297.1268615722656	 276.1114807128906	 40960.79296875
39190684.0	 297.3316650390625	 283.3815002441406	 45041.5625
39190780.0	 296.9205322265625	 276.935302734375	 45071.796875
39190872.0	 296.2525329589844	 283.5837707519531	 43297.90234375
39190968.0	 298.1090393066406	 276.0781555175781	 42869.30859375
39191064.0	 296.7037353515625	 280.5027160644531	 39995.79296875
39191160.0	 295.5273742675781	 274.71783447265625	 41741.8515625
39191252.0	 294.87628173828125	 283.81982421875	 41510.875
39191348.0	 295.5580139160156	 283.7271728515625	 41220.17578125
39191444.0	 296.0819396972656	 280.52685546875	 41982.26953125
39191536.0	 296.3302307128906	 279.8955993652344	 39323.8828125
39191632.0	 296.9296875	 274.94573974609375	 37350.1015625
39191732.0	 295.640380859375	 275.7707214355469	 42402.23046875
39191824.0	 292.52960205078125	 288.2227783203125	 43664.91796875
39191920.0	 292.3133850097656	 280.76055908203125	 42838.35546875
39192012.0	 294.8893127441406	 282.2164306640625	 39420.171875
39192108.0	 294.57391357421875	 285.23175048828125	 44356.9453125
39192200.0	 298.78704833984375	 275.8155517578125	 38715.7421875
39192300.0	 297.17205810546875	 286.5130920410156	 41293.73828125
39192396.0	 299.0550537109375	 273.4333190917969	 38329.828125
39192580.0	 294.1036071777344	 262.4668273925781	 34408.32421875
39192676.0	 299.94390869140625	 280.8598937988281	 44126.296875
39192768.0	 299.716796875	 287.0737609863281	 39198.1796875
39192864.0	 297.4820556640625	 287.2674865722656	 40951.60546875
39192964.0	 291.3091125488281	 278.8701171875	 39706.53515625
39193056.0	 288.15740966796875	 290.1177062988281	 44187.31640625
39193148.0	 293.6665954589844	 281.98095703125	 40231.35546875
39193248.0	 289.1746826171875	 282.040283203125	 45115.10546875
39193340.0	 295.4032897949219	 281.6466064453125	 38712.4453125
39193432.0	 300.65838623046875	 273.9142761230469	 38232.328125
39193532.0	 300.39599609375	 298.9723815917969	 42401.10546875
39193628.0	 303.8804931640625	 282.1186828613281	 43657.40625
39193720.0	 304.6075744628906	 276.2131042480469	 36655.22265625
39193816.0	 306.3612060546875	 286.5999450683594	 40962.83984375
39193908.0	 302.0500793457031	 285.7732238769531	 40953.73828125
39194004.0	 298.56390380859375	 285.42578125	 40483.26171875
39194100.0	 294.55389404296875	 297.0642395019531	 45496.16796875
39194196.0	 294.4667663574219	 289.5439453125	 42923.40625
39194292.0	 298.9250793457031	 295.52679443359375	 44329.07421875
39194384.0	 303.5386047363281	 275.5387268066406	 36054.296875
39194480.0	 295.80560302734375	 282.5083923339844	 42475.328125
39194576.0	 296.8056335449219	 274.0126037597656	 38598.73828125
39194668.0	 295.44415283203125	 289.3947448730469	 42259.609375
39194764.0	 297.9471435546875	 279.507080078125	 44241.9765625
39194860.0	 300.1821594238281	 289.6416320800781	 42390.1015625
39194956.0	 300.9599304199219	 276.16436767578125	 42018.703125
39195048.0	 295.598876953125	 282.6323547363281	 46570.3046875
39195144.0	 294.7981872558594	 282.41741943359375	 41746.10546875
39195332.0	 301.0144958496094	 284.8096008300781	 42789.921875
39195432.0	 302.5868225097656	 278.8995666503906	 38844.87890625
39195524.0	 303.2831726074219	 298.15643310546875	 40752.1484375
39195712.0	 300.9151306152344	 264.310302734375	 30969.23828125
39195808.0	 290.645263671875	 289.7744445800781	 41167.859375
39195904.0	 290.3832092285156	 303.04119873046875	 46387.7421875
39195996.0	 296.0629577636719	 286.5948791503906	 39532.40234375
39196096.0	 294.38397216796875	 287.2134094238281	 43602.1640625
39196188.0	 295.183837890625	 281.36871337890625	 44997.08203125
39196280.0	 292.8407897949219	 276.7716369628906	 44327.14453125
39196376.0	 291.777099609375	 294.1346740722656	 59186.82421875
39196472.0	 293.33856201171875	 274.90728759765625	 44912.046875
39196564.0	 291.3233642578125	 292.5233154296875	 48374.89453125
39196664.0	 294.5951843261719	 278.8780822753906	 42939.453125
39196760.0	 293.9136657714844	 276.8095703125	 44287.171875
39196852.0	 298.3113708496094	 276.4883728027344	 42637.59375
39196948.0	 295.9756164550781	 278.9619445800781	 44064.37890625
39197040.0	 292.8897705078125	 288.4498596191406	 45149.41796875
39197136.0	 294.35882568359375	 280.32623291015625	 43149.40234375
39197328.0	 294.5108947753906	 266.1683044433594	 40252.51171875
39197424.0	 295.5909423828125	 280.2607116699219	 48784.359375
39197516.0	 295.0284423828125	 272.2721862792969	 46421.42578125
39197608.0	 295.82391357421875	 271.5162658691406	 42448.5859375
39197704.0	 295.26495361328125	 276.7707824707031	 43381.0390625
39197800.0	 298.3558044433594	 284.5009460449219	 42307.2578125
39197892.0	 298.21307373046875	 277.2449035644531	 39641.734375
39197992.0	 296.63385009765625	 287.1546936035156	 47132.64453125
39198084.0	 298.7951354980469	 282.82147216796875	 43676.01171875
39198180.0	 292.55181884765625	 270.1127624511719	 41511.79296875
39198276.0	 293.1897277832031	 288.613525390625	 44279.68359375
39198368.0	 297.8225402832031	 279.28466796875	 40209.29296875
39198464.0	 292.8076477050781	 281.63494873046875	 44493.7265625
39198560.0	 293.1039733886719	 289.4045715332031	 43139.203125
39198656.0	 292.1131286621094	 294.70599365234375	 45435.0
39198844.0	 289.0836181640625	 301.2065124511719	 71306.921875
39198940.0	 297.4925537109375	 271.65594482421875	 41770.5
39199036.0	 290.4521789550781	 284.2916564941406	 47752.08203125
39199128.0	 295.76519775390625	 275.37799072265625	 47997.7421875
39199224.0	 294.0914306640625	 278.0602111816406	 44747.9296875
39199320.0	 295.79583740234375	 283.8944396972656	 44986.45703125
39199412.0	 293.7435302734375	 279.899658203125	 44823.54296875
39199508.0	 293.38641357421875	 282.45184326171875	 42126.49609375
39199604.0	 294.72796630859375	 284.6000061035156	 43730.94140625
39199696.0	 291.23919677734375	 259.37542724609375	 40733.140625
39199788.0	 289.5541687011719	 282.83843994140625	 46017.90234375
39199892.0	 292.8229675292969	 292.0563659667969	 51431.41796875
39199984.0	 296.58795166015625	 285.0487365722656	 44211.45703125
39200080.0	 294.1978759765625	 274.8291320800781	 48025.2421875
39200172.0	 295.6258239746094	 283.95050048828125	 46680.2734375
39200268.0	 292.85845947265625	 269.9954833984375	 43225.98046875
39200360.0	 293.7517395019531	 276.5474853515625	 44466.9375
39200456.0	 293.8752746582031	 283.63519287109375	 42895.8125
39200552.0	 295.4918518066406	 286.9983825683594	 42121.5390625
39200648.0	 293.5837707519531	 278.9598388671875	 44660.04296875
39200740.0	 294.4618225097656	 277.9355773925781	 45670.765625
39200836.0	 293.1344299316406	 270.0299987792969	 41076.5078125
39200932.0	 291.664306640625	 287.53851318359375	 46296.44921875
39201024.0	 293.6037902832031	 274.1861572265625	 45455.58984375
39201124.0	 295.4685974121094	 279.87646484375	 41815.08203125
39201216.0	 294.82684326171875	 277.65155029296875	 41561.29296875
39201404.0	 292.5998840332031	 275.68841552734375	 41819.56640625
39201500.0	 294.2713623046875	 293.5833435058594	 46116.296875
39201596.0	 291.1517028808594	 299.1971435546875	 45611.734375
39201688.0	 298.1427001953125	 277.6700439453125	 43920.0546875
39201788.0	 294.6875	 270.75714111328125	 46240.05859375
39201976.0	 292.6358337402344	 279.7458801269531	 63622.4921875
39202068.0	 294.4012145996094	 293.20208740234375	 47620.63671875
39202164.0	 297.71759033203125	 279.9853210449219	 43326.7578125
39202260.0	 299.6820983886719	 265.7363586425781	 41947.43359375
39202352.0	 293.848388671875	 285.6907043457031	 47142.453125
39202452.0	 294.9190979003906	 284.95880126953125	 46003.28125
39202544.0	 295.6171875	 278.9808654785156	 45916.55859375
39202636.0	 296.6295471191406	 275.19488525390625	 42338.1015625
39202732.0	 291.94049072265625	 278.3412170410156	 43956.546875
39202828.0	 293.5097961425781	 294.9424743652344	 49094.2890625
39202920.0	 289.34405517578125	 257.26947021484375	 38020.4375
39203016.0	 283.6246337890625	 259.23065185546875	 42688.78125
39203112.0	 276.1281433105469	 264.3057556152344	 48104.12890625
39203212.0	 281.90325927734375	 288.2790222167969	 58502.43359375
39203304.0	 283.77001953125	 282.8270263671875	 47786.2890625
39203396.0	 286.281005859375	 287.65625	 58624.9453125
39203492.0	 288.8862609863281	 288.9518737792969	 48067.984375
39203588.0	 287.53057861328125	 269.4195556640625	 43197.9375
39203680.0	 290.1499328613281	 294.03314208984375	 53124.2421875
39203780.0	 289.91864013671875	 280.288330078125	 44636.2578125
39203872.0	 289.1255798339844	 282.9173278808594	 45424.29296875
39203968.0	 285.7325439453125	 278.1143798828125	 48800.4453125
39204060.0	 281.6174621582031	 270.61492919921875	 49373.7421875
39204156.0	 283.9368591308594	 293.2892150878906	 53487.89453125
39204248.0	 277.9740905761719	 272.71514892578125	 51373.22265625
39204344.0	 273.821533203125	 303.2706604003906	 61949.67578125
39204440.0	 280.1278076171875	 280.1127624511719	 50901.8828125
39204536.0	 280.8325500488281	 285.0206604003906	 50302.85546875
39204632.0	 280.033935546875	 282.14154052734375	 61358.6171875
39204724.0	 282.8976745605469	 282.6907043457031	 54905.24609375
39204820.0	 284.0277404785156	 284.8943786621094	 50076.140625
39204916.0	 288.1279602050781	 280.38055419921875	 49233.26953125
39205108.0	 283.3969421386719	 299.29046630859375	 76273.2421875
39205200.0	 287.9696960449219	 279.64190673828125	 45154.3046875
39205296.0	 291.96014404296875	 278.9058837890625	 47468.203125
39205392.0	 291.4762878417969	 291.52337646484375	 47975.4765625
39205484.0	 289.6885986328125	 286.72064208984375	 44894.25390625
39205580.0	 290.745361328125	 285.24346923828125	 44245.796875
39205676.0	 289.2591857910156	 275.4427490234375	 42289.54296875
39205772.0	 288.5865478515625	 284.92333984375	 43593.92578125
39205864.0	 289.4993591308594	 281.27606201171875	 44776.78515625
39205960.0	 290.4958190917969	 290.1281433105469	 45989.2421875
39206056.0	 292.04522705078125	 287.9828796386719	 45528.6796875
39206148.0	 290.35516357421875	 287.3039855957031	 46311.4921875
39206240.0	 290.43023681640625	 286.2450256347656	 45326.19921875
39206340.0	 290.90374755859375	 288.1148986816406	 45889.28515625
39206436.0	 292.3788757324219	 278.8460388183594	 42686.39453125
39206528.0	 290.9283752441406	 273.25531005859375	 42274.6015625
39206624.0	 290.5655822753906	 279.4642333984375	 47769.4296875
39206720.0	 290.3298034667969	 284.0629577636719	 55227.71875
39206812.0	 290.77362060546875	 278.50689697265625	 46541.9296875
39206908.0	 291.5917053222656	 282.7643127441406	 42102.50390625
39207004.0	 292.7115478515625	 293.8300476074219	 47045.0546875
39207100.0	 296.5999755859375	 276.9158935546875	 44158.73046875
39207192.0	 290.9129333496094	 277.23443603515625	 41631.80859375
39207288.0	 290.9378967285156	 278.2265625	 43443.46875
39207476.0	 293.2259521484375	 275.24530029296875	 42293.29296875
39207568.0	 292.4560546875	 277.91461181640625	 42124.69921875
39207668.0	 291.1158142089844	 288.40838623046875	 45885.29296875
39207764.0	 291.08221435546875	 275.5570373535156	 43306.69921875
39207856.0	 287.1812744140625	 290.92645263671875	 63914.296875
39207952.0	 292.94317626953125	 288.64703369140625	 47058.359375
39208044.0	 292.9339294433594	 285.4886169433594	 44397.0703125
39208236.0	 295.6856384277344	 282.1817932128906	 44276.23828125
39208332.0	 292.9049377441406	 282.50042724609375	 42615.265625
39208428.0	 292.480224609375	 284.5551452636719	 44448.76171875
39208520.0	 292.984130859375	 285.3655090332031	 45076.609375
39208616.0	 291.9901428222656	 281.48809814453125	 42414.54296875
39208712.0	 291.9376525878906	 282.1954040527344	 43775.22265625
39208804.0	 288.2900390625	 282.0888977050781	 46927.4140625
39208896.0	 288.68328857421875	 283.4539489746094	 48329.90625
39208996.0	 289.3311462402344	 286.7700500488281	 46781.734375
39209092.0	 289.09124755859375	 274.4029235839844	 45187.3125
39209184.0	 289.9921875	 276.3017883300781	 42327.11328125
39209280.0	 289.5816650390625	 285.0162353515625	 45688.46875
39209372.0	 291.1708679199219	 284.75604248046875	 44143.96875
39209468.0	 291.257080078125	 280.9534606933594	 43898.6640625
39209560.0	 291.43450927734375	 284.3351135253906	 44129.30078125
39209660.0	 292.94073486328125	 290.38800048828125	 45566.3984375
39209756.0	 292.2671203613281	 293.6998291015625	 49951.390625
39209848.0	 293.0084533691406	 280.2048645019531	 41988.26953125
39209944.0	 293.84637451171875	 287.6056823730469	 43121.91015625
39210040.0	 293.02630615234375	 279.5129699707031	 43845.2734375
39210132.0	 293.87109375	 281.55096435546875	 42067.64453125
39210228.0	 293.0968933105469	 289.5924377441406	 47788.515625
39210324.0	 292.18756103515625	 281.75048828125	 44807.640625
39210420.0	 288.9327697753906	 279.2187194824219	 49718.63671875
39210512.0	 286.7889404296875	 292.6913757324219	 52802.1171875
39210608.0	 290.352294921875	 286.1176452636719	 44680.08203125
39210704.0	 289.86285400390625	 278.00372314453125	 41602.25390625
39210796.0	 290.0527038574219	 292.05218505859375	 46383.078125
39210888.0	 289.85247802734375	 273.4957580566406	 43496.66796875
39210984.0	 291.2452087402344	 277.2812805175781	 44519.08203125
39211084.0	 291.79571533203125	 283.82659912109375	 44058.18359375
39211176.0	 290.7523498535156	 294.46746826171875	 46657.046875
39211364.0	 292.3351745605469	 267.0787658691406	 39641.54296875
39211460.0	 288.9114074707031	 284.21234130859375	 44962.1484375
39211556.0	 288.3080139160156	 293.3980712890625	 48222.375
39211648.0	 287.84234619140625	 286.2749328613281	 45577.7109375
39211748.0	 290.6757507324219	 283.8038635253906	 46974.296875
39211840.0	 286.07183837890625	 293.1124572753906	 47513.8984375
39211936.0	 283.5633544921875	 280.7317810058594	 47418.65625
39212032.0	 284.7600402832031	 285.0660095214844	 48379.27734375
39212124.0	 288.0852355957031	 292.9206848144531	 44975.4765625
39212216.0	 289.396728515625	 298.57073974609375	 49532.8828125
39212312.0	 285.6845397949219	 266.5744323730469	 42658.35546875
39212412.0	 288.05645751953125	 293.56280517578125	 48119.87109375
39212504.0	 288.8238830566406	 262.3782958984375	 44550.0390625
39212600.0	 289.08453369140625	 292.45672607421875	 48570.140625
39212692.0	 288.96661376953125	 307.9979248046875	 50883.90625
39212788.0	 285.69146728515625	 283.723388671875	 48312.984375
39212880.0	 287.5430603027344	 293.691162109375	 46024.05078125
39212976.0	 289.0462341308594	 280.0841979980469	 43749.83203125
39213076.0	 287.31268310546875	 285.0302429199219	 47498.890625
39213168.0	 286.54376220703125	 285.0131530761719	 50550.1953125
39213264.0	 284.1975402832031	 286.8243103027344	 51001.43359375
39213360.0	 284.9878845214844	 285.8208923339844	 47426.69140625
39213548.0	 282.74749755859375	 273.23028564453125	 45616.64453125
39213640.0	 283.6679992675781	 294.3038330078125	 54548.38671875
39213740.0	 285.2203063964844	 278.7261962890625	 49919.45703125
39213832.0	 286.6028747558594	 286.8051452636719	 56466.2265625
39213928.0	 288.9661560058594	 286.48846435546875	 47131.73828125
39214024.0	 286.66705322265625	 278.7722473144531	 50170.92578125
39214116.0	 286.5356750488281	 294.03912353515625	 53123.96875
39214208.0	 288.7397155761719	 275.74237060546875	 47876.08203125
39214304.0	 285.4056396484375	 284.84088134765625	 51617.3828125
39214496.0	 286.1037902832031	 271.01104736328125	 39119.390625
39214592.0	 281.0754699707031	 271.6561584472656	 50942.93359375
39214684.0	 287.2286682128906	 269.67694091796875	 43609.24609375
39214780.0	 285.30194091796875	 293.058349609375	 49922.75390625
39214876.0	 288.6216735839844	 276.9087829589844	 43388.03125
39214968.0	 290.3304138183594	 277.39556884765625	 43583.42578125
39215064.0	 289.53167724609375	 279.68609619140625	 48129.69140625
39215164.0	 282.4397888183594	 275.331787109375	 48282.546875
39215256.0	 279.24029541015625	 283.7126770019531	 50823.27734375
39215352.0	 287.8304443359375	 293.82562255859375	 47137.33984375
39215444.0	 289.03997802734375	 293.819091796875	 50345.8984375
39215540.0	 287.3056335449219	 281.56829833984375	 48096.76953125
39215632.0	 292.59429931640625	 270.05859375	 41174.4375
39215728.0	 286.1936950683594	 288.317138671875	 47799.68359375
39215828.0	 286.66156005859375	 283.7837219238281	 49631.9765625
39215920.0	 286.01312255859375	 276.6300048828125	 48809.53515625
39216012.0	 286.249267578125	 273.10992431640625	 45648.28125
39216108.0	 283.45050048828125	 283.8243713378906	 66900.96875
39216204.0	 284.4629821777344	 265.13714599609375	 45631.9765625
39216296.0	 281.87408447265625	 292.75531005859375	 50080.28125
39216392.0	 280.607177734375	 280.9956970214844	 52909.3828125
39216492.0	 281.2578430175781	 290.0809326171875	 51993.640625
39216584.0	 281.3619689941406	 292.05877685546875	 49964.20703125
39216680.0	 285.5484924316406	 280.60113525390625	 49810.33203125
39216772.0	 285.51885986328125	 274.2496643066406	 43471.6953125
39216868.0	 285.96673583984375	 278.6449890136719	 47725.453125
39216960.0	 284.4851989746094	 277.0669860839844	 51660.09375
39217056.0	 286.9393310546875	 288.2890319824219	 49255.96875
39217156.0	 288.0660095214844	 278.1653137207031	 44172.25390625
39217248.0	 286.13916015625	 275.8683166503906	 45978.734375
39217344.0	 288.9178771972656	 273.83184814453125	 45933.27734375
39217436.0	 286.71282958984375	 288.9039611816406	 56377.44921875
39217624.0	 276.0129699707031	 297.58001708984375	 82356.046875
39217720.0	 281.734619140625	 275.6679992675781	 48629.64453125
39217812.0	 283.6067810058594	 275.2324523925781	 45529.390625
39217912.0	 284.3573303222656	 268.7158508300781	 44940.3984375
39218004.0	 281.2403564453125	 280.0670166015625	 48745.57421875
39218100.0	 278.28619384765625	 263.9663391113281	 52163.43359375
39218196.0	 282.66015625	 287.9396057128906	 53877.48046875
39218292.0	 287.5420837402344	 267.099365234375	 44660.09765625
39218384.0	 283.8957214355469	 274.21624755859375	 49225.203125
39218480.0	 281.4535217285156	 281.7074279785156	 52673.90234375
39218580.0	 284.4216003417969	 266.9849548339844	 44851.48828125
39218672.0	 293.13690185546875	 274.7235107421875	 45706.07421875
39218764.0	 296.0511474609375	 278.70562744140625	 42913.453125
39218860.0	 298.8028564453125	 276.041259765625	 43786.73828125
39218956.0	 298.56146240234375	 271.14447021484375	 41998.6171875
39219048.0	 293.42218017578125	 274.6606750488281	 44247.67578125
39219144.0	 296.6314392089844	 278.1365661621094	 45510.51953125
39219236.0	 296.49957275390625	 283.2256164550781	 43881.98046875
39219336.0	 290.2417907714844	 288.7851867675781	 49636.46484375
39219428.0	 294.0477600097656	 287.3043518066406	 46694.2734375
39219620.0	 295.88079833984375	 277.1631164550781	 44054.47265625
39219712.0	 297.38525390625	 280.4513854980469	 44451.3984375
39219808.0	 298.0278625488281	 269.8899230957031	 39824.60546875
39219904.0	 292.0203857421875	 271.63458251953125	 43341.43359375
39220000.0	 291.66839599609375	 275.9991149902344	 43942.91015625
39220096.0	 289.79119873046875	 289.6257019042969	 45347.0859375
39220188.0	 289.5355529785156	 273.595703125	 43368.33203125
39220284.0	 281.4496765136719	 250.6445770263672	 40035.3125
39220376.0	 289.5879211425781	 319.9784851074219	 50962.4609375
39220472.0	 295.6377868652344	 265.8369445800781	 39925.6015625
39220564.0	 283.765625	 281.6651611328125	 49480.26953125
39220756.0	 281.8355407714844	 293.27618408203125	 73547.9296875
39220852.0	 283.00189208984375	 275.2801208496094	 62340.58203125
39220948.0	 284.74322509765625	 304.18304443359375	 56279.82421875
39221040.0	 290.6512145996094	 296.3646545410156	 45501.671875
39221136.0	 300.6158447265625	 288.803466796875	 43071.9765625
39221228.0	 301.5865173339844	 280.4559631347656	 43221.84765625
39221324.0	 296.9595642089844	 288.598388671875	 44024.60546875
39221420.0	 291.49053955078125	 281.78759765625	 45789.16015625
39221516.0	 294.477294921875	 289.47149658203125	 44780.5625
39221612.0	 289.0589904785156	 269.8604736328125	 42626.62890625
39221708.0	 287.0323791503906	 305.3166809082031	 50114.40234375
39221800.0	 288.83380126953125	 285.4315185546875	 44800.4921875
39221896.0	 286.990966796875	 277.316162109375	 44231.421875
39221988.0	 285.3252868652344	 283.9629821777344	 45565.17578125
39222088.0	 283.7304992675781	 271.9447326660156	 46121.578125
39222180.0	 279.39617919921875	 271.3301696777344	 49746.41796875
39222276.0	 278.11199951171875	 295.3844909667969	 58909.99609375
39222372.0	 278.6213073730469	 282.7831726074219	 56428.0
39222464.0	 267.66436767578125	 266.1455383300781	 49330.8125
39222556.0	 280.0884094238281	 266.3271179199219	 48813.71484375
39222652.0	 271.720458984375	 275.34039306640625	 56122.41796875
39222748.0	 275.6689453125	 278.246826171875	 50397.140625
39222848.0	 275.1519470214844	 279.6283264160156	 51045.11328125
39222940.0	 278.7547912597656	 272.22882080078125	 48149.40234375
39223032.0	 278.92852783203125	 269.4384460449219	 46113.65625
39223132.0	 276.9786682128906	 282.8313293457031	 54818.1640625
39223224.0	 279.5834655761719	 289.89739990234375	 53441.671875
39223316.0	 283.1919860839844	 269.26788330078125	 45914.38671875
39223412.0	 277.2725524902344	 287.1348876953125	 50968.98046875
39223508.0	 280.18060302734375	 269.7830810546875	 44467.859375
39223604.0	 279.659423828125	 282.47650146484375	 48417.34765625
39223700.0	 282.1621398925781	 281.2630920410156	 50531.40234375
39223888.0	 275.67041015625	 283.21112060546875	 64617.109375
39223980.0	 275.5546875	 268.55194091796875	 47105.40234375
39224076.0	 273.5962219238281	 286.1769104003906	 54072.67578125
39224172.0	 279.75750732421875	 295.1387939453125	 53189.15234375
39224268.0	 282.582763671875	 278.4033508300781	 46265.06640625
39224360.0	 288.0025939941406	 298.0575866699219	 51536.8046875
39224456.0	 291.2708740234375	 276.2170104980469	 42043.3515625
39224552.0	 284.5484619140625	 277.8753967285156	 48527.26953125
39224644.0	 281.9126892089844	 276.99560546875	 47557.47265625
39224740.0	 282.3760070800781	 279.7484130859375	 47270.75390625
39224836.0	 284.1244812011719	 275.35223388671875	 45998.9296875
39224928.0	 283.7192687988281	 272.344970703125	 47758.734375
39225024.0	 286.7520751953125	 285.6181945800781	 47105.57421875
39225120.0	 285.7787780761719	 289.12689208984375	 62465.046875
39225216.0	 293.4935302734375	 275.8394775390625	 42818.125
39225308.0	 285.483642578125	 265.458984375	 43473.78125
39225404.0	 282.6388854980469	 276.60797119140625	 47057.5625
39225496.0	 284.4468078613281	 281.96881103515625	 46259.609375
39225688.0	 284.14398193359375	 287.1377258300781	 51388.2265625
39225784.0	 288.2559509277344	 273.2367248535156	 40597.0625
39225880.0	 287.1258850097656	 296.07928466796875	 46564.49609375
39225972.0	 287.12158203125	 261.3218994140625	 42772.04296875
39226064.0	 283.30023193359375	 284.125244140625	 48883.203125
39226160.0	 288.9845886230469	 290.5197448730469	 54320.29296875
39226256.0	 297.4632568359375	 301.9468078613281	 47624.69140625
39226348.0	 301.598876953125	 285.76239013671875	 48160.25390625
39226448.0	 303.3455810546875	 274.55059814453125	 43891.015625
39226544.0	 299.25518798828125	 265.90509033203125	 41772.96875
39226640.0	 294.4465637207031	 288.508056640625	 45841.9609375
39226732.0	 296.6100769042969	 276.17974853515625	 42180.26953125
39226824.0	 285.7882995605469	 284.781494140625	 48155.515625
39227016.0	 278.720947265625	 271.5793762207031	 42343.26171875
39227112.0	 283.24261474609375	 284.7686767578125	 49692.0234375
39227208.0	 284.5488586425781	 294.36505126953125	 60435.1875
39227300.0	 284.2442626953125	 273.96875	 46534.15234375
39227396.0	 283.2258605957031	 276.2056884765625	 48282.46875
39227488.0	 287.0699157714844	 305.7792663574219	 52855.01171875
39227584.0	 291.99267578125	 275.49822998046875	 46135.1875
39227680.0	 292.11199951171875	 283.2950134277344	 45473.72265625
39227772.0	 291.49615478515625	 276.65252685546875	 51224.1796875
39227872.0	 283.4365539550781	 286.938232421875	 47279.33203125
39227964.0	 284.22283935546875	 267.8153381347656	 43246.05078125
39228060.0	 287.2165832519531	 286.1883850097656	 47880.41796875
39228156.0	 290.2602233886719	 275.8620910644531	 44113.484375
39228248.0	 287.40380859375	 292.2207336425781	 57053.8046875
39228344.0	 287.86798095703125	 269.364501953125	 45292.55078125
39228440.0	 286.2554016113281	 305.7772216796875	 52543.19140625
39228532.0	 295.28973388671875	 275.5694580078125	 45412.671875
39228632.0	 292.3100280761719	 271.8379211425781	 44076.42578125
39228724.0	 293.4972229003906	 274.9145812988281	 47441.16015625
39228820.0	 293.5857849121094	 268.17578125	 42984.75
39228916.0	 298.2626037597656	 272.0986633300781	 44455.58984375
39229008.0	 295.0146789550781	 277.0777282714844	 48337.33203125
39229104.0	 293.6788635253906	 268.7625427246094	 45436.3125
39229196.0	 288.4339599609375	 276.7411804199219	 48853.86328125
39229292.0	 288.2403869628906	 286.378173828125	 46925.8046875
39229388.0	 288.9583435058594	 286.8105163574219	 49179.828125
39229580.0	 298.790771484375	 284.755126953125	 46432.6875
39229672.0	 297.2015380859375	 244.885986328125	 38949.52734375
39229768.0	 291.4556884765625	 309.5496520996094	 50900.2890625
39229864.0	 332.7247619628906	 230.81936645507812	 55457.71484375
39229956.0	 322.94635009765625	 244.9635009765625	 46207.3125
39230148.0	 307.02178955078125	 261.8693542480469	 37958.7109375
39230240.0	 302.83270263671875	 271.1393737792969	 43123.03125
39230336.0	 310.5834045410156	 267.95977783203125	 45454.26171875
39230428.0	 308.9641418457031	 267.41766357421875	 42947.47265625
39230524.0	 314.14556884765625	 244.55165100097656	 38975.625
39230620.0	 295.9385681152344	 270.6297607421875	 39247.58203125
39230712.0	 285.26849365234375	 296.2568054199219	 58794.8671875
39230808.0	 287.29534912109375	 296.525634765625	 51963.73046875
39230904.0	 291.8321228027344	 281.20294189453125	 44357.49609375
39231000.0	 291.6175842285156	 283.1257629394531	 45137.19921875
39231096.0	 294.4608459472656	 292.86285400390625	 46402.375
39231188.0	 295.7218322753906	 295.41387939453125	 45795.67578125
39231280.0	 300.959716796875	 279.08251953125	 44548.0546875
39231376.0	 303.5042724609375	 275.84002685546875	 43797.45703125
39231472.0	 302.2648010253906	 279.947021484375	 43521.5546875
39231568.0	 301.8452453613281	 277.25762939453125	 41253.87109375
39231760.0	 298.2028503417969	 293.7421875	 48340.2265625
39231856.0	 299.687255859375	 285.46783447265625	 43125.16015625
39231948.0	 293.8911437988281	 277.712890625	 43247.80078125
39232044.0	 290.0594482421875	 280.97064208984375	 48877.94921875
39232136.0	 290.7452392578125	 292.4607238769531	 48422.5390625
39232232.0	 288.1880187988281	 302.7563781738281	 51231.29296875
39232328.0	 290.09375	 282.7046813964844	 44047.69921875
39232424.0	 279.98699951171875	 279.96368408203125	 48928.68359375
39232520.0	 285.96441650390625	 284.7425537109375	 48672.9921875
39232612.0	 290.0482482910156	 274.1039733886719	 45510.3125
39232704.0	 296.212158203125	 293.7730407714844	 45922.6328125
39232800.0	 296.6322326660156	 296.923095703125	 48897.59765625
39232896.0	 298.7336120605469	 277.1528015136719	 41413.54296875
39232988.0	 299.7361145019531	 297.451904296875	 44931.0859375
39233088.0	 297.3802490234375	 264.46466064453125	 40560.26953125
39233280.0	 286.4541015625	 320.3091125488281	 73374.53125
39233372.0	 304.3210754394531	 300.70013427734375	 49004.09375
39233464.0	 298.6209411621094	 286.9281005859375	 45929.7890625
39233560.0	 304.2795715332031	 282.046630859375	 42396.28515625
39233656.0	 303.7584228515625	 282.8244934082031	 44935.8984375
39233748.0	 308.3236389160156	 274.7826232910156	 42821.01171875
39233844.0	 318.037109375	 269.1336364746094	 49620.43359375
39233940.0	 319.7492370605469	 239.02734375	 44756.25390625
39234036.0	 315.9769287109375	 251.66920471191406	 41494.41015625
39234128.0	 313.5306396484375	 256.3741760253906	 40527.78515625
39234224.0	 311.2662353515625	 266.657958984375	 41986.61328125
39234320.0	 312.1058349609375	 258.6554870605469	 40720.984375
39234412.0	 307.83795166015625	 272.36590576171875	 44040.37890625
39234508.0	 306.62042236328125	 271.8255310058594	 40456.359375
39234604.0	 302.6264343261719	 277.0468444824219	 44546.7578125
39234700.0	 300.36865234375	 278.4346008300781	 44004.58984375
39234796.0	 309.9468078613281	 274.9539794921875	 44396.16796875
39234888.0	 310.0522766113281	 274.1732482910156	 42292.12890625
39234984.0	 303.0174255371094	 281.74237060546875	 46338.9921875
39235076.0	 306.5767517089844	 266.2825012207031	 39463.75390625
39235172.0	 309.3702087402344	 274.9277038574219	 43511.91015625
39235264.0	 307.3321838378906	 265.0657958984375	 40875.44921875
39235364.0	 305.23321533203125	 265.8238525390625	 39237.17578125
39235460.0	 301.17169189453125	 315.0384216308594	 52521.37109375
39235552.0	 305.68798828125	 285.7644348144531	 42118.70703125
39235644.0	 304.4969482421875	 288.4283447265625	 44185.7421875
39235740.0	 302.72381591796875	 282.708984375	 40293.37109375
39235836.0	 302.4156188964844	 278.1590576171875	 44303.3203125
39235928.0	 304.4504089355469	 283.7527770996094	 40355.0234375
39236024.0	 306.7522888183594	 293.1880798339844	 45848.80859375
39236116.0	 306.1164245605469	 282.5295104980469	 39296.68359375
39236216.0	 301.3673095703125	 288.2559509277344	 42933.4765625
39236404.0	 311.483154296875	 253.43629455566406	 32065.8515625
39236500.0	 309.05072021484375	 275.8965148925781	 41487.546875
39236596.0	 308.2744445800781	 285.5003967285156	 42688.6640625
39236692.0	 304.7353210449219	 279.8763427734375	 42643.125
39236784.0	 309.9140625	 275.3624267578125	 45188.8515625
39236876.0	 310.0064697265625	 264.3413391113281	 40510.5546875
39236976.0	 305.63092041015625	 283.61688232421875	 44446.95703125
39237072.0	 307.5741882324219	 256.8103942871094	 41956.75390625
39237164.0	 307.66033935546875	 270.3566589355469	 40281.63671875
39237260.0	 315.5687255859375	 247.46669006347656	 39361.82421875
39237352.0	 297.7338562011719	 303.109130859375	 45954.421875
39237448.0	 297.0823669433594	 285.8843994140625	 42497.6875
