START:	 56.40000000000053
END:	 56.50000000000053

r [km]	 vr [km/s]	 np [cm-3]	 T [K]
39237544.0	 297.3876647949219	 513.0333251953125	 66990.578125
39237636.0	 296.8143310546875	 515.9301147460938	 67706.4453125
39237724.0	 296.4115905761719	 512.4935302734375	 66915.421875
39237812.0	 297.6432800292969	 510.82440185546875	 64991.76953125
39237904.0	 297.5661926269531	 512.2131958007812	 66800.1953125
39237992.0	 296.16168212890625	 518.3007202148438	 67902.03125
39238172.0	 298.0082702636719	 520.1527709960938	 66106.609375
39238264.0	 297.4623107910156	 517.2484741210938	 67368.3828125
39238352.0	 300.1202087402344	 509.13909912109375	 66198.8828125
39238440.0	 297.2351989746094	 513.9916381835938	 66560.6953125
39238532.0	 296.0243835449219	 511.19775390625	 66124.75
39238620.0	 295.56658935546875	 507.8226318359375	 67824.203125
39238712.0	 294.5771484375	 524.7682495117188	 71784.4375
39238800.0	 294.5740966796875	 515.1141357421875	 67356.390625
39238892.0	 294.3812561035156	 517.3145141601562	 67977.203125
39238980.0	 295.1855773925781	 524.0811767578125	 69557.9453125
39239072.0	 294.5119934082031	 513.9639282226562	 69321.625
39239160.0	 295.8808288574219	 513.7886352539062	 67390.0078125
39239248.0	 293.14666748046875	 507.5617370605469	 67088.609375
39239340.0	 291.3661804199219	 508.9410705566406	 67533.375
39239428.0	 290.97021484375	 513.5401611328125	 66650.203125
39239516.0	 291.8943786621094	 513.5999755859375	 68422.5625
39239608.0	 292.4465637207031	 517.042236328125	 68893.7265625
39239700.0	 291.24072265625	 519.4642944335938	 69837.5078125
39239788.0	 289.9526062011719	 517.0618896484375	 67982.234375
39239876.0	 290.6217346191406	 519.119140625	 68821.2109375
39239964.0	 289.263427734375	 521.5419921875	 69431.21875
39240052.0	 291.27392578125	 509.10552978515625	 67276.4296875
39240144.0	 289.4936828613281	 513.2335205078125	 66283.4453125
39240236.0	 290.9691467285156	 513.794677734375	 68485.3125
39240324.0	 290.7621154785156	 513.4019165039062	 67933.5625
39240412.0	 292.3058166503906	 506.2240295410156	 67298.5703125
39240500.0	 292.465087890625	 509.8256530761719	 68230.28125
39240592.0	 292.1279602050781	 516.9815063476562	 70953.0078125
39240680.0	 292.5432434082031	 505.20477294921875	 66619.796875
39240772.0	 292.7457580566406	 512.0808715820312	 69678.015625
39240860.0	 293.2096862792969	 506.7798156738281	 67558.5234375
39240956.0	 293.3089904785156	 511.78363037109375	 66329.9140625
39241132.0	 293.1642150878906	 497.8186950683594	 64446.97265625
39241220.0	 292.8222351074219	 507.36260986328125	 68746.5703125
39241308.0	 292.5071105957031	 502.4736328125	 69017.625
39241400.0	 292.84442138671875	 507.18634033203125	 66375.3984375
39241488.0	 291.9893798828125	 506.3138122558594	 67434.359375
39241580.0	 292.4722595214844	 509.94903564453125	 68854.3359375
39241668.0	 293.5687561035156	 510.6656494140625	 66582.6796875
39241760.0	 295.1158447265625	 513.5210571289062	 68063.203125
39241848.0	 294.8868713378906	 516.9063720703125	 68690.234375
39241936.0	 294.64837646484375	 512.2975463867188	 67496.5
39242028.0	 294.4527893066406	 515.2259521484375	 67948.6484375
39242116.0	 294.74505615234375	 505.82098388671875	 66879.7421875
39242204.0	 294.17584228515625	 512.7271118164062	 68429.4453125
39242296.0	 293.8990173339844	 507.4101257324219	 67923.375
39242388.0	 294.0097351074219	 508.3940734863281	 70736.703125
39242476.0	 294.1938171386719	 506.05133056640625	 69164.7734375
39242564.0	 293.4249572753906	 502.7518310546875	 66368.5625
39242652.0	 293.3772277832031	 504.95428466796875	 68604.4296875
39242740.0	 293.56317138671875	 499.2060241699219	 66405.890625
39242836.0	 296.0238037109375	 502.6534729003906	 66223.234375
39242924.0	 296.1624450683594	 495.31512451171875	 62977.01953125
39243012.0	 294.89105224609375	 490.4398193359375	 64761.69921875
39243104.0	 294.0065612792969	 508.0235290527344	 68534.3671875
39243188.0	 293.844482421875	 504.0629577636719	 67976.984375
39243280.0	 294.2261657714844	 511.1764831542969	 71512.7265625
39243372.0	 295.23590087890625	 506.4628601074219	 68805.1953125
39243464.0	 294.68841552734375	 506.1423034667969	 67691.984375
39243552.0	 294.75567626953125	 510.5895690917969	 68273.3515625
39243644.0	 294.82452392578125	 507.8481750488281	 68795.484375
39243728.0	 295.0830383300781	 504.9468078613281	 68452.40625
39243820.0	 295.0841064453125	 500.66009521484375	 65988.265625
39243912.0	 293.7016906738281	 507.1650085449219	 68898.765625
39244088.0	 294.4658508300781	 509.2123718261719	 67610.234375
39244176.0	 294.14862060546875	 498.1457214355469	 63640.2265625
39244268.0	 293.1756286621094	 508.0120544433594	 68978.9296875
39244356.0	 294.8251037597656	 504.6531066894531	 69025.6796875
39244448.0	 295.4170227050781	 504.0478515625	 67760.75
39244536.0	 294.7441101074219	 506.60369873046875	 66842.90625
39244624.0	 294.0912780761719	 501.7474365234375	 67527.484375
39244716.0	 294.2188720703125	 508.3172302246094	 68807.171875
39244804.0	 293.510009765625	 507.6886901855469	 70541.6328125
39244896.0	 294.0180358886719	 502.0332946777344	 66128.4140625
39244984.0	 294.4442443847656	 507.70361328125	 68542.1640625
39245076.0	 294.59979248046875	 507.1112976074219	 68883.6796875
39245164.0	 293.990478515625	 510.7825622558594	 69677.546875
39245252.0	 294.35125732421875	 507.1246643066406	 69561.1328125
39245344.0	 294.3266296386719	 511.4508972167969	 69047.5703125
39245428.0	 296.1646728515625	 514.2249145507812	 67871.8671875
39245524.0	 296.438232421875	 510.6803894042969	 67056.328125
39245612.0	 296.14532470703125	 502.11102294921875	 65344.28125
39245700.0	 296.3837585449219	 507.11846923828125	 66428.21875
39245792.0	 296.1432800292969	 513.873779296875	 68013.4140625
39245880.0	 296.59246826171875	 501.27642822265625	 65800.5
39245972.0	 296.7860107421875	 509.9919128417969	 66042.8828125
39246060.0	 296.24505615234375	 510.60662841796875	 64556.2890625
39246152.0	 296.6199951171875	 505.189697265625	 63858.046875
39246240.0	 296.1370544433594	 501.959228515625	 62930.1171875
39246332.0	 296.81402587890625	 500.5267639160156	 63813.80078125
39246416.0	 296.41082763671875	 502.2244567871094	 65188.45703125
39246504.0	 295.8848571777344	 509.1900329589844	 69290.34375
39246600.0	 296.27069091796875	 508.37799072265625	 65606.125
39246688.0	 294.8089599609375	 506.0105895996094	 67504.71875
39246776.0	 294.6530456542969	 503.4323425292969	 67562.203125
39246864.0	 294.867919921875	 510.71649169921875	 66940.7265625
39247048.0	 295.0039367675781	 504.0849609375	 68811.0859375
39247136.0	 294.5102233886719	 504.82452392578125	 65586.5390625
39247224.0	 294.3318176269531	 508.40887451171875	 65951.796875
39247312.0	 294.7375183105469	 505.5766906738281	 64619.01171875
39247404.0	 294.5130615234375	 515.293212890625	 67930.5234375
39247492.0	 295.1725769042969	 508.364990234375	 63329.73828125
39247584.0	 295.3956604003906	 510.4239501953125	 63428.48046875
39247672.0	 295.4291076660156	 510.5049743652344	 64015.30859375
39247764.0	 294.6607666015625	 521.449462890625	 69063.2734375
39247852.0	 295.1828918457031	 511.51068115234375	 66024.2734375
39247940.0	 295.12982177734375	 508.6053466796875	 65349.6796875
39248032.0	 294.8052062988281	 511.3111267089844	 66582.34375
39248120.0	 294.9242248535156	 508.33013916015625	 66211.484375
39248212.0	 295.6814270019531	 503.52783203125	 65380.6328125
39248300.0	 295.51239013671875	 507.537841796875	 65077.4140625
39248392.0	 295.2264709472656	 512.4861450195312	 68510.6875
39248480.0	 295.9369812011719	 502.1756591796875	 63778.37890625
39248568.0	 296.5640563964844	 496.19775390625	 61008.42578125
39248660.0	 294.7867431640625	 515.4320068359375	 67743.1953125
39248748.0	 294.948486328125	 511.43536376953125	 65353.1328125
39248840.0	 293.65911865234375	 507.45098876953125	 66317.171875
39248928.0	 295.4062805175781	 507.9461669921875	 64978.74609375
39249020.0	 295.1332092285156	 512.5861206054688	 71348.8046875
39249108.0	 295.5887145996094	 497.1536865234375	 64337.046875
39249196.0	 295.0647888183594	 499.99639892578125	 66008.4765625
39249288.0	 295.44073486328125	 495.3653869628906	 64073.328125
39249376.0	 294.8026123046875	 502.6152648925781	 66012.4140625
39249468.0	 295.4761047363281	 502.285888671875	 66138.515625
39249552.0	 294.632568359375	 499.0472717285156	 64075.73828125
39249644.0	 294.4287414550781	 507.1864318847656	 67062.9921875
39249736.0	 294.277099609375	 504.1974792480469	 65281.71484375
39249824.0	 294.9798583984375	 500.3224792480469	 64370.58203125
39250000.0	 294.7140197753906	 496.3525390625	 64807.21875
39250092.0	 294.333984375	 498.0083923339844	 64126.80078125
39250180.0	 294.2983093261719	 500.5186767578125	 66218.1640625
39250272.0	 294.2398681640625	 496.8983459472656	 65554.0703125
39250360.0	 294.2322998046875	 499.8404541015625	 66002.0859375
39250448.0	 294.8096923828125	 493.3380126953125	 64096.19921875
39250540.0	 294.87078857421875	 499.5146789550781	 64483.953125
39250628.0	 294.6541442871094	 496.9818420410156	 63252.14453125
39250720.0	 294.9305114746094	 497.9946594238281	 65348.51953125
39250812.0	 294.0224609375	 498.68231201171875	 66844.3125
39250900.0	 294.2373962402344	 500.81658935546875	 67382.828125
39250988.0	 294.4152526855469	 501.0362548828125	 66351.5546875
39251076.0	 294.0400390625	 499.6537780761719	 67985.9375
39251168.0	 294.7596130371094	 497.5570983886719	 65490.5703125
39251260.0	 295.3773193359375	 495.55841064453125	 63609.75390625
39251348.0	 294.9162292480469	 500.5918884277344	 66471.5
39251436.0	 294.9889221191406	 501.6490783691406	 66553.09375
39251532.0	 295.07366943359375	 502.2386779785156	 64343.90625
39251616.0	 294.83392333984375	 501.5036926269531	 64051.0234375
39251704.0	 295.4779052734375	 505.18902587890625	 65227.0234375
39251796.0	 294.750732421875	 506.99713134765625	 67276.328125
39251884.0	 294.6513671875	 507.0987548828125	 65854.6328125
39251976.0	 294.6766357421875	 502.31048583984375	 65063.58984375
39252064.0	 294.1447448730469	 504.23602294921875	 66133.2578125
39252152.0	 294.82257080078125	 507.8661193847656	 67079.8203125
39252244.0	 295.82464599609375	 496.8652038574219	 65940.6796875
39252332.0	 295.10516357421875	 502.620361328125	 66771.859375
39252424.0	 295.2326354980469	 508.35943603515625	 68978.125
39252512.0	 295.0533752441406	 513.0153198242188	 67279.5390625
39252604.0	 295.1785583496094	 506.65545654296875	 65123.8828125
39252692.0	 294.6094055175781	 507.6543273925781	 67966.0234375
39252780.0	 295.1588439941406	 505.0142822265625	 67289.03125
39252956.0	 295.4452819824219	 504.9599914550781	 66299.9921875
39253052.0	 294.3396911621094	 507.7823486328125	 64149.73828125
39253140.0	 294.4761962890625	 512.7288208007812	 64857.25
39253232.0	 294.1873474121094	 514.3004150390625	 65715.7109375
39253320.0	 293.9512634277344	 521.52099609375	 68918.7265625
39253408.0	 294.5972595214844	 510.9614562988281	 64538.4296875
39253496.0	 294.265869140625	 513.6248168945312	 64995.91796875
39253588.0	 293.711181640625	 511.75653076171875	 65054.1015625
39253680.0	 293.0686950683594	 520.9429321289062	 69033.109375
39253768.0	 293.55743408203125	 516.3322143554688	 67984.609375
39253860.0	 293.40887451171875	 517.7094116210938	 67276.328125
39253944.0	 294.4684753417969	 506.67138671875	 66065.8515625
39254032.0	 294.1949462890625	 510.8453674316406	 66368.6484375
39254128.0	 294.3434143066406	 500.1188049316406	 63049.8359375
39254216.0	 293.6871643066406	 514.9613037109375	 69909.6796875
39254304.0	 293.9944152832031	 505.7710266113281	 64705.8515625
39254392.0	 294.35223388671875	 505.2232971191406	 64209.80859375
39254484.0	 293.51708984375	 510.9072570800781	 65804.53125
39254572.0	 293.57806396484375	 513.8165893554688	 64710.33984375
39254660.0	 293.2255554199219	 515.0625610351562	 66012.9375
39254752.0	 293.67340087890625	 519.91943359375	 66360.015625
39254840.0	 293.7471618652344	 513.782958984375	 65970.78125
39254932.0	 293.7007141113281	 513.43408203125	 65705.9765625
39255020.0	 293.6050720214844	 509.4375	 64441.6015625
39255112.0	 294.121826171875	 512.156494140625	 63381.86328125
39255200.0	 293.53900146484375	 511.7286071777344	 66774.515625
39255288.0	 293.62969970703125	 513.0376586914062	 65942.9140625
39255380.0	 293.4628601074219	 509.9026794433594	 65138.25
39255468.0	 293.68670654296875	 511.1273498535156	 64773.921875
39255560.0	 293.5450744628906	 510.1300048828125	 65210.11328125
39255648.0	 293.8534240722656	 510.79644775390625	 66214.8984375
39255740.0	 293.39306640625	 513.55078125	 64488.640625
39255916.0	 293.54498291015625	 507.2695007324219	 63856.28125
39256008.0	 293.3771057128906	 507.8963317871094	 63817.015625
39256096.0	 293.197021484375	 514.7637329101562	 65017.390625
39256188.0	 293.54010009765625	 511.49615478515625	 64939.9453125
39256276.0	 292.9556884765625	 517.0647583007812	 67300.96875
39256364.0	 292.6419982910156	 512.1865234375	 66530.7578125
39256456.0	 292.6931457519531	 506.7479248046875	 63512.24609375
39256544.0	 292.3105163574219	 513.2628784179688	 67419.125
39256636.0	 293.5410461425781	 511.03582763671875	 63596.93359375
39256724.0	 292.85113525390625	 518.3927001953125	 67405.671875
39256816.0	 292.39971923828125	 516.0730590820312	 66388.2265625
39256904.0	 292.9870910644531	 515.9580078125	 66010.390625
39256992.0	 292.4764099121094	 516.892333984375	 68736.2890625
39257084.0	 293.327392578125	 510.3434143066406	 67327.9296875
39257172.0	 293.7093200683594	 514.4497680664062	 67309.1953125
39257264.0	 293.58843994140625	 512.986083984375	 65178.06640625
39257348.0	 293.69757080078125	 517.0170288085938	 65146.62890625
39257440.0	 294.1393737792969	 517.6738891601562	 65158.58984375
39257528.0	 293.8861083984375	 527.1016845703125	 66988.921875
39257616.0	 293.4827880859375	 529.6170654296875	 68574.859375
39257712.0	 294.2812194824219	 522.9978637695312	 64547.87890625
39257796.0	 294.10992431640625	 520.9840087890625	 65446.0546875
39257888.0	 293.8367614746094	 522.3515625	 64808.265625
39257976.0	 293.9082336425781	 520.7023315429688	 65048.09375
39258068.0	 295.0438232421875	 520.2142944335938	 62209.734375
39258160.0	 294.743408203125	 517.904296875	 62502.96875
39258248.0	 294.1980895996094	 524.7664794921875	 65041.96875
39258336.0	 294.81634521484375	 523.1331787109375	 64648.97265625
39258428.0	 294.3172302246094	 520.5927124023438	 64328.9375
39258520.0	 294.57830810546875	 522.4351806640625	 64164.1640625
39258604.0	 294.7488098144531	 527.1387329101562	 65737.625
39258696.0	 294.7640686035156	 522.5472412109375	 64631.44140625
39258876.0	 294.83172607421875	 517.1050415039062	 63205.87890625
39258964.0	 294.61370849609375	 522.5501098632812	 65446.6015625
39259052.0	 295.4554748535156	 520.48681640625	 62589.33203125
39259148.0	 294.7597351074219	 527.8003540039062	 64565.734375
39259232.0	 294.7911071777344	 523.7738647460938	 65552.5703125
39259320.0	 295.09832763671875	 519.10302734375	 63475.859375
39259412.0	 295.34326171875	 524.1552734375	 63988.671875
39259500.0	 295.0387878417969	 524.8688354492188	 63775.578125
39259592.0	 294.9786682128906	 526.628662109375	 65710.984375
39259680.0	 294.81903076171875	 518.3193969726562	 64630.70703125
39259772.0	 295.1461181640625	 519.7510986328125	 64078.08984375
39259860.0	 295.0598449707031	 526.52734375	 67365.0
39259948.0	 295.0914306640625	 520.749755859375	 64739.12109375
39260040.0	 295.01019287109375	 521.8341064453125	 66025.8515625
39260128.0	 294.8257141113281	 523.3388061523438	 68096.0703125
39260220.0	 295.1253967285156	 521.54833984375	 64212.375
39260308.0	 295.48406982421875	 519.2799072265625	 63791.98046875
39260396.0	 295.04119873046875	 523.2454833984375	 64754.546875
39260488.0	 295.00897216796875	 520.1958618164062	 66663.9765625
39260576.0	 295.5234680175781	 510.98858642578125	 63302.5078125
39260668.0	 295.5322570800781	 512.7454833984375	 63231.9765625
39260756.0	 295.23651123046875	 513.5952758789062	 63495.0234375
39260848.0	 295.4471740722656	 526.6171875	 65462.0078125
39260936.0	 296.11517333984375	 512.1682739257812	 63479.765625
39261024.0	 296.3448181152344	 514.947021484375	 65073.55078125
39261116.0	 296.0668029785156	 519.1411743164062	 65700.5859375
39261204.0	 296.0354919433594	 522.3540649414062	 66484.34375
39261296.0	 295.8972473144531	 523.4622802734375	 65858.2890625
39261384.0	 295.7919921875	 510.92681884765625	 65197.44140625
39261476.0	 295.50030517578125	 510.2326965332031	 65456.03125
39261564.0	 296.0134582519531	 501.23236083984375	 62061.15625
39261652.0	 295.5755920410156	 509.3682861328125	 64699.0625
39261828.0	 295.6717224121094	 501.6900939941406	 62913.2421875
39261924.0	 295.3134460449219	 507.0923767089844	 62829.56640625
39262012.0	 295.3027648925781	 513.2911376953125	 64238.58984375
39262100.0	 296.0283508300781	 505.8633117675781	 62135.60546875
39262192.0	 294.5685119628906	 520.4813842773438	 67718.6484375
39262276.0	 295.3340759277344	 508.2619323730469	 62254.37109375
39262368.0	 295.4366149902344	 512.4000244140625	 63991.98046875
39262456.0	 295.806640625	 513.2297973632812	 64356.75
39262548.0	 295.39093017578125	 509.57049560546875	 63730.859375
39262640.0	 295.51629638671875	 514.6641845703125	 64837.27734375
39262724.0	 295.1112365722656	 514.1537475585938	 64718.64453125
39262816.0	 295.43780517578125	 511.9469909667969	 64849.43359375
39262904.0	 296.64239501953125	 505.93438720703125	 61788.75
39262996.0	 295.6510009765625	 512.5433959960938	 65419.80859375
39263084.0	 295.7577819824219	 511.14666748046875	 65160.328125
39263176.0	 296.15911865234375	 513.5029296875	 64132.95703125
39263264.0	 296.4256896972656	 502.3233337402344	 62773.6328125
39263352.0	 295.75634765625	 506.0885009765625	 64105.7109375
39263448.0	 295.8464660644531	 507.4428405761719	 65749.796875
39263532.0	 295.9924011230469	 515.7640991210938	 63176.03515625
39263628.0	 295.31488037109375	 518.5885009765625	 64670.296875
39263712.0	 295.3785400390625	 518.884765625	 65386.046875
39263800.0	 295.8562927246094	 519.4755859375	 64579.8203125
39263896.0	 295.5026550292969	 515.9384765625	 62720.875
39263980.0	 295.2739562988281	 519.96337890625	 65334.828125
39264072.0	 295.1416015625	 523.1973266601562	 66717.8125
39264160.0	 295.4956359863281	 517.3861083984375	 64941.4375
39264248.0	 295.5533142089844	 512.5232543945312	 64564.38671875
39264340.0	 295.270751953125	 518.8157958984375	 65819.546875
39264428.0	 295.5400695800781	 515.746337890625	 65374.9609375
39264520.0	 295.4981994628906	 511.81689453125	 64281.45703125
39264608.0	 295.5637512207031	 517.88134765625	 65381.20703125
39264788.0	 294.4056396484375	 513.8195190429688	 62656.8125
39264876.0	 295.0920104980469	 512.2112426757812	 63357.98046875
39264968.0	 295.32379150390625	 513.7520141601562	 67663.9453125
39265056.0	 295.9342346191406	 507.81390380859375	 63052.6953125
39265148.0	 295.4381103515625	 516.781982421875	 65545.5234375
39265236.0	 295.43310546875	 513.5834350585938	 64088.75390625
39265328.0	 295.376953125	 504.0848388671875	 62793.69140625
39265416.0	 295.2304992675781	 519.2483520507812	 66848.3671875
39265504.0	 295.5967712402344	 514.06640625	 64260.45703125
39265596.0	 295.54443359375	 510.9518127441406	 63790.609375
39265684.0	 295.18341064453125	 516.6756591796875	 66866.546875
39265776.0	 295.88970947265625	 517.8549194335938	 64632.296875
39265864.0	 294.25238037109375	 513.6929321289062	 64835.25
39265952.0	 296.0911865234375	 504.2890930175781	 63681.8984375
39266044.0	 295.7115173339844	 511.07720947265625	 65599.6640625
39266132.0	 295.9559326171875	 509.66827392578125	 64886.0234375
39266224.0	 295.38592529296875	 514.1644287109375	 67667.265625
39266312.0	 295.4627990722656	 512.9742431640625	 65748.1796875
39266404.0	 295.66015625	 509.88531494140625	 64948.9765625
39266492.0	 295.6172180175781	 511.66412353515625	 64720.13671875
39266580.0	 294.08013916015625	 521.8284912109375	 68226.9765625
39266672.0	 295.1523742675781	 508.53961181640625	 64471.55859375
39266756.0	 294.99334716796875	 513.7401123046875	 66474.21875
39266852.0	 295.2738037109375	 505.50579833984375	 63918.25
39266940.0	 294.7094421386719	 510.7454833984375	 66097.1171875
39267024.0	 295.3242492675781	 510.90191650390625	 63995.2109375
39267116.0	 295.6990051269531	 519.1903686523438	 65375.09765625
39267204.0	 295.374755859375	 520.4822998046875	 64212.51171875
39267300.0	 295.5799255371094	 513.6698608398438	 64272.23046875
39267388.0	 295.8334655761719	 518.6636352539062	 63444.62890625
39267476.0	 295.4024963378906	 508.66241455078125	 64230.82421875
39267564.0	 295.0374755859375	 509.6410217285156	 65788.828125
39267744.0	 295.82110595703125	 514.6209106445312	 64938.1953125
39267832.0	 295.4695739746094	 517.396240234375	 65187.71484375
39267924.0	 295.0353698730469	 516.4251708984375	 65461.73046875
39268012.0	 295.54949951171875	 516.3372192382812	 65141.37890625
39268104.0	 296.2662048339844	 520.991455078125	 63853.515625
39268196.0	 296.0939025878906	 516.8500366210938	 62855.765625
39268284.0	 295.3500061035156	 520.4396362304688	 67820.3203125
39268376.0	 295.5885009765625	 511.8905029296875	 66072.2109375
39268460.0	 294.91265869140625	 520.3088989257812	 66823.3359375
39268552.0	 295.9496154785156	 509.71844482421875	 64953.80078125
39268644.0	 295.9246826171875	 513.7928466796875	 63809.0
39268732.0	 296.84039306640625	 503.12786865234375	 62327.47265625
39268820.0	 295.77911376953125	 514.0445556640625	 65147.4375
39268908.0	 295.42486572265625	 512.5886840820312	 65513.30078125
39269000.0	 294.983642578125	 515.1908569335938	 69920.390625
39269088.0	 294.70037841796875	 501.6184997558594	 63219.19140625
39269176.0	 294.7864074707031	 526.655029296875	 70473.6171875
39269268.0	 297.0514831542969	 502.54974365234375	 61771.32421875
39269356.0	 296.3580322265625	 512.8270263671875	 65591.3515625
39269448.0	 295.49273681640625	 520.6093139648438	 67557.09375
39269536.0	 297.401123046875	 504.2469177246094	 61643.265625
39269624.0	 296.8570556640625	 511.300048828125	 62588.94921875
39269716.0	 297.2135009765625	 512.1007080078125	 62501.98828125
39269804.0	 297.5435791015625	 510.95330810546875	 62315.91015625
39269896.0	 297.4240417480469	 518.381103515625	 64571.8125
39269984.0	 297.3684997558594	 515.7091674804688	 64396.98046875
39270076.0	 297.0628356933594	 521.7515258789062	 64989.94140625
39270164.0	 297.74676513671875	 514.9595947265625	 63048.2265625
39270252.0	 296.78271484375	 521.6842041015625	 63361.94140625
39270344.0	 297.5496826171875	 513.2198486328125	 61426.9765625
39270432.0	 297.3911437988281	 511.46038818359375	 61490.30078125
39270524.0	 297.13720703125	 514.3121337890625	 63125.8125
39270700.0	 297.5728454589844	 512.4255981445312	 60387.13671875
39270792.0	 297.3796691894531	 510.5196228027344	 62824.2578125
39270880.0	 296.7148132324219	 504.52728271484375	 61671.7734375
39270972.0	 295.4440002441406	 517.102294921875	 65674.625
39271060.0	 295.80572509765625	 505.30047607421875	 64350.4140625
39271148.0	 295.4646911621094	 505.6954040527344	 64723.96875
39271240.0	 294.9859924316406	 511.13507080078125	 67800.8984375
39271328.0	 295.62481689453125	 512.8251342773438	 68169.859375
39271420.0	 296.2655334472656	 516.7925415039062	 66835.0859375
39271508.0	 296.34002685546875	 514.9208374023438	 64869.33203125
39271600.0	 297.1570739746094	 509.8056945800781	 63949.078125
39271688.0	 296.5380859375	 514.6124267578125	 67721.6328125
39271776.0	 297.23193359375	 511.64093017578125	 65927.1640625
39271868.0	 296.1048583984375	 511.413818359375	 65057.5390625
39271956.0	 296.32916259765625	 514.9786376953125	 65961.3046875
39272048.0	 296.6138610839844	 515.9713134765625	 65512.38671875
39272136.0	 296.10296630859375	 514.0582275390625	 65327.16796875
39272224.0	 295.9245300292969	 513.1492309570312	 66082.9296875
39272312.0	 296.5198974609375	 514.8014526367188	 65232.91015625
39272400.0	 296.5321350097656	 512.7362670898438	 63964.796875
39272496.0	 295.44805908203125	 517.6760864257812	 66646.2578125
39272584.0	 296.3882141113281	 518.5206909179688	 64631.05078125
39272672.0	 296.533203125	 513.9285278320312	 63927.10546875
39272760.0	 296.24554443359375	 515.3080444335938	 63584.921875
39272848.0	 295.5108337402344	 518.7088623046875	 63620.83203125
39272940.0	 296.20526123046875	 517.6893310546875	 63923.3515625
39273032.0	 295.1107177734375	 518.264404296875	 65127.3828125
39273124.0	 296.0636901855469	 521.5697021484375	 65254.80859375
39273212.0	 295.9917907714844	 525.1765747070312	 64115.94921875
39273300.0	 296.5969543457031	 518.4869995117188	 64452.8515625
39273392.0	 297.1985778808594	 515.2268676757812	 62219.15625
39273480.0	 296.88287353515625	 519.2875366210938	 63904.40625
39273656.0	 297.1418151855469	 513.80322265625	 61272.92578125
39273744.0	 296.8065185546875	 515.9354248046875	 63535.23046875
39273840.0	 296.1059875488281	 526.3560791015625	 66977.21875
39273928.0	 296.629150390625	 517.5213012695312	 63806.140625
39274020.0	 296.577392578125	 526.339599609375	 65096.4453125
39274104.0	 296.9290466308594	 517.7887573242188	 63460.52734375
39274192.0	 296.5464782714844	 517.7759399414062	 62881.765625
39274288.0	 296.8114318847656	 512.466796875	 61296.015625
39274372.0	 297.0813293457031	 518.622314453125	 64643.55859375
39274464.0	 296.71331787109375	 518.9826049804688	 62543.66015625
39274552.0	 296.6191101074219	 518.14599609375	 62901.4921875
39274644.0	 296.4103698730469	 522.8903198242188	 65347.76171875
39274736.0	 296.2009582519531	 524.7332153320312	 66634.0625
39274820.0	 296.8503112792969	 513.9345092773438	 62415.34375
39274912.0	 296.7855529785156	 518.9527587890625	 63264.15625
39275000.0	 295.5441589355469	 524.469482421875	 66250.1328125
39275092.0	 295.4331970214844	 520.8759155273438	 64738.91015625
39275180.0	 296.13922119140625	 523.9313354492188	 69522.125
39275268.0	 298.7110290527344	 515.4453735351562	 62520.51171875
39275360.0	 298.18438720703125	 510.7043762207031	 63834.703125
39275448.0	 298.1533508300781	 517.4609375	 65576.6640625
39275540.0	 298.4863586425781	 513.9252319335938	 62499.03515625
39275628.0	 297.07611083984375	 518.1055908203125	 65620.625
39275720.0	 295.3936767578125	 514.5387573242188	 66431.2734375
39275808.0	 295.2564697265625	 507.3868103027344	 63733.6015625
39275896.0	 295.2034912109375	 507.69647216796875	 63784.91015625
39275988.0	 294.9136047363281	 513.2188720703125	 66723.4296875
39276076.0	 294.9776306152344	 510.1602783203125	 65202.7890625
39276168.0	 294.68572998046875	 514.3093872070312	 66560.078125
39276256.0	 294.85675048828125	 511.59844970703125	 63241.9453125
39276344.0	 294.3572692871094	 521.993408203125	 70843.484375
39276436.0	 295.6470947265625	 511.84466552734375	 64206.84375
39276616.0	 295.4920654296875	 505.31927490234375	 63564.96484375
39276704.0	 294.98321533203125	 511.13494873046875	 65498.26953125
39276792.0	 295.58111572265625	 512.584228515625	 63605.46484375
39276884.0	 295.6258544921875	 515.398681640625	 63918.328125
39276972.0	 295.7739562988281	 515.6782836914062	 64864.8671875
39277064.0	 295.5885314941406	 516.6776733398438	 63473.71484375
39277152.0	 295.711181640625	 514.5011596679688	 62904.69140625
39277240.0	 294.5682373046875	 515.794677734375	 67582.734375
39277332.0	 295.54986572265625	 511.3380432128906	 64860.203125
39277420.0	 295.0750732421875	 507.22601318359375	 64348.19921875
39277512.0	 293.91876220703125	 509.7198181152344	 64702.859375
39277600.0	 294.7725524902344	 510.3067932128906	 64359.5
39277688.0	 294.4139709472656	 509.7934875488281	 64326.046875
39277780.0	 294.24530029296875	 514.2745971679688	 64997.7109375
39277868.0	 294.0107421875	 512.6819458007812	 67457.6484375
39277960.0	 293.72491455078125	 514.8557739257812	 70063.03125
39278048.0	 293.42730712890625	 515.7681274414062	 68274.8984375
39278136.0	 294.1285705566406	 512.9334106445312	 66438.515625
39278228.0	 293.73895263671875	 514.6298828125	 67312.1953125
39278316.0	 294.25421142578125	 514.16162109375	 67763.7734375
39278408.0	 294.5873718261719	 509.78546142578125	 64459.171875
39278496.0	 294.08251953125	 512.8384399414062	 67874.859375
39278588.0	 294.41424560546875	 510.3024597167969	 65239.703125
39278676.0	 295.157958984375	 515.3338012695312	 67359.0546875
39278764.0	 296.02911376953125	 515.5394897460938	 64880.55078125
39278856.0	 296.28826904296875	 510.5636901855469	 66029.6796875
39278944.0	 298.0820617675781	 508.8656005859375	 61885.89453125
39279036.0	 297.4491271972656	 511.6060485839844	 64892.15234375
39279124.0	 297.62176513671875	 512.1802978515625	 63196.98046875
39279212.0	 296.92498779296875	 510.67962646484375	 65094.765625
39279304.0	 297.3306884765625	 506.95654296875	 62750.53125
39279392.0	 297.2657165527344	 514.3880615234375	 62941.78515625
39279568.0	 298.0706787109375	 502.088134765625	 60276.78515625
39279660.0	 297.2134704589844	 512.6489868164062	 63731.01953125
39279752.0	 297.0994567871094	 513.5874633789062	 64703.95703125
39279836.0	 296.95587158203125	 511.5650634765625	 65244.65234375
39279932.0	 297.13616943359375	 517.1939697265625	 64632.3125
39280016.0	 297.61224365234375	 512.549560546875	 64006.12890625
39280108.0	 297.6378479003906	 509.3554382324219	 63586.05859375
39280200.0	 296.32061767578125	 507.9857482910156	 64231.0078125
39280284.0	 296.2846984863281	 505.5390930175781	 61821.84375
39280376.0	 295.6122741699219	 518.9071655273438	 67509.125
39280468.0	 296.0985107421875	 511.47882080078125	 65274.2578125
39280552.0	 297.6432189941406	 508.54693603515625	 63951.171875
39280648.0	 297.56561279296875	 507.9524841308594	 62980.328125
39280736.0	 297.17962646484375	 510.2708740234375	 64909.82421875
39280828.0	 297.6463928222656	 507.4024658203125	 62764.26171875
39280916.0	 297.1394348144531	 513.9391479492188	 64729.33203125
39281008.0	 297.5390319824219	 510.0019836425781	 63487.12109375
39281096.0	 297.0047302246094	 523.0096435546875	 67334.8046875
39281184.0	 297.7305603027344	 514.9012451171875	 66500.4296875
39281276.0	 297.6754150390625	 509.4277648925781	 63764.7421875
39281360.0	 298.4955749511719	 511.4289245605469	 63546.48828125
39281456.0	 298.8193054199219	 516.5885009765625	 65489.734375
39281544.0	 299.5854797363281	 508.02386474609375	 65033.52734375
39281632.0	 299.9652404785156	 507.89666748046875	 63092.9140625
39281724.0	 299.66485595703125	 509.847412109375	 66072.9140625
39281808.0	 298.7955322265625	 511.6659851074219	 66743.8515625
39281900.0	 297.6641845703125	 512.158447265625	 68910.7421875
39281992.0	 297.6024475097656	 508.6085510253906	 66908.75
39282076.0	 297.3851013183594	 515.5732421875	 68780.46875
39282168.0	 297.0311584472656	 510.2118225097656	 66964.5859375
39282256.0	 296.0975646972656	 510.6167297363281	 69651.0859375
39282348.0	 295.8426208496094	 516.61767578125	 72989.2421875
39282524.0	 296.71453857421875	 503.2870788574219	 63688.81640625
39282616.0	 296.2519836425781	 513.0930786132812	 66992.7890625
39282704.0	 296.3204040527344	 519.3809204101562	 66444.796875
39282796.0	 296.4211730957031	 514.1495361328125	 62685.53515625
39282884.0	 296.6649169921875	 514.3544311523438	 64739.171875
39282976.0	 296.32110595703125	 518.2374877929688	 65802.1015625
39283064.0	 296.4281005859375	 515.7313232421875	 64708.09375
39283152.0	 296.85797119140625	 509.78582763671875	 62673.51171875
39283248.0	 296.088623046875	 512.6746215820312	 63939.91015625
39283336.0	 295.64739990234375	 511.80743408203125	 66293.203125
39283424.0	 295.5439758300781	 508.781982421875	 65838.359375
39283512.0	 294.1307678222656	 497.86376953125	 63601.7421875
39283600.0	 293.23162841796875	 507.7270202636719	 65527.484375
39283692.0	 292.244873046875	 513.8729858398438	 70766.453125
39283784.0	 292.6623840332031	 503.14190673828125	 65464.80859375
39283868.0	 292.2987976074219	 508.2165222167969	 69263.71875
39283960.0	 292.45989990234375	 509.38360595703125	 70195.3046875
39284048.0	 291.9407043457031	 503.4658508300781	 65370.53125
39284140.0	 291.4751892089844	 508.9460144042969	 66948.75
39284228.0	 292.3238830566406	 505.2608337402344	 66254.4375
39284316.0	 292.2459411621094	 510.4061584472656	 70331.65625
39284408.0	 293.0985107421875	 507.4916687011719	 69011.625
39284496.0	 292.5914001464844	 509.8157043457031	 70835.8359375
39284588.0	 293.13726806640625	 505.46905517578125	 67389.9765625
39284676.0	 293.3636169433594	 506.7249450683594	 67344.296875
39284764.0	 292.0693054199219	 506.83062744140625	 69891.375
39284856.0	 292.0202941894531	 492.0816650390625	 66341.75
39284944.0	 292.0051574707031	 503.7579040527344	 68251.0390625
39285036.0	 292.97601318359375	 502.33770751953125	 67137.1328125
39285124.0	 292.9848327636719	 498.93939208984375	 66259.5234375
39285216.0	 293.3055114746094	 501.032470703125	 68454.3515625
39285304.0	 294.14776611328125	 494.3500671386719	 65821.7890625
39285484.0	 293.2555236816406	 499.73370361328125	 66243.9296875
39285572.0	 292.9365234375	 505.0807800292969	 66914.9296875
39285664.0	 293.3273010253906	 500.605712890625	 66039.0625
39285752.0	 293.27935791015625	 504.88446044921875	 67539.96875
39285840.0	 293.36761474609375	 504.8028564453125	 66776.5078125
39285932.0	 292.8643493652344	 510.5712890625	 67825.9375
39286020.0	 293.0595397949219	 501.3169250488281	 65741.3671875
39286112.0	 291.4176940917969	 506.0054016113281	 68929.0703125
39286200.0	 291.099365234375	 510.6420593261719	 68389.5390625
39286288.0	 292.9822082519531	 492.5914611816406	 65388.09765625
39286380.0	 291.9159240722656	 505.5074462890625	 70719.6015625
39286468.0	 291.83917236328125	 509.5693054199219	 69629.6953125
39286560.0	 294.1075134277344	 498.6492614746094	 69763.5390625
39286648.0	 293.34716796875	 489.7925720214844	 67097.5703125
39286736.0	 291.9214782714844	 504.9107971191406	 73590.609375
39286828.0	 293.35357666015625	 491.2784423828125	 66808.890625
39286916.0	 292.96124267578125	 498.2489929199219	 71627.890625
39287008.0	 292.8705749511719	 495.76055908203125	 69441.171875
39287096.0	 293.2218322753906	 491.21649169921875	 69788.5625
39287180.0	 292.4598083496094	 494.3063049316406	 71134.609375
39287276.0	 292.8181457519531	 494.70965576171875	 70275.234375
39287364.0	 292.242431640625	 496.7310485839844	 73068.0625
39287456.0	 292.7853698730469	 493.0731506347656	 70640.1171875
39287544.0	 293.62860107421875	 492.2373962402344	 68144.4375
39287628.0	 292.9055480957031	 497.6385498046875	 70038.3046875
39287724.0	 292.8692626953125	 496.66998291015625	 70598.9453125
39287812.0	 292.90203857421875	 499.6983947753906	 69767.1953125
39287904.0	 292.5047912597656	 495.2550354003906	 69096.7734375
39287992.0	 292.51068115234375	 493.1165466308594	 70611.7578125
39288080.0	 293.4181823730469	 489.4502258300781	 68562.921875
39288172.0	 293.17877197265625	 498.0624694824219	 72403.8046875
39288260.0	 293.4517822265625	 497.9433288574219	 71765.15625
39288440.0	 294.5591735839844	 489.37310791015625	 67338.296875
39288528.0	 293.7054748535156	 492.2311096191406	 69215.1796875
39288620.0	 294.0791931152344	 494.946044921875	 70361.625
39288708.0	 294.2958068847656	 491.1557922363281	 67824.75
39288800.0	 293.6304931640625	 491.64239501953125	 70790.859375
39288888.0	 293.4614562988281	 493.7557678222656	 70406.0625
39288972.0	 292.7847900390625	 500.4931335449219	 73024.0859375
39289068.0	 294.0495300292969	 493.7997131347656	 69532.28125
39289156.0	 294.86334228515625	 490.58575439453125	 69025.7265625
39289248.0	 294.1634216308594	 492.989501953125	 68876.6171875
39289336.0	 293.7675476074219	 491.4855041503906	 67559.59375
39289420.0	 293.8266296386719	 500.76129150390625	 76667.3046875
39289516.0	 294.91583251953125	 496.65216064453125	 69060.890625
39289604.0	 295.662109375	 492.6706237792969	 66935.6953125
39289696.0	 295.5014953613281	 496.98480224609375	 69569.5859375
39289780.0	 294.1856689453125	 479.4026184082031	 63060.3515625
39289868.0	 291.88165283203125	 494.1407775878906	 69883.4453125
39289964.0	 293.5118408203125	 484.7399597167969	 65256.3125
39290048.0	 293.4853515625	 488.6470642089844	 66724.5625
39290144.0	 293.462890625	 490.3774108886719	 67914.703125
39290228.0	 293.266357421875	 490.49609375	 67448.171875
39290320.0	 293.0039978027344	 487.5150451660156	 66695.59375
39290412.0	 293.2393798828125	 490.1311950683594	 67223.484375
39290500.0	 293.22247314453125	 491.29058837890625	 65234.4375
39290592.0	 292.7555236816406	 482.29656982421875	 63923.3515625
39290680.0	 293.4091491699219	 489.7959899902344	 66182.359375
39290768.0	 292.8894348144531	 491.34613037109375	 67942.03125
39290860.0	 293.3843078613281	 492.3294982910156	 69154.625
39290948.0	 293.2331237792969	 487.4561462402344	 67028.6328125
39291040.0	 293.4879455566406	 491.6667175292969	 67437.890625
39291128.0	 292.86328125	 486.31591796875	 66112.0078125
39291216.0	 292.5222473144531	 491.80462646484375	 70103.5625
39291396.0	 293.3785400390625	 495.4483337402344	 68208.859375
39291488.0	 293.3642883300781	 488.1266784667969	 65587.0625
39291576.0	 293.63232421875	 489.1219482421875	 65972.9296875
39291664.0	 293.5019836425781	 494.412353515625	 66861.4921875
39291756.0	 292.5244445800781	 505.7406921386719	 68569.4453125
39291840.0	 294.0534362792969	 494.8748779296875	 67430.3125
39291936.0	 293.66375732421875	 498.1250305175781	 67986.6953125
39292024.0	 293.203369140625	 495.9131774902344	 67597.328125
39292108.0	 293.0752868652344	 496.3094482421875	 67679.65625
39292200.0	 291.73504638671875	 514.0325317382812	 70826.234375
39292288.0	 291.7587890625	 502.3477478027344	 67981.1875
39292384.0	 293.845703125	 497.3536376953125	 64055.48046875
39292472.0	 293.827880859375	 499.3096618652344	 68117.6015625
39292560.0	 293.4862365722656	 508.7658996582031	 70506.875
39292648.0	 293.7679443359375	 493.8346862792969	 65084.74609375
39292736.0	 292.78631591796875	 508.5029602050781	 68317.9453125
39292828.0	 292.5658874511719	 499.5437316894531	 67477.1796875
39292920.0	 290.44140625	 495.0464172363281	 67789.2890625
39293008.0	 290.7352600097656	 498.0058898925781	 67388.1015625
39293100.0	 291.73773193359375	 497.3795471191406	 69295.140625
39293184.0	 292.11865234375	 490.6371765136719	 67156.6484375
39293276.0	 291.7783203125	 484.5977783203125	 66831.671875
39293368.0	 292.23333740234375	 496.4703369140625	 67198.3828125
39293456.0	 292.0719909667969	 494.3416442871094	 68129.8984375
39293548.0	 292.53155517578125	 489.7005920410156	 66534.609375
39293632.0	 291.7749328613281	 497.1437683105469	 67347.703125
39293720.0	 291.5071105957031	 494.7904357910156	 68101.8515625
39293816.0	 291.9111328125	 501.12713623046875	 68742.9765625
39293904.0	 292.19085693359375	 496.5592956542969	 67569.203125
39293992.0	 291.56182861328125	 496.0863952636719	 68409.0078125
39294080.0	 291.9818115234375	 501.7129211425781	 70093.984375
39294168.0	 292.8279113769531	 502.25360107421875	 69337.6171875
39294352.0	 291.9170837402344	 497.1298522949219	 69756.6171875
39294440.0	 291.5143127441406	 503.597900390625	 68847.3828125
39294528.0	 290.9044189453125	 501.1664123535156	 69013.4375
39294620.0	 291.2298889160156	 495.11346435546875	 67108.21875
39294708.0	 290.7680969238281	 497.2416687011719	 69141.5234375
39294796.0	 291.1665954589844	 506.3402099609375	 67762.640625
39294888.0	 291.7894287109375	 506.91778564453125	 70861.125
39294976.0	 294.81396484375	 492.6429138183594	 67244.6640625
39295068.0	 295.07366943359375	 510.24212646484375	 71048.46875
39295156.0	 296.5742492675781	 503.56951904296875	 67983.84375
39295248.0	 296.71221923828125	 504.4275817871094	 68559.234375
39295336.0	 296.3940124511719	 501.8388977050781	 67482.234375
39295428.0	 294.918701171875	 505.6176452636719	 70027.546875
39295516.0	 295.04400634765625	 497.3891296386719	 68219.25
39295604.0	 294.7224426269531	 511.3831787109375	 70098.53125
39295696.0	 294.72467041015625	 510.81085205078125	 71301.421875
39295788.0	 294.3585205078125	 506.8375244140625	 68529.421875
39295876.0	 294.050537109375	 498.8959655761719	 67226.359375
39295964.0	 294.00384521484375	 488.73358154296875	 67148.7265625
39296052.0	 293.5657043457031	 514.483642578125	 71240.203125
39296140.0	 293.7479248046875	 505.83154296875	 69811.7265625
39296236.0	 294.3186950683594	 509.29541015625	 69591.40625
39296324.0	 294.3752746582031	 513.9312133789062	 69354.515625
39296412.0	 295.1489562988281	 510.599853515625	 69219.7578125
39296500.0	 295.1148986816406	 503.5566101074219	 66174.6328125
39296588.0	 293.00531005859375	 505.57891845703125	 67527.2421875
39296680.0	 292.4880676269531	 512.47607421875	 68990.03125
39296772.0	 293.7247314453125	 506.0447692871094	 67048.8203125
39296856.0	 291.8416442871094	 506.4925231933594	 69303.0078125
39296948.0	 291.2353210449219	 509.166015625	 75249.296875
39297036.0	 292.0182800292969	 508.8062438964844	 71190.625
39297124.0	 291.3893737792969	 501.4682312011719	 69182.6484375
39297304.0	 291.21173095703125	 498.968505859375	 69698.640625
39297396.0	 290.898681640625	 505.31524658203125	 70994.0234375
39297484.0	 291.4585876464844	 505.604736328125	 72246.8359375
39297572.0	 291.5766296386719	 495.7288818359375	 67503.9921875
39297664.0	 291.1220703125	 493.62261962890625	 66858.4453125
39297756.0	 291.1446533203125	 486.33538818359375	 66027.5234375
39297848.0	 290.2948303222656	 501.8440246582031	 70330.09375
39297932.0	 290.39691162109375	 499.7655334472656	 67723.171875
39298024.0	 290.8749694824219	 491.6791076660156	 67802.5859375
39298116.0	 291.1846618652344	 492.7640380859375	 66873.4140625
39298200.0	 290.7927551269531	 493.5426330566406	 67288.046875
39298292.0	 291.9632263183594	 488.65234375	 67168.2734375
39298384.0	 290.52899169921875	 490.3735656738281	 66901.703125
39298468.0	 291.77471923828125	 488.814208984375	 67902.6953125
39298560.0	 290.5180358886719	 496.691162109375	 70389.671875
39298648.0	 288.7600402832031	 496.8818359375	 73052.1484375
39298744.0	 290.0265197753906	 498.0667724609375	 68874.421875
39298828.0	 292.68927001953125	 504.9992370605469	 71969.59375
39298916.0	 292.90380859375	 496.43035888671875	 69491.2734375
39299008.0	 292.6402893066406	 494.433349609375	 68657.28125
39299096.0	 290.9249572753906	 489.8013000488281	 66895.7265625
39299192.0	 290.0372619628906	 493.35198974609375	 68864.3984375
39299276.0	 290.5841979980469	 493.94024658203125	 68035.3046875
39299368.0	 292.2218933105469	 499.5968017578125	 70890.5390625
39299456.0	 291.8487548828125	 512.0269165039062	 74471.0703125
39299544.0	 292.1884460449219	 510.19873046875	 72985.3515625
39299632.0	 292.1650390625	 501.22796630859375	 71084.5859375
39299724.0	 292.522705078125	 504.8371276855469	 70322.9140625
39299812.0	 291.8389587402344	 500.2301330566406	 72428.890625
39299904.0	 291.26141357421875	 490.0020446777344	 67365.9609375
39299992.0	 291.12554931640625	 496.0628662109375	 67949.8984375
39300080.0	 290.9039611816406	 491.3350524902344	 68231.359375
39300264.0	 291.45831298828125	 482.9587097167969	 64264.109375
39300352.0	 290.8996276855469	 498.5328674316406	 68929.765625
39300440.0	 289.99090576171875	 496.4305114746094	 69661.1953125
39300532.0	 291.2779235839844	 499.7552185058594	 68355.8984375
39300620.0	 291.71405029296875	 504.4852600097656	 70790.84375
39300708.0	 291.4408264160156	 495.7657165527344	 69272.96875
39300800.0	 291.9273376464844	 502.833251953125	 70668.921875
39300892.0	 291.8656921386719	 504.3356018066406	 67561.4140625
39300980.0	 291.45355224609375	 503.4004211425781	 69327.1171875
39301068.0	 291.198486328125	 504.31365966796875	 70082.390625
39301156.0	 291.52276611328125	 511.1808166503906	 72589.4765625
39301248.0	 291.6212158203125	 501.2463073730469	 69576.8203125
39301340.0	 291.1664123535156	 499.787353515625	 68707.609375
39301424.0	 291.84375	 496.13604736328125	 67551.3984375
39301516.0	 291.3986511230469	 501.64013671875	 69992.03125
39301604.0	 291.4833068847656	 504.10870361328125	 68903.140625
39301692.0	 292.0068664550781	 509.7773742675781	 69724.1015625
39301784.0	 292.2190856933594	 511.81634521484375	 70068.9140625
39301872.0	 291.5976257324219	 509.3456115722656	 68859.0390625
39301964.0	 292.05810546875	 506.8960266113281	 68911.4609375
39302052.0	 290.9368896484375	 506.9171447753906	 70171.25
39302140.0	 290.7188415527344	 512.7312622070312	 69790.171875
39302232.0	 290.5339660644531	 511.25323486328125	 70261.2734375
39302320.0	 290.26263427734375	 516.3635864257812	 72670.1328125
39302412.0	 290.3831481933594	 516.306396484375	 70665.0703125
39302500.0	 290.49041748046875	 509.5332336425781	 72092.34375
39302588.0	 291.85150146484375	 505.6252746582031	 68063.140625
39302684.0	 291.5190124511719	 502.3307189941406	 70140.1328125
39302768.0	 292.8675231933594	 516.664306640625	 69122.4609375
39302860.0	 294.5571594238281	 503.8064880371094	 69198.3828125
39302952.0	 296.9714050292969	 508.9768371582031	 68293.6953125
39303040.0	 297.3800964355469	 511.33221435546875	 68783.984375
39303216.0	 297.3772888183594	 509.22943115234375	 69524.2265625
39303312.0	 297.81134033203125	 509.0577697753906	 67148.1953125
39303396.0	 297.6897277832031	 511.5493469238281	 67675.1171875
39303488.0	 297.60357666015625	 511.855224609375	 68191.65625
39303576.0	 297.73675537109375	 504.1169128417969	 66465.078125
39303664.0	 296.4805908203125	 513.4800415039062	 70097.828125
39303752.0	 296.4606628417969	 512.34716796875	 69740.640625
39303844.0	 296.34405517578125	 512.892822265625	 69223.046875
39303932.0	 294.3887023925781	 524.681396484375	 74583.578125
39304024.0	 295.67340087890625	 523.0055541992188	 69792.6328125
39304112.0	 296.5572204589844	 505.8263244628906	 66416.6015625
39304200.0	 295.77349853515625	 520.3690795898438	 69615.640625
39304292.0	 295.7748718261719	 517.8710327148438	 70260.7109375
39304380.0	 295.8243408203125	 517.0877075195312	 68257.046875
39304472.0	 296.20953369140625	 513.2063598632812	 66118.1953125
39304560.0	 295.2801818847656	 520.9790649414062	 70831.203125
39304648.0	 294.88275146484375	 511.34649658203125	 68953.4609375
39304740.0	 293.7170104980469	 506.6376953125	 67317.640625
39304828.0	 292.74493408203125	 515.7796020507812	 70041.0234375
39304920.0	 292.1584777832031	 511.273681640625	 69724.7109375
39305008.0	 291.7337646484375	 507.1383361816406	 69119.9765625
39305100.0	 291.1971740722656	 505.4063415527344	 68790.640625
39305192.0	 291.0504455566406	 515.3130493164062	 71862.5703125
39305276.0	 293.5120849609375	 509.4938049316406	 68388.34375
39305368.0	 292.9464111328125	 499.8558654785156	 65756.84375
39305460.0	 292.9401550292969	 505.1309814453125	 67474.15625
39305544.0	 292.09747314453125	 503.7049560546875	 67146.84375
39305636.0	 292.09765625	 497.9158630371094	 70152.890625
39305724.0	 291.53192138671875	 500.55059814453125	 68680.1640625
39305812.0	 292.7100524902344	 506.65008544921875	 68732.8671875
39305904.0	 293.2322692871094	 500.0396423339844	 67896.71875
39305992.0	 292.5929870605469	 506.8122253417969	 70901.1875
39306172.0	 292.55352783203125	 491.4343566894531	 63937.8125
39306260.0	 292.0610656738281	 497.5060729980469	 67400.3046875
39306352.0	 291.6397399902344	 500.3615417480469	 67884.9375
39306440.0	 292.7194519042969	 518.2173461914062	 70738.390625
39306528.0	 292.1201171875	 496.31414794921875	 66875.1875
39306620.0	 293.7574462890625	 498.1799621582031	 66448.2578125
39306708.0	 292.8885803222656	 496.97637939453125	 67018.0
39306800.0	 292.92156982421875	 494.3350830078125	 65977.0234375
39306888.0	 292.5118408203125	 487.4348449707031	 66192.4921875
39306976.0	 292.2705078125	 497.3374938964844	 66271.7734375
39237540.0	 296.1993713378906	 285.3765869140625	 42708.97265625
39237636.0	 291.8847351074219	 277.66802978515625	 43285.85546875
39237828.0	 303.4259338378906	 273.9419860839844	 35432.49609375
39237920.0	 297.9549255371094	 291.63946533203125	 44380.234375
39238016.0	 303.7198181152344	 286.0982360839844	 44149.984375
39238112.0	 298.92169189453125	 283.94134521484375	 41923.16796875
39238208.0	 300.38702392578125	 296.6283264160156	 45083.31640625
39238300.0	 303.8751525878906	 269.701904296875	 36785.55859375
39238392.0	 295.7881774902344	 305.40362548828125	 45302.63671875
39238492.0	 297.4737548828125	 287.6347961425781	 44423.9296875
39238588.0	 295.8480529785156	 282.95782470703125	 43801.73828125
39238680.0	 295.0277404785156	 291.5745849609375	 43346.52734375
39238776.0	 294.45599365234375	 293.2023620605469	 53183.84765625
39238872.0	 296.5958557128906	 282.3571472167969	 41995.3046875
39238964.0	 293.9242248535156	 284.1636657714844	 42221.24609375
39239056.0	 295.0992431640625	 290.3157653808594	 44872.96484375
39239152.0	 299.3058776855469	 302.19903564453125	 46122.89453125
39239252.0	 305.4981384277344	 279.1969299316406	 46044.3125
39239348.0	 303.89434814453125	 277.0973205566406	 45627.69140625
39239532.0	 302.1493225097656	 261.2543640136719	 33941.921875
39239628.0	 300.69024658203125	 281.1390686035156	 44131.18359375
39239724.0	 299.4090270996094	 276.96185302734375	 38189.7265625
39239816.0	 291.8335266113281	 309.30572509765625	 48536.51171875
39239912.0	 296.3853759765625	 284.7140808105469	 47757.1484375
39240012.0	 291.591064453125	 278.9307861328125	 44071.37890625
39240104.0	 288.66595458984375	 289.8855285644531	 46518.39453125
39240200.0	 292.33599853515625	 294.2257385253906	 46500.60546875
39240292.0	 296.1895751953125	 290.3714599609375	 44969.61328125
39240388.0	 289.9782409667969	 306.9491271972656	 51721.8671875
39240484.0	 296.70635986328125	 307.984130859375	 48520.7578125
39240576.0	 308.3291931152344	 297.0650329589844	 45933.83984375
39240672.0	 310.53216552734375	 265.0709228515625	 36744.27734375
39240764.0	 317.7131652832031	 279.24749755859375	 58483.2421875
39240864.0	 334.8786926269531	 212.1265869140625	 51410.74609375
39240956.0	 324.0706787109375	 238.99847412109375	 43305.75
39241052.0	 317.6332092285156	 265.7323913574219	 42789.29296875
39241144.0	 322.1438903808594	 240.2216796875	 45069.86328125
39241240.0	 319.01336669921875	 264.4247741699219	 42895.4140625
39241336.0	 316.5043029785156	 272.4281921386719	 45025.78125
39241428.0	 307.7779846191406	 284.3240661621094	 43381.32421875
39241524.0	 305.1257019042969	 286.1204528808594	 42031.125
39241624.0	 305.6378173828125	 278.7064514160156	 39262.5859375
39241716.0	 309.1376037597656	 261.53399658203125	 34937.703125
39241812.0	 307.2142028808594	 283.8836364746094	 39750.93359375
39241904.0	 301.1131286621094	 374.1062927246094	 60845.95703125
39242000.0	 291.0036926269531	 280.91986083984375	 40917.29296875
39242092.0	 291.3159484863281	 310.06671142578125	 49686.3125
39242188.0	 285.7026672363281	 293.10845947265625	 45625.54296875
39242284.0	 285.0458984375	 315.2843933105469	 50291.84375
39242380.0	 291.3661804199219	 284.2333679199219	 41445.375
39242476.0	 282.77435302734375	 279.5472106933594	 44267.90234375
39242664.0	 284.3203125	 284.43963623046875	 48537.21875
39242760.0	 286.7474670410156	 292.8424377441406	 47693.21484375
39242852.0	 292.896240234375	 292.6185607910156	 46095.16796875
39242944.0	 296.75958251953125	 286.959228515625	 44511.01171875
39243044.0	 298.473388671875	 298.80938720703125	 46857.7265625
39243136.0	 300.63983154296875	 279.5251770019531	 41293.66015625
39243236.0	 294.6845703125	 282.7090148925781	 47864.4375
39243328.0	 287.30010986328125	 315.75958251953125	 53814.94921875
39243420.0	 296.6187438964844	 295.9792175292969	 44876.62890625
39243516.0	 292.741943359375	 288.2362060546875	 46578.66015625
39243608.0	 301.85498046875	 303.5155029296875	 45936.59375
39243704.0	 297.9642639160156	 290.58648681640625	 43509.375
39243892.0	 294.8262023925781	 287.83892822265625	 48563.7421875
39243992.0	 298.7947692871094	 299.7320861816406	 44880.97265625
39244084.0	 296.2881774902344	 298.38629150390625	 42439.95703125
39244180.0	 297.56787109375	 296.67919921875	 42570.23828125
39244276.0	 297.94500732421875	 290.80938720703125	 43526.4296875
39244368.0	 308.2945556640625	 280.845458984375	 40508.22265625
39244464.0	 305.8672790527344	 293.4844665527344	 42146.27734375
39244556.0	 310.5217590332031	 280.56085205078125	 40703.57421875
39244652.0	 304.812255859375	 284.8788757324219	 39484.29296875
39244748.0	 305.7364196777344	 286.5546875	 43909.41796875
39244844.0	 309.05682373046875	 281.3578186035156	 41463.65625
39244940.0	 305.1347351074219	 285.4258728027344	 39959.41796875
39245036.0	 305.0906066894531	 301.60980224609375	 51895.13671875
39245132.0	 310.65716552734375	 276.3912353515625	 41217.51953125
39245224.0	 305.8975830078125	 285.6684265136719	 39086.58984375
39245316.0	 303.5459899902344	 297.16229248046875	 41815.47265625
39245412.0	 306.3953552246094	 289.5023193359375	 43799.3984375
39245508.0	 307.58782958984375	 279.3564758300781	 39344.25
39245604.0	 305.07672119140625	 289.64739990234375	 41071.47265625
39245792.0	 301.1869201660156	 278.5144348144531	 37995.83984375
39245888.0	 300.69647216796875	 289.6949462890625	 43094.0625
39245980.0	 293.2641296386719	 285.06488037109375	 43619.76171875
39246076.0	 289.6940612792969	 298.33612060546875	 45877.734375
39246168.0	 292.24578857421875	 309.5863037109375	 44081.41796875
39246264.0	 291.9306945800781	 306.991943359375	 45425.33984375
39246360.0	 291.857421875	 302.71539306640625	 43099.25
39246456.0	 289.07061767578125	 293.7173156738281	 43025.0078125
39246552.0	 288.7257995605469	 296.98687744140625	 43091.71875
39246648.0	 290.1727600097656	 306.0924987792969	 45451.6875
39246740.0	 288.3052062988281	 292.2303161621094	 44239.87109375
39246836.0	 287.61956787109375	 305.22662353515625	 48105.16015625
39246928.0	 289.8885192871094	 310.1143493652344	 43955.71484375
39247024.0	 290.37109375	 285.9103698730469	 44480.71484375
39247120.0	 290.28448486328125	 283.7953186035156	 41878.01171875
39247216.0	 290.37261962890625	 298.8314514160156	 45870.5078125
39247312.0	 295.30682373046875	 282.8625183105469	 41065.5859375
39247404.0	 292.3039855957031	 302.83953857421875	 46274.28515625
39247500.0	 297.17315673828125	 291.4731750488281	 41945.21484375
39247596.0	 295.16851806640625	 289.82568359375	 44144.19140625
39247688.0	 293.6971435546875	 308.90936279296875	 46814.53125
39247784.0	 303.59442138671875	 299.7989196777344	 45464.296875
39247876.0	 300.1765441894531	 285.236083984375	 40265.76171875
39247972.0	 298.537841796875	 304.2578125	 41987.80078125
39248068.0	 297.1236877441406	 307.421630859375	 41801.4765625
39248164.0	 296.60223388671875	 297.00726318359375	 43011.48046875
39248260.0	 299.21722412109375	 299.8260498046875	 39647.35546875
39248352.0	 294.33636474609375	 296.3547058105469	 42177.96484375
39248444.0	 294.28662109375	 290.78472900390625	 41791.96484375
39248540.0	 293.10736083984375	 303.21307373046875	 44630.80078125
39248636.0	 293.7022705078125	 316.9571533203125	 44980.296875
39248728.0	 295.8146057128906	 290.00396728515625	 42276.59765625
39248920.0	 277.90301513671875	 284.1446533203125	 38001.65625
39249016.0	 289.5687561035156	 295.93280029296875	 45248.1015625
39249112.0	 294.6399230957031	 297.5862731933594	 41676.6328125
39249204.0	 293.5551452636719	 289.5296630859375	 40283.21484375
39249300.0	 294.2571716308594	 302.0415344238281	 44116.6640625
39249392.0	 298.24566650390625	 293.757080078125	 41909.57421875
39249488.0	 298.31103515625	 290.13372802734375	 39641.984375
39249584.0	 300.1921691894531	 299.2353515625	 43138.453125
39249680.0	 301.4529113769531	 282.9673156738281	 40398.20703125
39249776.0	 298.642578125	 289.3150329589844	 43139.55859375
39249964.0	 289.0502624511719	 296.0349426269531	 44462.796875
39250060.0	 291.6039123535156	 307.50946044921875	 49066.1171875
39250152.0	 292.44189453125	 291.5428771972656	 43958.08203125
39250248.0	 293.8485412597656	 292.62896728515625	 43652.4921875
39250340.0	 293.0549621582031	 287.825927734375	 43945.3515625
39250436.0	 295.6654052734375	 288.728271484375	 43624.98828125
39250532.0	 298.87548828125	 283.62530517578125	 42178.1640625
39250628.0	 293.56268310546875	 279.4010925292969	 43679.4765625
39250724.0	 296.900634765625	 287.45623779296875	 45101.25
39250816.0	 290.6504211425781	 293.613525390625	 45668.89453125
39250912.0	 293.8057556152344	 272.5547180175781	 40118.36328125
39251004.0	 289.9281921386719	 295.9347839355469	 45916.08984375
39251100.0	 287.6324157714844	 283.73443603515625	 44805.34375
39251196.0	 290.59381103515625	 296.4241943359375	 45398.8828125
39251288.0	 290.2713928222656	 299.45355224609375	 47130.96484375
39251388.0	 289.841064453125	 292.32708740234375	 44766.43359375
39251484.0	 286.01995849609375	 299.781005859375	 46808.90625
39251576.0	 285.8826599121094	 292.5127258300781	 45077.78515625
39251672.0	 285.2582092285156	 297.2685546875	 47219.9296875
39251764.0	 289.08233642578125	 291.2120056152344	 43432.36328125
39251860.0	 288.93341064453125	 304.4783020019531	 48135.56640625
39252048.0	 283.28509521484375	 291.9613342285156	 47067.21875
39252144.0	 288.5780334472656	 297.44012451171875	 46168.015625
39252240.0	 291.2391357421875	 306.74566650390625	 48568.0625
39252336.0	 291.1673278808594	 287.6855163574219	 41856.29296875
39252428.0	 287.61590576171875	 313.17791748046875	 56808.14453125
39252524.0	 288.5854187011719	 287.87835693359375	 43570.875
39252616.0	 284.03179931640625	 299.39739990234375	 48784.54296875
39252712.0	 283.80743408203125	 295.74688720703125	 46878.91015625
39252808.0	 287.430419921875	 302.8299560546875	 49821.24609375
39252900.0	 288.7989196777344	 284.5486755371094	 41847.7734375
39252996.0	 289.4381103515625	 301.8747863769531	 45151.3203125
39253096.0	 291.6416931152344	 286.14373779296875	 42957.38671875
39253188.0	 293.70758056640625	 288.1307678222656	 43032.12890625
39253284.0	 291.4570007324219	 278.2811279296875	 42151.7421875
39253376.0	 293.1371154785156	 298.6853942871094	 44460.3125
39253472.0	 289.6624450683594	 291.34149169921875	 49451.37109375
39253568.0	 289.4193420410156	 295.04644775390625	 46782.3203125
39253660.0	 289.34454345703125	 287.7129821777344	 43925.55859375
39253756.0	 291.802734375	 303.9877014160156	 45934.4375
39253848.0	 292.58807373046875	 293.0155944824219	 41930.203125
39253948.0	 293.20562744140625	 288.4934387207031	 42426.82421875
39254040.0	 293.8733215332031	 292.4122619628906	 43222.54296875
39254132.0	 293.8524169921875	 294.3601989746094	 43043.69921875
39254228.0	 295.6358337402344	 288.920166015625	 44501.046875
39254324.0	 297.05682373046875	 294.8125915527344	 41380.5390625
39254420.0	 294.9829406738281	 278.4944763183594	 40815.33203125
39254512.0	 293.4988098144531	 290.3263244628906	 43118.46875
39254608.0	 292.1159362792969	 286.9097595214844	 44151.0390625
39254704.0	 292.548828125	 285.82220458984375	 44887.03515625
39254800.0	 294.1361999511719	 298.748779296875	 42355.43359375
39254896.0	 293.78082275390625	 291.5072021484375	 41865.921875
39254988.0	 292.5911865234375	 305.2389831542969	 42298.94921875
39255180.0	 291.8652038574219	 289.8715515136719	 46158.0234375
39255272.0	 287.67138671875	 294.69329833984375	 44938.57421875
39255364.0	 297.1044921875	 275.60333251953125	 40048.0703125
39255460.0	 292.0606689453125	 286.3921813964844	 42885.01953125
39255556.0	 290.524169921875	 285.6789245605469	 41741.83984375
39255652.0	 290.63665771484375	 292.52801513671875	 45042.44140625
39255748.0	 290.2621765136719	 282.56103515625	 43521.51171875
39255840.0	 289.8533935546875	 280.4951171875	 40217.953125
39256028.0	 287.33837890625	 286.85784912109375	 45724.55078125
39256124.0	 289.21966552734375	 285.1202697753906	 42107.20703125
39256220.0	 282.3039245605469	 277.9700012207031	 41864.82421875
39256312.0	 283.6031799316406	 292.6488952636719	 49488.1875
39256408.0	 292.9576416015625	 321.2103271484375	 49964.5078125
39256508.0	 287.7158508300781	 287.7585754394531	 41842.3359375
39256600.0	 292.06884765625	 289.1588439941406	 42853.33203125
39256696.0	 295.81365966796875	 301.6694030761719	 41904.41015625
39256792.0	 294.50091552734375	 290.9891357421875	 39229.21875
39256884.0	 294.2284851074219	 294.57647705078125	 40123.19921875
39256976.0	 293.7171325683594	 290.485595703125	 37204.390625
39257072.0	 295.0044860839844	 301.11279296875	 41849.46875
39257168.0	 296.18914794921875	 290.9891052246094	 40614.515625
39257264.0	 298.3739013671875	 281.0560607910156	 44645.22265625
39257360.0	 297.16851806640625	 287.876708984375	 40447.32421875
39257452.0	 303.68975830078125	 280.04840087890625	 40672.9765625
39257548.0	 296.89312744140625	 280.303466796875	 38752.36328125
39257640.0	 297.37127685546875	 289.018310546875	 41632.77734375
39257736.0	 295.941650390625	 303.58740234375	 43109.08984375
39257832.0	 294.14276123046875	 289.4864196777344	 37485.921875
39257924.0	 292.6845703125	 298.4604187011719	 39794.0625
39258020.0	 286.68328857421875	 299.67327880859375	 40530.91015625
39258116.0	 279.8931884765625	 294.5311584472656	 42969.06640625
39258308.0	 277.2708740234375	 276.6467590332031	 33961.3515625
39258404.0	 277.5406188964844	 292.9764404296875	 45100.92578125
39258496.0	 271.7790222167969	 288.8030090332031	 46462.77734375
39258592.0	 275.19482421875	 282.92083740234375	 44981.90234375
39258684.0	 281.8394775390625	 292.0966491699219	 49036.875
39258780.0	 282.3155212402344	 291.6617126464844	 45740.75390625
39258872.0	 280.21942138671875	 286.42730712890625	 44800.3515625
39258968.0	 279.7692565917969	 282.09442138671875	 44093.1953125
39259064.0	 280.37786865234375	 289.15716552734375	 46740.46484375
39259160.0	 279.3785095214844	 293.03558349609375	 46117.19921875
39259252.0	 286.6408386230469	 298.5294494628906	 47233.09375
39259348.0	 288.7747802734375	 297.6841125488281	 45306.91015625
39259444.0	 287.1136779785156	 296.3310241699219	 47191.1796875
39259536.0	 286.8626403808594	 292.3998718261719	 47426.15625
39259632.0	 286.74346923828125	 290.2160949707031	 46602.58203125
39259728.0	 285.812255859375	 289.9599609375	 44095.0703125
39259820.0	 287.53302001953125	 285.7508850097656	 43159.4921875
39259916.0	 282.3048095703125	 275.43060302734375	 44075.4921875
39260012.0	 293.0843200683594	 288.2514953613281	 40921.0703125
39260108.0	 299.2361145019531	 283.1442565917969	 42549.68359375
39260204.0	 302.4761047363281	 283.45166015625	 41363.9453125
39260300.0	 292.57452392578125	 295.7911682128906	 42992.2890625
39260392.0	 297.1794738769531	 286.28350830078125	 40612.703125
39260484.0	 296.5003356933594	 286.9012451171875	 42302.765625
39260580.0	 306.16400146484375	 283.55767822265625	 42231.94140625
39260676.0	 280.8216552734375	 276.8815002441406	 48029.93359375
39260772.0	 283.7714538574219	 301.5392761230469	 44757.078125
39260864.0	 280.9264221191406	 293.63494873046875	 42178.71484375
39260960.0	 278.0540466308594	 301.81719970703125	 37217.88671875
39261056.0	 277.426025390625	 294.9116516113281	 37519.86328125
39261152.0	 276.1059875488281	 297.894775390625	 38607.859375
39261244.0	 279.0538635253906	 296.6618347167969	 35352.39453125
39261432.0	 277.0694274902344	 286.8509521484375	 29407.99609375
39261528.0	 280.81390380859375	 296.3426208496094	 35387.1484375
39261624.0	 281.2295227050781	 303.5528564453125	 37888.88671875
39261720.0	 281.9644470214844	 293.27667236328125	 36082.70703125
39261816.0	 279.5431823730469	 301.0233459472656	 37387.3203125
39261912.0	 279.5273132324219	 294.5744934082031	 36570.94921875
39262096.0	 278.01483154296875	 288.4305114746094	 35414.74609375
39262192.0	 278.0422058105469	 298.68328857421875	 36337.3515625
39262288.0	 280.8094482421875	 297.0074157714844	 35896.1015625
39262380.0	 278.742431640625	 297.46441650390625	 40243.87109375
39262476.0	 279.5970458984375	 294.7798156738281	 38453.0859375
39262568.0	 275.9731750488281	 291.22784423828125	 34670.90234375
39262668.0	 276.06451416015625	 294.4884338378906	 38039.4609375
39262760.0	 275.13055419921875	 298.61810302734375	 40497.4453125
39262860.0	 275.8265380859375	 296.4112548828125	 35699.24609375
39262952.0	 275.7496032714844	 293.5249938964844	 36197.23046875
39263044.0	 277.0799255371094	 296.2474365234375	 37473.21484375
39263140.0	 276.9908752441406	 292.23712158203125	 37194.859375
39263236.0	 277.8665771484375	 285.9146728515625	 32801.8359375
39263332.0	 280.695556640625	 299.7063293457031	 38140.26953125
39263424.0	 279.17474365234375	 291.53167724609375	 36277.55859375
39263520.0	 275.7940673828125	 277.6662902832031	 32228.14453125
39263616.0	 275.6325988769531	 298.2294921875	 40016.64453125
39263708.0	 276.3958435058594	 295.3709716796875	 37268.5078125
39263804.0	 276.1583251953125	 286.6134033203125	 37140.7109375
39263896.0	 274.1870422363281	 293.4629821777344	 38401.66015625
39263992.0	 276.4019775390625	 299.1142578125	 37649.91796875
39264088.0	 277.5700378417969	 301.71697998046875	 37423.94921875
39264180.0	 279.30584716796875	 295.9576416015625	 38705.20703125
39264276.0	 273.59405517578125	 300.7567443847656	 47642.49609375
39264368.0	 273.0339050292969	 289.3872375488281	 45649.5703125
39264564.0	 273.0455322265625	 300.87493896484375	 47080.99609375
39264660.0	 279.1744384765625	 303.89813232421875	 42964.26171875
39264752.0	 279.7148132324219	 281.6637878417969	 35339.4140625
39264848.0	 281.1488037109375	 291.1151428222656	 37171.61328125
39264944.0	 280.9456787109375	 297.3296813964844	 38767.69921875
39265036.0	 279.3119812011719	 297.1703796386719	 40185.53515625
39265132.0	 279.5571594238281	 293.3747253417969	 42773.390625
39265224.0	 281.3981018066406	 296.1806335449219	 39009.97265625
39265320.0	 275.0661315917969	 297.4163513183594	 42837.0546875
39265416.0	 278.41571044921875	 286.63922119140625	 39325.75
39265512.0	 277.05780029296875	 289.5409851074219	 38734.4765625
39265608.0	 282.0262145996094	 300.8379211425781	 47843.48828125
39265700.0	 283.4354248046875	 318.9132385253906	 45238.12109375
39265792.0	 287.3031311035156	 301.2037658691406	 49776.66015625
39265888.0	 288.79547119140625	 291.79388427734375	 42746.75
39265984.0	 287.4869079589844	 289.64752197265625	 44094.3359375
39266076.0	 284.4394226074219	 297.11590576171875	 44776.328125
39266172.0	 286.2953186035156	 301.9313049316406	 46745.66796875
39266272.0	 289.7251892089844	 309.67816162109375	 46160.25390625
39266364.0	 292.6536865234375	 288.4269104003906	 39932.99609375
39266460.0	 289.94921875	 303.13232421875	 47472.59375
39266552.0	 289.8255920410156	 298.3220520019531	 45448.93359375
39266648.0	 290.6493835449219	 283.9197998046875	 44001.04296875
39266740.0	 290.323974609375	 299.01019287109375	 44147.015625
39266836.0	 291.5885314941406	 288.31341552734375	 42883.796875
39266932.0	 291.7674560546875	 299.97601318359375	 43548.73828125
39267024.0	 291.80206298828125	 302.9273376464844	 40855.45703125
39267120.0	 290.6466369628906	 301.1457824707031	 40591.953125
39267220.0	 287.6792907714844	 288.7958679199219	 42987.3671875
39267312.0	 289.5144958496094	 293.1967468261719	 42177.48828125
39267404.0	 289.94244384765625	 298.1335754394531	 44971.0
39267500.0	 288.2449035644531	 296.84747314453125	 44566.00390625
39267688.0	 287.2903137207031	 313.5052490234375	 62079.390625
39267788.0	 290.6024169921875	 279.3212890625	 43194.33203125
39267880.0	 290.805419921875	 292.581298828125	 43992.76171875
39267976.0	 293.3307800292969	 290.8935546875	 41385.21875
39268168.0	 295.48614501953125	 290.55474853515625	 42774.62109375
39268260.0	 293.8136291503906	 296.6007995605469	 46065.578125
39268352.0	 298.2839050292969	 290.2037658691406	 42277.54296875
39268448.0	 298.8203430175781	 304.5753479003906	 39311.20703125
39268544.0	 297.2703857421875	 295.7320251464844	 36411.17578125
39268640.0	 295.42138671875	 304.7862548828125	 31068.86328125
39268732.0	 296.65435791015625	 313.1341857910156	 36581.89453125
39268824.0	 296.8309326171875	 297.7189636230469	 30208.814453125
39268920.0	 274.6476135253906	 296.5965270996094	 35228.8515625
39269020.0	 271.7034912109375	 294.0267333984375	 38152.18359375
39269112.0	 276.2580261230469	 299.7923889160156	 38733.12890625
39269208.0	 277.9942932128906	 306.607177734375	 38685.578125
39269300.0	 278.0192565917969	 296.7803955078125	 34981.9453125
39269396.0	 277.1175231933594	 299.2340393066406	 36667.0625
39269492.0	 276.6543884277344	 293.82122802734375	 35469.38671875
39269588.0	 276.2314147949219	 297.17071533203125	 36742.65625
39269680.0	 275.94403076171875	 297.9328918457031	 34674.4921875
39269772.0	 276.7959289550781	 299.9424133300781	 36399.828125
39269868.0	 277.2546081542969	 300.0699768066406	 35227.5703125
39269968.0	 280.698974609375	 312.7757568359375	 36589.04296875
39270064.0	 278.35809326171875	 302.8785705566406	 35547.08984375
39270156.0	 281.6026306152344	 291.2154235839844	 33569.3203125
39270252.0	 277.4695739746094	 304.05487060546875	 36489.16015625
39270344.0	 280.7005920410156	 302.8714904785156	 38934.5703125
39270440.0	 278.55120849609375	 291.2503662109375	 34193.96875
39270532.0	 277.8160095214844	 312.9969482421875	 38218.75390625
39270628.0	 283.76123046875	 298.6889343261719	 37169.6875
39270816.0	 276.38348388671875	 300.9110412597656	 29925.857421875
39270916.0	 278.56707763671875	 294.5079040527344	 38339.234375
39271008.0	 278.1935729980469	 309.67742919921875	 42035.14453125
39271104.0	 277.9617614746094	 288.0657653808594	 35808.0859375
39271200.0	 273.2448425292969	 303.7918395996094	 37129.58984375
39271292.0	 282.9884033203125	 302.9944763183594	 36702.01953125
39271388.0	 281.409912109375	 301.92095947265625	 36964.22265625
39271480.0	 283.0511169433594	 307.42340087890625	 37140.42578125
39271576.0	 283.133544921875	 308.4126281738281	 33523.25390625
39271672.0	 277.7774353027344	 307.2669372558594	 35181.81640625
39271764.0	 283.3013000488281	 322.6987609863281	 35910.6796875
39271864.0	 286.33612060546875	 304.42059326171875	 36315.0859375
39271956.0	 287.4789123535156	 308.8219299316406	 38814.71484375
39272052.0	 284.3588562011719	 299.6742248535156	 34356.70703125
39272144.0	 284.431640625	 310.734130859375	 37022.06640625
39272240.0	 286.07073974609375	 298.04473876953125	 35322.9296875
39272336.0	 284.7986755371094	 308.0837097167969	 35230.36328125
39272428.0	 288.7087707519531	 310.3974609375	 36080.07421875
39272524.0	 290.6592102050781	 311.47601318359375	 37207.2890625
39272616.0	 289.051025390625	 310.2515869140625	 34421.07421875
39272712.0	 285.35125732421875	 306.9322204589844	 34798.2890625
39272812.0	 295.66748046875	 317.02398681640625	 34281.66015625
39272904.0	 297.8134460449219	 304.0253601074219	 31971.3671875
39273000.0	 287.2460632324219	 299.6865234375	 32817.796875
39273092.0	 285.0513916015625	 311.1512451171875	 35625.57421875
39273188.0	 276.87255859375	 298.0267333984375	 43085.4296875
39273280.0	 275.9294128417969	 286.609130859375	 35121.58984375
39273376.0	 272.1698913574219	 296.2343444824219	 37641.7734375
39273472.0	 271.25244140625	 309.6914367675781	 44645.234375
39273564.0	 271.6644592285156	 292.6778564453125	 38778.74609375
39273660.0	 267.156982421875	 298.9892272949219	 41594.11328125
39273752.0	 273.329345703125	 297.9789123535156	 39131.46875
39273948.0	 271.1752624511719	 282.3434143066406	 29044.873046875
39274040.0	 270.6025695800781	 295.1195983886719	 41868.82421875
39274228.0	 273.2840270996094	 297.1930847167969	 35035.5703125
39274324.0	 275.7264404296875	 292.80633544921875	 37325.46484375
39274420.0	 274.4544982910156	 300.8955383300781	 38719.22265625
39274512.0	 270.21954345703125	 304.94903564453125	 36572.875
39274608.0	 271.0270690917969	 318.082275390625	 40374.078125
39274700.0	 271.85205078125	 309.01129150390625	 40008.1328125
39274800.0	 273.8363342285156	 302.4672546386719	 39956.03125
39274896.0	 276.5057373046875	 310.4067077636719	 40342.34375
39274988.0	 285.1214294433594	 309.25567626953125	 36596.13671875
39275084.0	 277.4220275878906	 286.781494140625	 37167.34765625
39275176.0	 275.45538330078125	 299.524658203125	 39534.6171875
39275272.0	 272.2886657714844	 290.3450012207031	 35913.45703125
39275368.0	 275.6977233886719	 304.33349609375	 39999.41015625
39275460.0	 274.1252746582031	 301.4881591796875	 40546.13671875
39275556.0	 274.02606201171875	 308.1938781738281	 40247.7109375
39275648.0	 276.95111083984375	 303.84893798828125	 40697.47265625
39275748.0	 277.77801513671875	 301.5739440917969	 41431.53515625
39275840.0	 276.1177978515625	 301.2587585449219	 38849.41015625
39275936.0	 274.91278076171875	 304.0511474609375	 39854.62890625
39276032.0	 275.51788330078125	 294.6163024902344	 35652.75390625
39276124.0	 277.14056396484375	 320.06195068359375	 40407.01953125
39276220.0	 274.2476501464844	 318.6490173339844	 42356.80859375
39276316.0	 277.513671875	 289.1321716308594	 36829.76171875
39276412.0	 276.84552001953125	 299.5524597167969	 42919.89453125
39276504.0	 278.04571533203125	 304.2128601074219	 39621.66796875
39276596.0	 278.3385925292969	 309.0292053222656	 37659.40234375
39276696.0	 278.9749755859375	 306.24334716796875	 40723.03515625
39276788.0	 276.6368103027344	 278.9694519042969	 32784.41015625
39276884.0	 278.3959045410156	 307.9713439941406	 39848.91796875
39277072.0	 277.9207458496094	 298.4809265136719	 41817.58203125
39277168.0	 279.78936767578125	 299.8740539550781	 37139.203125
39277260.0	 280.0127258300781	 307.29132080078125	 37872.234375
39277356.0	 279.3583068847656	 301.1627197265625	 39264.6171875
39277452.0	 274.8854064941406	 290.33380126953125	 35658.15625
39277544.0	 275.2854309082031	 294.6297607421875	 38034.44140625
39277640.0	 278.11163330078125	 303.65283203125	 37951.2421875
39277740.0	 276.3054504394531	 294.70947265625	 33976.65234375
39277832.0	 272.3511047363281	 305.2129821777344	 40532.19140625
39277928.0	 270.9449157714844	 305.750244140625	 40830.9453125
39278020.0	 271.7440490722656	 303.83953857421875	 39924.19921875
39278116.0	 268.431884765625	 286.9013366699219	 38623.7578125
39278212.0	 267.85430908203125	 305.7829895019531	 39120.94921875
39278304.0	 267.15997314453125	 295.5018615722656	 37560.6015625
39278400.0	 272.45611572265625	 318.1165466308594	 37399.69140625
39278492.0	 272.7193298339844	 290.19073486328125	 33512.77734375
39278588.0	 273.55096435546875	 296.06903076171875	 37916.5703125
39278688.0	 276.8548278808594	 302.2667236328125	 35482.71875
39278780.0	 267.7607116699219	 295.92779541015625	 36594.125
39278876.0	 267.186767578125	 298.1378479003906	 35212.64453125
39278968.0	 268.88763427734375	 305.7109375	 38263.29296875
39279064.0	 271.4115905761719	 316.25836181640625	 39418.50390625
39279156.0	 275.0605163574219	 322.5105285644531	 39147.71875
39279252.0	 285.7099914550781	 332.51080322265625	 39763.61328125
39279348.0	 290.5578918457031	 308.6983337402344	 34818.70703125
39279440.0	 290.33209228515625	 315.60687255859375	 34932.953125
39279536.0	 288.6364440917969	 296.666748046875	 35105.1328125
39279632.0	 287.24786376953125	 311.4896545410156	 36748.234375
39279728.0	 288.25567626953125	 304.50518798828125	 35643.2890625
39279824.0	 291.48712158203125	 314.4006652832031	 36541.4765625
39279916.0	 288.88702392578125	 310.8431701660156	 37416.66796875
39280012.0	 287.30194091796875	 301.2565002441406	 34056.515625
39280296.0	 284.64141845703125	 308.69049072265625	 38141.828125
39280388.0	 286.9502868652344	 304.20343017578125	 35684.875
39280484.0	 289.3758239746094	 321.5830383300781	 37951.359375
39280576.0	 290.5115966796875	 295.43585205078125	 32972.6796875
39280672.0	 286.1664733886719	 310.0970764160156	 40432.94921875
39280772.0	 285.6334533691406	 315.25732421875	 36570.4921875
39280864.0	 290.2662353515625	 321.5670471191406	 36281.328125
39280960.0	 289.30120849609375	 308.17755126953125	 34372.67578125
39281056.0	 290.7262878417969	 316.10821533203125	 37298.73828125
39281148.0	 284.4919128417969	 298.2161865234375	 35084.87109375
39281244.0	 281.5906677246094	 316.0091857910156	 38010.078125
39281336.0	 283.41094970703125	 326.3349609375	 39816.4765625
39281432.0	 285.6120910644531	 304.7903747558594	 35994.5546875
39281524.0	 285.9765625	 308.8134460449219	 36810.34375
39281620.0	 285.5496826171875	 315.1578063964844	 36827.70703125
39281720.0	 284.37548828125	 302.8982238769531	 34671.26171875
39281812.0	 280.60150146484375	 299.7064208984375	 33396.25390625
39281908.0	 285.41131591796875	 307.789306640625	 38357.16015625
39282000.0	 291.5263977050781	 306.1688232421875	 34830.296875
39282096.0	 296.3994445800781	 293.85894775390625	 31339.939453125
39282192.0	 290.356689453125	 309.3804016113281	 35995.2890625
39282284.0	 290.6545104980469	 306.9217224121094	 32561.78515625
39282380.0	 288.8861999511719	 304.63983154296875	 34694.76953125
39282472.0	 282.00250244140625	 305.9714050292969	 35417.80078125
39282568.0	 281.11358642578125	 304.5402526855469	 36754.109375
39282664.0	 283.58306884765625	 304.92047119140625	 35333.3125
39282764.0	 281.2270812988281	 307.5733642578125	 37028.94921875
39282856.0	 282.7724914550781	 311.14715576171875	 37407.6953125
39282952.0	 282.23443603515625	 307.3494567871094	 36491.12890625
39283044.0	 280.1225280761719	 300.6468811035156	 35305.12109375
39283140.0	 280.24005126953125	 303.03997802734375	 35333.8984375
39283328.0	 277.47998046875	 286.5855407714844	 28382.080078125
39283424.0	 278.36322021484375	 300.816162109375	 36734.8515625
39283516.0	 278.1549987792969	 307.3847961425781	 36201.59765625
39283612.0	 281.6485595703125	 311.5525207519531	 38544.53515625
39283704.0	 283.10516357421875	 302.6069030761719	 35384.7421875
39283804.0	 278.5077819824219	 308.46905517578125	 37428.23046875
39283896.0	 275.1836242675781	 296.55560302734375	 34155.09765625
39283992.0	 283.12921142578125	 316.4131774902344	 37539.09765625
39284088.0	 281.9386901855469	 298.6503601074219	 33421.14453125
39284180.0	 283.7169189453125	 300.68426513671875	 36334.78125
39284276.0	 284.98553466796875	 316.5816345214844	 37883.80859375
39284372.0	 278.3533020019531	 309.21575927734375	 39088.66015625
39284464.0	 281.65185546875	 321.7912292480469	 37041.3203125
39284560.0	 283.7901611328125	 322.0780029296875	 37314.890625
39284652.0	 282.6982421875	 313.1329040527344	 37008.84375
39284748.0	 279.9297180175781	 304.8822937011719	 38635.22265625
39284844.0	 283.1085510253906	 309.93646240234375	 36223.03125
39284940.0	 283.0111999511719	 316.35467529296875	 40043.6796875
39285036.0	 284.638671875	 295.84124755859375	 41408.19921875
39285128.0	 283.33984375	 307.7781677246094	 51982.55078125
39285224.0	 290.617431640625	 260.6218566894531	 39988.23046875
39285316.0	 300.41259765625	 311.51568603515625	 45296.66015625
39285412.0	 305.354736328125	 290.14129638671875	 41713.73046875
39285508.0	 307.5704650878906	 283.8945617675781	 41142.9140625
39285600.0	 305.82720947265625	 280.62567138671875	 39874.48828125
39285696.0	 303.1564025878906	 289.6093444824219	 42584.00390625
39285788.0	 304.05621337890625	 292.3736267089844	 43657.01953125
39285888.0	 302.8089294433594	 282.53778076171875	 40402.48828125
39285984.0	 303.0182189941406	 294.8056335449219	 42412.765625
39286080.0	 302.76702880859375	 291.11572265625	 42978.63671875
39286172.0	 302.7327575683594	 297.7720031738281	 43982.25390625
39286456.0	 308.7428283691406	 278.672607421875	 37076.875
39286548.0	 306.5666809082031	 287.3406677246094	 41725.078125
39286644.0	 305.3520202636719	 285.2232360839844	 42032.921875
39286736.0	 301.8699035644531	 288.2436828613281	 43151.19921875
39286832.0	 300.1909484863281	 267.9933776855469	 36469.30078125
39286932.0	 291.1565856933594	 282.1519470214844	 42526.59375
39287024.0	 292.9381408691406	 284.6812744140625	 42490.91015625
39287120.0	 294.9329833984375	 288.8687744140625	 41938.8359375
39287216.0	 293.2367858886719	 296.81390380859375	 44750.44140625
39287308.0	 295.7267150878906	 292.49285888671875	 46220.83203125
39287404.0	 292.80743408203125	 295.4870910644531	 46489.1640625
39287592.0	 288.7452087402344	 281.78668212890625	 39410.71875
39287688.0	 286.3146667480469	 298.115478515625	 47579.64453125
39287780.0	 292.6279602050781	 289.3258361816406	 41133.640625
39287876.0	 293.77093505859375	 305.090087890625	 44342.421875
39287968.0	 292.355712890625	 297.0410461425781	 44428.27734375
39288068.0	 289.7911071777344	 289.34344482421875	 42681.77734375
39288164.0	 294.08453369140625	 299.090576171875	 43661.65234375
39288256.0	 292.7193298339844	 281.4281005859375	 38316.421875
39288352.0	 283.8586120605469	 300.3075256347656	 47828.2734375
39288444.0	 290.3671569824219	 285.8763427734375	 39113.265625
39288540.0	 289.72662353515625	 301.3993225097656	 46267.80859375
39288632.0	 290.41387939453125	 297.34088134765625	 43197.453125
39288728.0	 284.6048583984375	 293.283203125	 44607.296875
39288820.0	 282.6230773925781	 296.64996337890625	 45261.18359375
39288916.0	 290.5095520019531	 297.11724853515625	 45175.3359375
39289012.0	 295.8268737792969	 299.612548828125	 43500.42578125
39289108.0	 296.4666748046875	 291.3817443847656	 40935.0625
39289208.0	 297.7603759765625	 307.96600341796875	 44436.59765625
39289300.0	 299.67724609375	 287.456787109375	 44471.625
39289392.0	 299.1479797363281	 287.95404052734375	 44163.5703125
39289580.0	 294.9312744140625	 272.71466064453125	 33320.45703125
39289676.0	 287.88885498046875	 283.78094482421875	 42351.92578125
39289772.0	 285.50518798828125	 293.6922912597656	 43427.66015625
39289864.0	 285.67095947265625	 292.7992858886719	 45659.16796875
39289960.0	 285.5721130371094	 288.9273986816406	 46156.15234375
39290052.0	 286.67828369140625	 295.6859130859375	 47791.2421875
39290152.0	 284.4292297363281	 294.4748229980469	 48686.98046875
39290248.0	 286.37109375	 288.77581787109375	 43451.77734375
39290340.0	 289.6793518066406	 295.3085021972656	 43952.31640625
39290436.0	 289.066162109375	 295.9172668457031	 47032.44921875
39290528.0	 291.29791259765625	 291.2899169921875	 44477.9609375
39290624.0	 292.3748474121094	 293.855712890625	 46918.28125
39290720.0	 288.1774597167969	 290.22833251953125	 45384.94140625
39290816.0	 281.294921875	 297.3879699707031	 58275.50390625
39290908.0	 282.41754150390625	 295.0796813964844	 43553.1875
39291004.0	 291.3733215332031	 305.0740661621094	 44866.0
39291096.0	 291.6850891113281	 302.0917053222656	 49322.5703125
39291192.0	 293.31890869140625	 292.2558288574219	 43374.453125
39291288.0	 294.9680480957031	 288.987060546875	 43233.28515625
39291384.0	 291.49005126953125	 281.8377685546875	 43867.94140625
39291476.0	 283.0794372558594	 293.6034240722656	 43416.48046875
39291572.0	 280.3979187011719	 268.59912109375	 43523.01171875
39291668.0	 279.8503723144531	 288.66009521484375	 47805.2265625
39291760.0	 280.4908142089844	 300.4249267578125	 47126.83203125
39291856.0	 280.5775146484375	 272.7875061035156	 42610.96875
39291948.0	 281.2616271972656	 297.3480224609375	 45140.1328125
39292044.0	 284.5155029296875	 293.4058532714844	 42772.296875
39292140.0	 280.9012756347656	 281.751220703125	 43110.99609375
39292232.0	 276.7381896972656	 279.9454345703125	 46476.7421875
39292424.0	 282.6985778808594	 273.38427734375	 42225.078125
39292520.0	 283.0755615234375	 289.7791748046875	 45642.30078125
39292712.0	 281.9083557128906	 297.65496826171875	 50647.28515625
39292804.0	 285.1798400878906	 302.67047119140625	 45607.30078125
39292896.0	 283.9626770019531	 299.28289794921875	 45101.8359375
39292992.0	 283.4433898925781	 300.8955993652344	 44996.51953125
39293088.0	 282.8161315917969	 290.87579345703125	 44188.125
39293184.0	 273.51422119140625	 309.01214599609375	 54403.1171875
39293276.0	 281.92803955078125	 296.2479248046875	 45071.6328125
39293372.0	 282.7958679199219	 289.315673828125	 44695.8203125
39293468.0	 278.9471740722656	 288.16864013671875	 45192.171875
39293564.0	 274.6380615234375	 304.77301025390625	 51132.96484375
39293656.0	 273.94549560546875	 295.9450378417969	 49661.75390625
39293752.0	 275.7705383300781	 304.8326110839844	 49207.1171875
39293848.0	 278.07025146484375	 293.7446594238281	 46554.9453125
39293940.0	 278.6808776855469	 282.5938720703125	 42819.55078125
39294036.0	 274.21551513671875	 284.2662658691406	 50083.2890625
39294132.0	 276.0627746582031	 290.1735534667969	 46692.92578125
39294224.0	 273.9735412597656	 297.3601379394531	 54512.04296875
39294320.0	 274.82318115234375	 294.5382080078125	 50555.54296875
39294412.0	 278.5220642089844	 291.25018310546875	 45984.56640625
39294508.0	 275.6959228515625	 288.635009765625	 47600.8671875
39294604.0	 278.599365234375	 284.4693298339844	 42704.3046875
39294700.0	 276.1936340332031	 282.4006042480469	 45404.68359375
39294796.0	 275.5201416015625	 290.7240905761719	 43527.828125
39294892.0	 276.3367614746094	 292.971435546875	 48805.80078125
39294984.0	 277.66717529296875	 289.1395263671875	 45997.61328125
39295076.0	 278.19873046875	 288.0533447265625	 47403.21484375
39295172.0	 279.583740234375	 297.35443115234375	 48510.94140625
39295264.0	 280.497802734375	 287.6629943847656	 45203.828125
39295360.0	 285.6020812988281	 294.50927734375	 44957.65625
39295456.0	 289.2815856933594	 302.88238525390625	 45694.87109375
39295548.0	 290.2341003417969	 303.5108642578125	 51694.44140625
39295644.0	 290.0115051269531	 294.2478332519531	 42134.08984375
39295836.0	 285.27288818359375	 285.0045471191406	 37590.1640625
39295932.0	 285.4140319824219	 291.3630676269531	 46395.3671875
39296028.0	 284.62762451171875	 305.8216247558594	 47371.625
39296120.0	 280.1968688964844	 295.9403381347656	 47640.53125
39296216.0	 279.1502380371094	 297.1875915527344	 48166.64453125
39296308.0	 278.0713806152344	 281.7607421875	 44529.11328125
39296404.0	 277.69110107421875	 291.99951171875	 46864.60546875
39296500.0	 276.8941955566406	 292.41131591796875	 46669.203125
39296592.0	 278.8766174316406	 287.08428955078125	 46047.62890625
39296688.0	 279.5385437011719	 295.41619873046875	 47784.5546875
39296780.0	 279.61712646484375	 297.4952087402344	 50416.8828125
39296880.0	 279.9906311035156	 296.1661071777344	 46984.87890625
39296972.0	 278.963134765625	 291.5825500488281	 45169.5546875
39297068.0	 280.458251953125	 298.5457458496094	 54598.59765625
39297164.0	 278.8118896484375	 282.86944580078125	 45245.1171875
39297256.0	 276.6711730957031	 300.47735595703125	 48274.875
39297352.0	 281.4582214355469	 288.4887390136719	 43142.55078125
39297448.0	 278.5482482910156	 279.1319274902344	 43525.35546875
39297544.0	 280.0835876464844	 289.8170471191406	 46562.34375
39297636.0	 279.3330993652344	 293.5413513183594	 45632.15625
39297728.0	 278.76849365234375	 286.38360595703125	 50809.55859375
39297824.0	 280.9552307128906	 292.3717041015625	 46690.6875
39297916.0	 280.2778625488281	 297.86529541015625	 50126.60546875
39298016.0	 281.3933410644531	 291.1483154296875	 44696.4375
39298112.0	 282.12664794921875	 291.6146240234375	 46674.3984375
39298208.0	 281.7560119628906	 283.2110290527344	 44364.99609375
39298300.0	 278.04937744140625	 303.06829833984375	 56522.48046875
39298488.0	 279.7293701171875	 283.6706237792969	 44343.34375
39298584.0	 279.5380859375	 282.88885498046875	 43935.1171875
39298676.0	 281.28094482421875	 291.86676025390625	 46566.4375
39298772.0	 281.10882568359375	 296.28887939453125	 49469.05859375
39298960.0	 273.31903076171875	 282.7486877441406	 53412.609375
39299056.0	 278.7184753417969	 292.890625	 48615.8203125
39299152.0	 279.8878479003906	 286.04010009765625	 45293.19921875
39299248.0	 279.7286682128906	 290.1430358886719	 44106.0625
39299344.0	 279.9071350097656	 300.1216735839844	 46830.50390625
39299436.0	 278.750732421875	 289.6726989746094	 46085.8203125
39299532.0	 278.1007385253906	 290.6025695800781	 48078.2578125
39299624.0	 279.26580810546875	 289.60009765625	 45864.80859375
39299720.0	 281.7493591308594	 291.09869384765625	 47061.68359375
39299816.0	 279.61224365234375	 300.7759704589844	 50853.85546875
39299908.0	 279.1971740722656	 284.3112487792969	 44624.1171875
39300004.0	 283.0875549316406	 293.9590759277344	 45062.33203125
39300096.0	 282.4532165527344	 301.8275146484375	 50390.99609375
39300192.0	 284.6729431152344	 293.3244323730469	 43073.9296875
39300288.0	 279.8175048828125	 293.78900146484375	 46202.02734375
39300384.0	 279.3007507324219	 280.2362976074219	 44032.86328125
39300476.0	 275.8748779296875	 288.25750732421875	 48553.94921875
39300572.0	 280.0206604003906	 300.84967041015625	 45329.20703125
39300668.0	 276.9866638183594	 284.978759765625	 46373.22265625
39300764.0	 278.40936279296875	 285.9352111816406	 44556.46875
39300860.0	 277.7274475097656	 299.00634765625	 51582.76953125
39300952.0	 281.1824035644531	 295.14385986328125	 46577.24609375
39301048.0	 281.61358642578125	 294.26251220703125	 47742.0625
39301140.0	 282.2015075683594	 289.3976135253906	 46411.8203125
39301236.0	 279.8804931640625	 297.29034423828125	 49286.7890625
39301328.0	 282.1683654785156	 290.7145690917969	 44547.78125
39301424.0	 284.3963623046875	 285.2579040527344	 44847.98828125
39301520.0	 283.3950500488281	 299.6256103515625	 45299.83203125
39301616.0	 279.6341552734375	 289.34796142578125	 43689.92578125
39301712.0	 274.4207763671875	 298.9939270019531	 50656.71484375
39301804.0	 283.7288513183594	 295.18231201171875	 44958.25
39301900.0	 283.4162902832031	 292.08062744140625	 41968.57421875
39302088.0	 279.9482727050781	 300.0889587402344	 61598.078125
39302180.0	 281.5986022949219	 301.22509765625	 50845.3984375
39302276.0	 282.57586669921875	 294.1111145019531	 42917.375
39302372.0	 281.7054138183594	 298.0920104980469	 45725.9453125
39302468.0	 283.9523620605469	 307.3450927734375	 38694.44140625
39302564.0	 281.58746337890625	 303.98980712890625	 36486.8359375
39302656.0	 282.89483642578125	 307.33050537109375	 34454.59765625
39302752.0	 282.8608703613281	 296.0318298339844	 35743.84765625
39302848.0	 283.1155700683594	 310.4618225097656	 40221.5546875
39302940.0	 283.94342041015625	 308.9290466308594	 38192.8828125
39303036.0	 284.9374084472656	 309.04248046875	 37856.64453125
39303132.0	 282.3515625	 294.8544921875	 35668.48828125
39303224.0	 282.9783935546875	 306.515380859375	 36503.41796875
39303320.0	 281.8415832519531	 309.0448913574219	 39086.1015625
39303416.0	 282.20703125	 313.6000061035156	 37128.33203125
39303508.0	 282.89935302734375	 300.92010498046875	 35720.9921875
39303604.0	 283.3762512207031	 299.59197998046875	 36211.52734375
39303700.0	 283.7996520996094	 307.42327880859375	 34783.390625
39303792.0	 283.3749694824219	 303.0390319824219	 36548.359375
39303884.0	 285.8497314453125	 307.2386474609375	 36628.6640625
39303984.0	 283.7228088378906	 302.96826171875	 36784.26171875
39304080.0	 282.9276123046875	 304.0750732421875	 45029.4375
39304176.0	 283.53765869140625	 296.411865234375	 38904.125
39304272.0	 283.31597900390625	 303.6072082519531	 36011.3359375
39304364.0	 281.3908386230469	 300.4208068847656	 41809.68359375
39304552.0	 282.8023681640625	 300.9057922363281	 41528.37890625
39304644.0	 283.10888671875	 305.1294250488281	 40203.3046875
39304740.0	 282.01702880859375	 325.1382751464844	 42342.140625
39304836.0	 282.9653625488281	 300.87677001953125	 38705.796875
39304928.0	 285.1226501464844	 306.4467468261719	 37064.41796875
39305024.0	 284.1475830078125	 303.2474060058594	 38969.203125
39305216.0	 280.8111267089844	 313.2518005371094	 49367.9296875
39305308.0	 281.4540100097656	 303.5445861816406	 38898.6328125
39305404.0	 280.0720520019531	 298.91998291015625	 40305.3984375
39305496.0	 281.2133483886719	 298.9848327636719	 42780.82421875
39305596.0	 281.8924865722656	 301.8120422363281	 36984.7578125
39305688.0	 283.2943420410156	 297.2867431640625	 35027.23046875
39305784.0	 283.0231018066406	 298.64996337890625	 37284.7421875
39305880.0	 283.5501403808594	 305.83038330078125	 35204.96484375
39305972.0	 284.7738037109375	 309.62823486328125	 39030.70703125
39306068.0	 286.97564697265625	 313.9358825683594	 37842.66796875
39306160.0	 283.691650390625	 302.07275390625	 40897.66796875
39306256.0	 284.7306823730469	 303.00970458984375	 38832.1796875
39306348.0	 282.9346008300781	 304.472412109375	 43153.74609375
39306448.0	 289.3713073730469	 303.3902587890625	 41804.54296875
39306544.0	 283.1904296875	 309.2008056640625	 44381.71484375
39306636.0	 282.7037658691406	 305.94024658203125	 43612.3359375
39306732.0	 280.9071960449219	 302.01593017578125	 47378.09765625
39306824.0	 282.12066650390625	 296.4568786621094	 46276.33984375
39306920.0	 280.7734069824219	 303.1373596191406	 46449.28515625
39307012.0	 281.14715576171875	 297.0848693847656	 47353.30859375
