START:	 57.400000000000276
END:	 57.60000000000028

r [km]	 vr [km/s]	 np [cm-3]	 T [K]
39933188.0	 305.58367919921875	 457.927734375	 70167.7421875
39933368.0	 306.65606689453125	 452.658935546875	 65016.0859375
39933460.0	 305.31353759765625	 460.1268615722656	 71144.109375
39933548.0	 306.0016784667969	 457.731689453125	 68863.2734375
39933636.0	 305.41094970703125	 458.7642517089844	 69434.8359375
39933724.0	 305.2429504394531	 462.0397644042969	 73552.671875
39933816.0	 305.34393310546875	 461.6608581542969	 72112.7421875
39933904.0	 305.5076904296875	 459.91119384765625	 70587.0703125
39933992.0	 305.6212463378906	 458.34954833984375	 69658.1796875
39934080.0	 305.383544921875	 464.12164306640625	 73698.46875
39934172.0	 305.81597900390625	 460.0816345214844	 70349.515625
39934260.0	 306.16064453125	 457.3564453125	 68295.578125
39934348.0	 305.0640563964844	 467.8230895996094	 75050.3203125
39934440.0	 304.4794616699219	 468.1687316894531	 79051.1875
39934524.0	 305.8127746582031	 459.6996154785156	 71490.8828125
39934612.0	 305.5900573730469	 460.69488525390625	 70913.6171875
39934700.0	 305.72894287109375	 465.442138671875	 74013.34375
39934792.0	 305.333740234375	 464.1170654296875	 72877.0078125
39934880.0	 305.6847229003906	 460.22271728515625	 73874.3203125
39934968.0	 306.207763671875	 456.783447265625	 69416.1015625
39935060.0	 306.1992492675781	 461.8015441894531	 70057.9765625
39935148.0	 305.48162841796875	 467.418212890625	 73088.2109375
39935236.0	 306.05328369140625	 455.4390563964844	 68411.5546875
39935324.0	 305.5908203125	 464.7294006347656	 74681.65625
39935416.0	 305.502685546875	 461.21929931640625	 73338.625
39935504.0	 306.0000305175781	 457.8064880371094	 70637.875
39935592.0	 305.7392883300781	 461.9111633300781	 72633.5234375
39935684.0	 306.5633850097656	 454.3992004394531	 69528.828125
39935772.0	 306.1194152832031	 458.1741943359375	 71619.203125
39935860.0	 306.59649658203125	 454.04522705078125	 69667.8515625
39935948.0	 306.3462829589844	 461.5801086425781	 71286.4375
39936036.0	 305.9598693847656	 457.1438293457031	 71022.21875
39936124.0	 305.66644287109375	 461.5144958496094	 72275.90625
39936304.0	 306.18743896484375	 457.2392883300781	 70232.1328125
39936392.0	 306.3304748535156	 459.65625	 69955.5234375
39936480.0	 305.89501953125	 463.4292297363281	 72515.203125
39936572.0	 305.887451171875	 463.1601257324219	 74974.4453125
39936656.0	 305.87237548828125	 460.0868225097656	 72388.2578125
39936748.0	 306.1846618652344	 460.9783630371094	 72519.0625
39936836.0	 306.241943359375	 454.4049377441406	 72405.6171875
39936928.0	 305.9828186035156	 457.0013732910156	 69990.7265625
39937016.0	 305.82806396484375	 459.1756591796875	 70420.7265625
39937104.0	 306.1842956542969	 454.41058349609375	 68518.96875
39937192.0	 305.99932861328125	 461.8597106933594	 70823.7421875
39937280.0	 305.4559020996094	 464.8158874511719	 73674.0546875
39937368.0	 306.1825256347656	 457.84521484375	 70296.328125
39937456.0	 305.98687744140625	 461.548583984375	 72863.953125
39937544.0	 305.7237548828125	 460.5453186035156	 72264.25
39937636.0	 305.3616027832031	 468.1217956542969	 75876.734375
39937724.0	 305.7691650390625	 460.9388427734375	 73768.125
39937812.0	 305.5201721191406	 462.4391174316406	 72997.453125
39937904.0	 306.1947326660156	 457.8489074707031	 70510.5703125
39937992.0	 305.9593811035156	 461.1756591796875	 71439.5859375
39938080.0	 306.2469177246094	 455.3194274902344	 72293.5078125
39938172.0	 306.4313659667969	 458.3829345703125	 71871.78125
39938260.0	 306.34454345703125	 458.2000732421875	 70983.9140625
39938348.0	 305.71832275390625	 462.9399108886719	 74757.2578125
39938436.0	 306.3065185546875	 459.13677978515625	 72157.40625
39938528.0	 305.9131774902344	 464.6454162597656	 73827.8203125
39938616.0	 306.287109375	 455.2457580566406	 69522.8828125
39938700.0	 306.0577697753906	 459.4747009277344	 75889.09375
39938792.0	 306.38433837890625	 458.3641662597656	 73021.6015625
39938880.0	 306.19989013671875	 456.3052062988281	 71225.7890625
39938968.0	 305.9141540527344	 460.0118408203125	 72142.1171875
39939060.0	 306.40093994140625	 455.24139404296875	 70195.2578125
39939236.0	 306.5960998535156	 454.5105895996094	 69676.953125
39939328.0	 306.1833801269531	 458.96136474609375	 71147.09375
39939416.0	 306.6528625488281	 456.88763427734375	 71213.71875
39939504.0	 306.403076171875	 459.8411560058594	 72169.4921875
39939592.0	 306.00640869140625	 465.3448791503906	 74316.984375
39939684.0	 306.5984191894531	 455.5482177734375	 68926.3828125
39939772.0	 306.1891784667969	 458.24749755859375	 70988.1328125
39939860.0	 306.58599853515625	 458.7188720703125	 70464.9140625
39939948.0	 306.44122314453125	 455.3084411621094	 70108.7265625
39940036.0	 306.1846923828125	 459.66754150390625	 72641.796875
39940124.0	 306.01141357421875	 455.6618957519531	 71188.5078125
39940216.0	 306.1439208984375	 452.06536865234375	 70105.3671875
39940304.0	 305.2059326171875	 463.8122253417969	 74520.7109375
39940392.0	 305.6232604980469	 456.47027587890625	 70213.625
39940484.0	 305.9695739746094	 457.6752014160156	 70987.6015625
39940572.0	 305.6098937988281	 462.4045715332031	 72556.2421875
39940660.0	 306.1754150390625	 458.9164733886719	 72360.390625
39940748.0	 305.845947265625	 462.1790466308594	 74231.96875
39940840.0	 305.98565673828125	 467.1572265625	 73451.9375
39940928.0	 306.305908203125	 460.28875732421875	 72434.484375
39941016.0	 306.0220031738281	 464.8594665527344	 73259.84375
39941104.0	 306.2295837402344	 458.9039611816406	 70985.1953125
39941196.0	 305.36248779296875	 464.98858642578125	 75930.5390625
39941284.0	 305.3610534667969	 466.92926025390625	 74019.640625
39941368.0	 305.8200988769531	 460.3500671386719	 71772.0859375
39941456.0	 305.1595764160156	 460.041015625	 73183.53125
39941544.0	 304.8156433105469	 460.81292724609375	 72520.1015625
39941636.0	 305.1183166503906	 461.1678771972656	 70963.1171875
39941724.0	 305.1455078125	 462.5613708496094	 70122.796875
39941812.0	 305.4786376953125	 457.6537170410156	 71035.3671875
39941904.0	 304.280029296875	 460.4986877441406	 75022.9765625
39941992.0	 304.8184509277344	 458.2793884277344	 71883.328125
39942168.0	 304.99786376953125	 456.55413818359375	 70481.96875
39942260.0	 304.5884704589844	 462.5867919921875	 70445.1953125
39942352.0	 304.0058288574219	 459.8203125	 72905.140625
39942436.0	 304.47381591796875	 462.2112731933594	 73099.25
39942528.0	 305.1756896972656	 464.9613342285156	 70657.328125
39942616.0	 304.84368896484375	 461.7910461425781	 71435.4296875
39942700.0	 305.74713134765625	 458.3415832519531	 69636.6640625
39942792.0	 304.78997802734375	 464.4366455078125	 72627.796875
39942880.0	 305.3487854003906	 460.15521240234375	 70603.09375
39942968.0	 305.5097351074219	 454.71484375	 70332.8671875
39943060.0	 305.3653564453125	 458.69647216796875	 71297.1015625
39943148.0	 305.5064697265625	 454.9747619628906	 69633.7578125
39943236.0	 305.6180114746094	 456.110595703125	 69322.5390625
39943328.0	 306.12823486328125	 458.5915832519531	 69828.8984375
39943416.0	 306.7795104980469	 450.5772705078125	 68326.2578125
39943504.0	 306.1400451660156	 455.4750061035156	 71226.9609375
39943592.0	 305.9430847167969	 458.8686828613281	 72420.3125
39943684.0	 305.8875732421875	 456.9991149902344	 70247.9296875
39943772.0	 306.4709167480469	 453.90570068359375	 68684.0625
39943860.0	 306.3152160644531	 455.5704040527344	 69698.1484375
39943952.0	 306.10845947265625	 457.18035888671875	 71972.1796875
39944036.0	 305.9081115722656	 462.6466064453125	 76373.5078125
39944124.0	 306.55535888671875	 460.27960205078125	 73843.453125
39944212.0	 305.8409118652344	 459.6077880859375	 77971.0546875
39944304.0	 305.9256591796875	 454.7233581542969	 72146.0859375
39944392.0	 306.329345703125	 459.0528564453125	 72887.6875
39944484.0	 306.3329162597656	 456.5446472167969	 73115.6015625
39944572.0	 305.56243896484375	 464.9142150878906	 76235.6640625
39944660.0	 306.19708251953125	 456.67620849609375	 73407.9296875
39944748.0	 306.24884033203125	 458.90606689453125	 71902.078125
39944840.0	 306.3946228027344	 455.3077392578125	 71852.1875
39944928.0	 306.7204895019531	 453.25897216796875	 69712.640625
39945104.0	 307.0494689941406	 449.3161926269531	 66380.703125
39945196.0	 306.344482421875	 455.9446716308594	 72517.7734375
39945280.0	 306.32464599609375	 452.91717529296875	 72732.46875
39945368.0	 306.9702453613281	 451.16693115234375	 67303.1328125
39945460.0	 305.9892883300781	 458.742919921875	 73156.828125
39945548.0	 305.9765930175781	 454.21044921875	 72065.4609375
39945636.0	 306.2718505859375	 454.55706787109375	 71465.484375
39945724.0	 305.531494140625	 456.5536193847656	 71379.34375
39945816.0	 305.224853515625	 456.92919921875	 72395.125
39945904.0	 304.75909423828125	 463.1817932128906	 76374.875
39945992.0	 305.3757629394531	 456.6059265136719	 70791.828125
39946084.0	 305.7749328613281	 457.8294982910156	 72713.5
39946172.0	 305.9512634277344	 455.5364990234375	 72026.53125
39946260.0	 305.3550109863281	 463.13153076171875	 77112.5703125
39946348.0	 306.4989013671875	 456.0312194824219	 71540.265625
39946440.0	 306.5408630371094	 455.63067626953125	 72919.875
39946524.0	 306.2355041503906	 459.31353759765625	 75583.7421875
39946616.0	 305.9786071777344	 458.43865966796875	 73462.5
39946704.0	 306.4045715332031	 457.0155334472656	 71007.921875
39946792.0	 305.93487548828125	 458.68646240234375	 73112.6953125
39946880.0	 305.6974792480469	 463.7908630371094	 74588.2265625
39946972.0	 305.8363342285156	 459.0861511230469	 72952.3671875
39947060.0	 306.3299560546875	 463.5278015136719	 72711.1171875
39947148.0	 306.0644226074219	 459.4798583984375	 72629.578125
39947240.0	 305.8887634277344	 457.4470520019531	 73033.3359375
39947328.0	 306.4331359863281	 452.7468566894531	 71400.8125
39947416.0	 305.38330078125	 461.3084411621094	 74233.6015625
39947508.0	 306.22857666015625	 458.7846984863281	 70909.9375
39947592.0	 305.3446960449219	 463.21337890625	 75809.3671875
39947684.0	 306.02276611328125	 454.6049499511719	 70726.8515625
39947772.0	 305.2651062011719	 460.8377380371094	 73463.375
39947856.0	 305.5052795410156	 461.298583984375	 73691.5859375
39948036.0	 306.8708801269531	 445.4344177246094	 66170.609375
39948124.0	 304.7537536621094	 463.4824523925781	 76755.5859375
39948212.0	 305.1125793457031	 461.62115478515625	 75994.3203125
39948304.0	 306.1438293457031	 453.1063232421875	 72833.0546875
39948392.0	 305.9308776855469	 452.77728271484375	 72754.2578125
39948480.0	 305.7332458496094	 461.31524658203125	 75244.2109375
39948572.0	 304.0987243652344	 464.5487976074219	 78184.1796875
39948660.0	 305.01544189453125	 461.4649353027344	 72346.609375
39948748.0	 305.25970458984375	 463.210693359375	 75422.59375
39948840.0	 304.3595275878906	 465.96173095703125	 78623.9609375
39948928.0	 304.5962219238281	 459.7056884765625	 77893.0546875
39949012.0	 305.1808166503906	 454.3197937011719	 71538.8046875
39949104.0	 304.5870361328125	 465.43975830078125	 76331.0234375
39949192.0	 304.90887451171875	 455.7884826660156	 73302.9375
39949280.0	 304.70819091796875	 451.36993408203125	 70410.53125
39949368.0	 304.4136657714844	 454.49249267578125	 73502.828125
39949460.0	 305.6881103515625	 452.608154296875	 71813.984375
39949548.0	 305.75653076171875	 449.3343505859375	 70787.359375
39949636.0	 304.5085144042969	 466.837646484375	 74599.1015625
39949728.0	 304.34332275390625	 461.4983215332031	 75504.8203125
39949816.0	 304.70806884765625	 459.3202819824219	 74653.8046875
39949904.0	 304.48699951171875	 463.3665771484375	 80726.234375
39949996.0	 305.1383972167969	 455.1812438964844	 74395.328125
39950084.0	 304.63787841796875	 461.2556457519531	 75949.546875
39950172.0	 305.26654052734375	 451.8788146972656	 71477.1484375
39950260.0	 305.0442199707031	 457.77862548828125	 72906.453125
39950348.0	 304.8898620605469	 462.21954345703125	 74636.7421875
39950436.0	 305.03057861328125	 458.4845275878906	 73806.0390625
39950524.0	 305.2340087890625	 461.1138610839844	 72571.734375
39950616.0	 304.8079528808594	 453.9866027832031	 73226.3984375
39950704.0	 305.0555114746094	 455.3590087890625	 69618.5390625
39950792.0	 304.2289123535156	 461.4846496582031	 73863.0
39950972.0	 304.5884704589844	 455.17291259765625	 69949.2734375
39951060.0	 305.1096496582031	 453.4056091308594	 69123.703125
39951152.0	 304.93280029296875	 452.45452880859375	 70257.546875
39951240.0	 305.2898864746094	 453.12567138671875	 68700.9453125
39951328.0	 304.0732727050781	 459.7237548828125	 72502.3203125
39951412.0	 303.95416259765625	 462.4609069824219	 74463.96875
39951504.0	 304.3076477050781	 463.0839538574219	 72756.5078125
39951592.0	 304.5328063964844	 463.63226318359375	 75148.0390625
39951680.0	 304.2752990722656	 459.0308837890625	 73437.9765625
39951772.0	 304.1997985839844	 465.8221435546875	 72823.078125
39951860.0	 304.8673095703125	 456.5741882324219	 71106.2890625
39951948.0	 303.9886474609375	 460.1016845703125	 73933.6328125
39952036.0	 303.8704528808594	 457.298583984375	 70636.1875
39952128.0	 303.6017761230469	 460.3059387207031	 71891.484375
39952216.0	 303.8428955078125	 462.5127868652344	 73040.46875
39952304.0	 304.2069396972656	 463.2002258300781	 73180.515625
39952392.0	 304.00286865234375	 464.7904052734375	 75753.2109375
39952484.0	 303.9309387207031	 465.3544921875	 75775.40625
39952572.0	 304.1556091308594	 463.360595703125	 72728.2265625
39952656.0	 304.1476135253906	 457.26654052734375	 72948.5
39952744.0	 303.912841796875	 459.5499267578125	 70247.3125
39952836.0	 303.83843994140625	 456.015625	 70515.3671875
39952924.0	 303.8355712890625	 458.6660461425781	 69904.984375
39953016.0	 303.9222412109375	 460.0661315917969	 69782.234375
39953104.0	 302.5966796875	 462.5300598144531	 75884.84375
39953192.0	 304.0093078613281	 457.7748107910156	 68368.484375
39953284.0	 302.7485656738281	 464.9065246582031	 74121.21875
39953372.0	 302.8310241699219	 465.4193420410156	 74527.1015625
39953460.0	 303.6581115722656	 458.5660095214844	 67148.40625
39953552.0	 302.7240295410156	 465.7763671875	 72417.5625
39953640.0	 303.5381774902344	 455.4766540527344	 69583.359375
39953728.0	 303.1229553222656	 458.7197570800781	 70336.9296875
39953904.0	 303.70452880859375	 455.3750915527344	 66751.453125
39953992.0	 303.11053466796875	 460.9952392578125	 69906.0
39954080.0	 302.8238525390625	 461.11785888671875	 69532.9375
39954172.0	 302.76953125	 458.8500061035156	 70858.4453125
39954256.0	 302.5702209472656	 465.41522216796875	 72029.734375
39954348.0	 302.94537353515625	 462.24029541015625	 68364.7578125
39954436.0	 302.4719543457031	 467.18731689453125	 71763.609375
39954528.0	 302.22088623046875	 464.079833984375	 71576.71875
39954616.0	 302.8883972167969	 459.6740417480469	 69706.296875
39954704.0	 302.7528381347656	 462.0826416015625	 68536.421875
39954792.0	 301.61962890625	 468.38690185546875	 75125.8359375
39954884.0	 303.0983581542969	 458.3382568359375	 68003.2421875
39954968.0	 302.7623291015625	 461.7536315917969	 69144.8203125
39955056.0	 302.94024658203125	 460.0018005371094	 68767.796875
39955148.0	 302.9532165527344	 460.8630676269531	 70477.765625
39955236.0	 302.815185546875	 463.08782958984375	 70058.6796875
39955324.0	 302.83050537109375	 460.4183044433594	 70495.3515625
39955416.0	 303.02288818359375	 468.1195068359375	 71992.3671875
39955504.0	 302.8176574707031	 461.5939025878906	 69460.3984375
39955592.0	 303.11846923828125	 460.99609375	 70760.8046875
39955684.0	 303.0685729980469	 459.6914367675781	 69737.296875
39955772.0	 303.1643371582031	 464.5771484375	 71717.2265625
39955860.0	 303.2691650390625	 456.016357421875	 69595.0859375
39955952.0	 302.80712890625	 462.05224609375	 69867.234375
39956040.0	 302.40679931640625	 460.5111389160156	 68609.15625
39956124.0	 302.988037109375	 458.38092041015625	 70644.984375
39956216.0	 303.24871826171875	 459.2451171875	 69087.5
39956300.0	 302.147705078125	 466.8271789550781	 73882.0546875
39956392.0	 302.3377685546875	 459.07550048828125	 71123.109375
39956480.0	 303.0740051269531	 459.0883483886719	 69746.7890625
39956572.0	 303.6078186035156	 448.2542724609375	 65535.421875
39956656.0	 303.0760803222656	 461.8634338378906	 72943.046875
39956836.0	 301.150634765625	 461.6896057128906	 73117.1953125
39956928.0	 301.1584777832031	 467.73590087890625	 76045.3125
39957016.0	 301.6758117675781	 458.5985107421875	 70498.046875
39957104.0	 302.1790771484375	 454.2509765625	 70479.3515625
39957192.0	 301.7755126953125	 462.01995849609375	 75724.03125
39957280.0	 302.20196533203125	 463.4320373535156	 76852.59375
39957368.0	 302.0531311035156	 457.3631286621094	 73407.9375
39957456.0	 302.42352294921875	 456.9259338378906	 72993.578125
39957548.0	 302.1502685546875	 456.26934814453125	 72577.765625
39957636.0	 302.450927734375	 472.4372863769531	 76557.3515625
39957724.0	 303.1075744628906	 459.8515625	 74235.65625
39957816.0	 301.8689270019531	 472.4632568359375	 80919.4609375
39957904.0	 302.8802795410156	 464.94366455078125	 76141.6796875
39957992.0	 302.5768127441406	 466.4464111328125	 77302.1953125
39958084.0	 303.45281982421875	 464.443603515625	 76444.8125
39958172.0	 303.50244140625	 463.6412658691406	 74431.3203125
39958260.0	 303.2261962890625	 458.43353271484375	 76166.7265625
39958348.0	 303.8367919921875	 455.8841552734375	 71046.4609375
39958436.0	 303.2978820800781	 463.2652893066406	 73575.4453125
39958524.0	 303.2262878417969	 465.6858215332031	 76732.140625
39958616.0	 303.30804443359375	 467.7725524902344	 76313.78125
39958700.0	 303.9131774902344	 460.10333251953125	 74381.90625
39958792.0	 303.2337646484375	 460.7961120605469	 75259.328125
39958880.0	 304.02789306640625	 456.5622253417969	 73130.875
39958972.0	 303.876953125	 458.0906677246094	 75046.578125
39959056.0	 303.4697570800781	 463.4950256347656	 76833.3984375
39959148.0	 303.3026123046875	 458.3406066894531	 77170.5078125
39959236.0	 302.5187072753906	 461.96270751953125	 76663.4609375
39959328.0	 303.57269287109375	 459.04302978515625	 72963.3515625
39959416.0	 302.44573974609375	 469.4353332519531	 81536.828125
39959500.0	 303.0537414550781	 462.8819274902344	 76812.0078125
39959588.0	 303.2813415527344	 457.4261474609375	 72929.96875
39959768.0	 304.4402770996094	 459.4169921875	 70772.6484375
39959860.0	 305.23785400390625	 458.2480773925781	 73365.7421875
39959948.0	 303.406982421875	 469.1923522949219	 81718.515625
39960036.0	 304.4309387207031	 456.89239501953125	 72655.15625
39960124.0	 304.6163635253906	 466.374267578125	 75587.1015625
39960216.0	 304.8183288574219	 457.4446105957031	 74025.390625
39960304.0	 304.9902648925781	 458.88726806640625	 73666.0390625
39960392.0	 305.8775939941406	 455.09222412109375	 71370.2421875
39960484.0	 305.4934387207031	 458.0580749511719	 74365.5078125
39960568.0	 305.5833435058594	 461.8523864746094	 75252.2890625
39960660.0	 305.5220947265625	 453.0691223144531	 71972.0390625
39960748.0	 304.9974670410156	 457.7402038574219	 71719.2578125
39960836.0	 305.0401916503906	 454.6346130371094	 74086.109375
39960924.0	 304.7225646972656	 458.5294189453125	 75373.59375
39961016.0	 304.8460388183594	 459.7242431640625	 72438.25
39961100.0	 304.80615234375	 456.87762451171875	 72083.765625
39961192.0	 304.5250549316406	 455.8070983886719	 71824.203125
39961280.0	 304.072021484375	 458.337158203125	 72039.1328125
39961372.0	 304.30523681640625	 461.36309814453125	 73304.078125
39961460.0	 303.94793701171875	 455.1382141113281	 71597.8359375
39961548.0	 304.1166687011719	 455.3061828613281	 71768.3671875
39961636.0	 303.9422912597656	 458.5172424316406	 73635.1796875
39961724.0	 304.2042236328125	 456.98583984375	 71614.859375
39961812.0	 303.7733459472656	 459.6578063964844	 73426.546875
39961904.0	 303.78863525390625	 458.81072998046875	 73128.90625
39961992.0	 303.6514892578125	 457.6390686035156	 73523.703125
39962080.0	 303.6117248535156	 460.3050537109375	 71615.484375
39962168.0	 303.5216979980469	 458.8379211425781	 72807.65625
39962260.0	 303.83026123046875	 456.51861572265625	 71987.796875
39962348.0	 303.6440734863281	 461.0177917480469	 73489.2578125
39962436.0	 304.2406921386719	 459.37884521484375	 72144.4140625
39962528.0	 304.4129638671875	 455.8755187988281	 73453.234375
39962704.0	 306.0383605957031	 445.4590759277344	 65685.4375
39962792.0	 304.6695251464844	 461.7845764160156	 72571.171875
39962880.0	 304.2226257324219	 456.8552551269531	 70565.0703125
39962968.0	 303.66912841796875	 460.7970275878906	 73115.6015625
39963060.0	 303.35858154296875	 462.572998046875	 73799.2578125
39963148.0	 303.5476989746094	 460.36077880859375	 70972.1796875
39963236.0	 302.9834289550781	 456.9256286621094	 72450.65625
39963324.0	 302.71478271484375	 462.1676330566406	 71270.9609375
39963416.0	 303.0566711425781	 459.31536865234375	 69682.78125
39963504.0	 303.0537414550781	 462.2120361328125	 72123.3359375
39963592.0	 302.3007507324219	 463.563720703125	 71394.546875
39963680.0	 302.4631042480469	 462.1626892089844	 71378.65625
39963772.0	 303.2455749511719	 457.2735900878906	 70712.875
39963856.0	 302.53759765625	 460.18310546875	 72446.828125
39963944.0	 301.37579345703125	 462.1882629394531	 72809.5859375
39964036.0	 301.9444580078125	 461.241943359375	 69886.71875
39964124.0	 302.00970458984375	 458.62188720703125	 67611.28125
39964212.0	 301.3707275390625	 464.27520751953125	 70004.828125
39964304.0	 302.39697265625	 461.43505859375	 69336.078125
39964392.0	 302.0962219238281	 462.1808166503906	 69354.5390625
39964480.0	 301.2120056152344	 466.7247009277344	 73440.0
39964572.0	 302.4833068847656	 458.29150390625	 67539.5078125
39964660.0	 302.1246337890625	 463.0615234375	 70023.484375
39964748.0	 301.91748046875	 463.0358581542969	 71989.9140625
39964840.0	 301.93511962890625	 465.56512451171875	 77751.578125
39964924.0	 302.530029296875	 462.8368225097656	 70823.7578125
39965012.0	 302.4069519042969	 462.4588623046875	 73630.296875
39965100.0	 302.2371826171875	 463.3497009277344	 74516.15625
39965192.0	 301.94537353515625	 469.1200866699219	 76375.4296875
39965280.0	 302.8450622558594	 455.01776123046875	 70435.3984375
39965368.0	 302.39105224609375	 461.9671936035156	 71479.734375
39965456.0	 302.7308349609375	 456.780029296875	 68807.71875
39965636.0	 302.24884033203125	 463.51708984375	 68371.2265625
39965724.0	 302.331787109375	 459.49468994140625	 70215.8671875
39965812.0	 301.82855224609375	 463.04864501953125	 70274.4296875
39965904.0	 301.2701416015625	 469.5725402832031	 74922.5390625
39965988.0	 301.5744323730469	 460.2702941894531	 70589.578125
39966076.0	 301.44818115234375	 465.83538818359375	 69711.0625
39966168.0	 302.14801025390625	 456.7511901855469	 70476.359375
39966256.0	 301.7008361816406	 465.7611083984375	 72806.5
39966348.0	 302.2367858886719	 459.93994140625	 68942.046875
39966436.0	 302.07049560546875	 461.3753662109375	 67367.9609375
39966524.0	 301.5185852050781	 457.67578125	 68133.71875
39966616.0	 301.52227783203125	 455.6130065917969	 69156.3984375
39966704.0	 301.6187438964844	 458.0993957519531	 67732.5859375
39966792.0	 301.9625549316406	 458.6922607421875	 68385.5234375
39966880.0	 302.35546875	 454.91424560546875	 67792.0859375
39966972.0	 302.5713806152344	 457.798583984375	 69608.6171875
39967056.0	 302.5926818847656	 463.1427917480469	 75972.28125
39967144.0	 302.5043640136719	 465.9859924316406	 72163.921875
39967236.0	 303.2027587890625	 458.60540771484375	 69742.671875
39967324.0	 302.65838623046875	 450.8395080566406	 67441.1875
39967412.0	 302.74456787109375	 464.1211853027344	 72843.765625
39967500.0	 302.06536865234375	 456.48663330078125	 72452.84375
39967592.0	 302.7441711425781	 459.513427734375	 70892.5
39967680.0	 302.6903381347656	 458.7496337890625	 68598.7109375
39967768.0	 302.4072570800781	 458.74334716796875	 71381.859375
39967856.0	 303.2697448730469	 454.1022033691406	 69088.984375
39967948.0	 302.9405517578125	 460.2637023925781	 71310.640625
39968032.0	 302.53204345703125	 463.7906494140625	 71400.9921875
39968120.0	 302.9522705078125	 463.3194580078125	 72728.6875
39968212.0	 303.14849853515625	 459.6744384765625	 73202.125
39968300.0	 303.3696594238281	 459.8092346191406	 71145.4609375
39968388.0	 303.0716247558594	 459.61328125	 70307.0859375
39968568.0	 304.26318359375	 451.0117492675781	 66201.109375
39968660.0	 302.8843994140625	 461.4332275390625	 72029.25
39968748.0	 302.85430908203125	 456.76318359375	 69166.296875
39968836.0	 302.7685852050781	 461.5784912109375	 70385.9453125
39968928.0	 303.35992431640625	 463.25726318359375	 72503.671875
39969012.0	 303.419921875	 457.0827331542969	 71063.96875
39969100.0	 302.4408264160156	 469.8764343261719	 79408.0859375
39969192.0	 302.9582824707031	 464.1716003417969	 71700.234375
39969276.0	 302.8223876953125	 466.0126647949219	 75476.9765625
39969368.0	 303.6321716308594	 455.9587707519531	 71771.078125
39969456.0	 303.4091796875	 456.27490234375	 71746.6796875
39969548.0	 304.0426940917969	 461.0386962890625	 70864.828125
39969632.0	 303.9936828613281	 459.69598388671875	 71005.71875
39969724.0	 303.6973876953125	 461.7074279785156	 71002.8046875
39969812.0	 302.618408203125	 460.07720947265625	 71218.9609375
39969904.0	 301.6207275390625	 464.3326721191406	 78641.8984375
39969992.0	 301.6510009765625	 465.09588623046875	 74591.3203125
39970076.0	 302.04046630859375	 460.74169921875	 73006.5859375
39970164.0	 302.44720458984375	 460.09246826171875	 71548.96875
39970256.0	 301.7104797363281	 458.3306884765625	 73543.7578125
39970344.0	 301.119140625	 463.8016357421875	 77664.5
39970436.0	 302.56768798828125	 457.5602111816406	 68665.203125
39970520.0	 302.98455810546875	 452.79888916015625	 71241.40625
39970612.0	 302.0433654785156	 462.02825927734375	 73857.296875
39970704.0	 302.08306884765625	 462.3226318359375	 75543.1484375
39970792.0	 302.0810546875	 463.79376220703125	 75481.65625
39970880.0	 303.0167541503906	 455.32659912109375	 71486.9921875
39970968.0	 302.51806640625	 460.5049743652344	 71248.578125
39971060.0	 303.167724609375	 449.0584411621094	 69609.3984375
39971144.0	 302.2243347167969	 457.7680969238281	 69739.8046875
39971232.0	 301.32489013671875	 458.2118225097656	 71333.6328125
39971324.0	 302.37725830078125	 456.02923583984375	 70136.875
39971500.0	 302.49554443359375	 449.4778137207031	 70608.171875
39971588.0	 303.2503967285156	 450.6986083984375	 70875.796875
39971680.0	 302.435791015625	 461.4039306640625	 71513.484375
39971768.0	 301.5030517578125	 468.5955505371094	 77842.203125
39971856.0	 302.083740234375	 460.2799377441406	 73579.9609375
39971948.0	 301.73468017578125	 461.8392639160156	 71485.9765625
39972036.0	 301.6762390136719	 460.97662353515625	 73092.8828125
39972120.0	 301.9165954589844	 459.4338684082031	 73805.34375
39972212.0	 302.77825927734375	 459.05126953125	 72883.8046875
39972300.0	 301.58966064453125	 460.43206787109375	 76096.2109375
39972388.0	 301.1785583496094	 458.30218505859375	 77340.578125
39972476.0	 301.8231506347656	 454.7592468261719	 72542.7578125
39972568.0	 301.720703125	 454.60443115234375	 71543.9609375
39972656.0	 301.5323791503906	 459.06134033203125	 74859.6171875
39972744.0	 302.02838134765625	 459.01141357421875	 73068.1640625
39972836.0	 302.0306701660156	 453.510986328125	 70352.4453125
39972924.0	 301.4441833496094	 461.8178405761719	 75272.609375
39973012.0	 302.4473571777344	 453.3629455566406	 69373.9921875
39973100.0	 301.46490478515625	 457.68109130859375	 74851.0546875
39973188.0	 301.0262145996094	 452.3885803222656	 72662.9375
39973276.0	 301.4219055175781	 459.5601806640625	 73061.71875
39973364.0	 301.23956298828125	 454.00146484375	 70326.8515625
39973456.0	 302.125244140625	 459.3844299316406	 69729.578125
39973544.0	 301.5505065917969	 464.9573974609375	 75386.453125
39973632.0	 301.0679626464844	 456.4585266113281	 74005.75
39973724.0	 301.27276611328125	 456.97808837890625	 74645.0390625
39973812.0	 301.09674072265625	 462.4407653808594	 74088.4765625
39973900.0	 301.40185546875	 462.56646728515625	 72544.3046875
39973992.0	 301.2322998046875	 461.99566650390625	 71037.9375
39974076.0	 301.165771484375	 460.9041442871094	 72870.5078125
39974164.0	 300.99346923828125	 466.82916259765625	 75302.203125
39974252.0	 301.5351867675781	 468.967529296875	 71136.375
39974432.0	 301.5645446777344	 463.7077941894531	 67736.140625
39974520.0	 301.261962890625	 464.4566345214844	 71033.015625
39974608.0	 300.871826171875	 469.0329284667969	 74983.9921875
39974700.0	 301.6943664550781	 460.51593017578125	 70101.8828125
39974788.0	 301.88507080078125	 461.4525451660156	 68885.8671875
39974876.0	 301.86474609375	 461.4083557128906	 70572.203125
39974968.0	 301.75616455078125	 461.0262451171875	 70008.8984375
39975052.0	 301.99407958984375	 462.0695495605469	 70323.3515625
39975144.0	 301.3836669921875	 464.2633361816406	 71532.328125
39975232.0	 301.770751953125	 467.3968505859375	 74016.28125
39975320.0	 301.97528076171875	 457.52252197265625	 68672.796875
39975412.0	 301.0932922363281	 465.36566162109375	 73808.1640625
39975500.0	 301.8017578125	 462.89056396484375	 71706.953125
39975588.0	 301.5000305175781	 468.86767578125	 74157.3125
39975680.0	 301.62677001953125	 463.8433532714844	 71194.9453125
39975768.0	 301.9117431640625	 462.12237548828125	 69439.453125
39975856.0	 301.5492858886719	 461.7523498535156	 71199.703125
39975948.0	 301.77685546875	 462.0528869628906	 70227.2265625
39976028.0	 301.9725036621094	 459.25787353515625	 69886.2421875
39976120.0	 301.1676330566406	 464.0814208984375	 74791.40625
39976208.0	 301.9736022949219	 460.8244934082031	 71845.0546875
39976300.0	 301.7760925292969	 468.7491149902344	 72005.78125
39976388.0	 301.7185974121094	 463.4681091308594	 71584.0625
39976476.0	 302.2926025390625	 456.50347900390625	 69180.9609375
39976564.0	 301.8316650390625	 463.01556396484375	 72486.875
39976656.0	 302.080322265625	 457.4100341796875	 68916.375
39976744.0	 301.9820251464844	 461.72064208984375	 69045.328125
39976832.0	 302.5814514160156	 453.1128234863281	 66579.3828125
39976924.0	 301.4903564453125	 459.63238525390625	 70968.7265625
39977008.0	 301.4728088378906	 460.6451110839844	 71454.734375
39977096.0	 301.2112731933594	 464.6040344238281	 73659.4140625
39977188.0	 301.8321533203125	 458.6121520996094	 68736.8359375
39977368.0	 302.3356628417969	 454.6203918457031	 65716.234375
39977456.0	 301.9670715332031	 455.2294921875	 68409.6640625
39977544.0	 301.3873596191406	 461.5685119628906	 70184.2734375
39977632.0	 301.297119140625	 462.3453063964844	 70058.3671875
39977724.0	 301.2217712402344	 464.2423400878906	 71545.234375
39977812.0	 301.7644348144531	 457.2947082519531	 67284.9453125
39977900.0	 301.5130310058594	 457.3822021484375	 70412.6328125
39977984.0	 301.7375183105469	 462.6092224121094	 70991.640625
39978076.0	 300.8965759277344	 466.0929870605469	 72671.625
39978164.0	 301.5405578613281	 461.8183288574219	 71059.8828125
39978252.0	 301.1617431640625	 465.20098876953125	 72412.1640625
39978344.0	 300.7434997558594	 465.859619140625	 72795.8671875
39978432.0	 301.3052673339844	 465.5050048828125	 71349.3359375
39978520.0	 301.6408386230469	 459.6315002441406	 70015.765625
39978612.0	 300.8222961425781	 470.8470764160156	 75055.40625
39978700.0	 301.388427734375	 458.5694274902344	 70449.8203125
39978788.0	 300.74505615234375	 466.7424011230469	 75006.203125
39978880.0	 300.6051330566406	 465.695068359375	 74505.8671875
39978964.0	 301.13238525390625	 463.5367736816406	 72690.671875
39979052.0	 301.4104309082031	 462.8319091796875	 70192.1484375
39979140.0	 300.9035949707031	 464.8096923828125	 71668.453125
39979228.0	 302.00592041015625	 451.2884216308594	 68586.015625
39979320.0	 301.3371887207031	 459.1238708496094	 72744.6640625
39979412.0	 301.65057373046875	 457.55267333984375	 68434.4609375
39979500.0	 301.97979736328125	 461.10211181640625	 70141.140625
39979588.0	 300.744140625	 468.154541015625	 74457.6953125
39979676.0	 301.70098876953125	 459.798095703125	 68575.0703125
39979768.0	 301.7749328613281	 459.4281311035156	 72277.390625
39979852.0	 301.4311828613281	 456.6353759765625	 69294.046875
39979940.0	 300.7882385253906	 461.1340026855469	 76289.5
39980032.0	 301.01513671875	 464.2928771972656	 74798.8203125
39980120.0	 302.81866455078125	 453.8579406738281	 67814.4375
39980300.0	 302.2265930175781	 453.20208740234375	 68678.546875
39980388.0	 301.47174072265625	 460.983642578125	 74593.7578125
39980476.0	 302.1479797363281	 459.7188720703125	 71619.4140625
39980564.0	 301.1622314453125	 466.2696533203125	 76740.5
39980656.0	 301.0547180175781	 463.1929626464844	 75543.7734375
39980744.0	 300.56365966796875	 462.0863037109375	 73986.296875
39980828.0	 301.4165954589844	 452.7749328613281	 68932.4296875
39980920.0	 301.1455993652344	 459.35089111328125	 72948.0625
39981008.0	 300.6791687011719	 455.247314453125	 69936.109375
39981096.0	 299.4581298828125	 458.5669860839844	 76021.6171875
39981184.0	 300.2823791503906	 456.7113342285156	 69958.109375
39981276.0	 300.03948974609375	 454.6475524902344	 71622.03125
39981364.0	 300.0376892089844	 460.667236328125	 74133.2734375
39981452.0	 300.5392761230469	 462.12213134765625	 73130.2421875
39981544.0	 300.9820556640625	 460.09844970703125	 73065.359375
39981632.0	 300.8282165527344	 458.34832763671875	 71988.6640625
39981720.0	 301.14361572265625	 461.3707580566406	 72681.71875
39981808.0	 301.26226806640625	 458.1762390136719	 74415.359375
39981896.0	 301.35650634765625	 456.3747863769531	 74326.3046875
39981984.0	 301.42034912109375	 457.9798278808594	 72454.3046875
39982076.0	 302.0370788574219	 451.5862731933594	 71762.921875
39982164.0	 301.5000915527344	 453.8880615234375	 71224.7265625
39982256.0	 301.9664001464844	 450.7087707519531	 71653.8828125
39982340.0	 301.8057556152344	 453.6042175292969	 70346.046875
39982432.0	 301.5285949707031	 457.7274475097656	 73913.5546875
39982520.0	 300.73828125	 459.7834167480469	 76214.796875
39982612.0	 301.7556457519531	 459.35479736328125	 73519.484375
39982696.0	 302.4984130859375	 460.9084777832031	 75059.890625
39982784.0	 303.3221435546875	 453.8824462890625	 73499.484375
39982872.0	 303.33013916015625	 459.9653625488281	 75106.703125
39982964.0	 302.9867248535156	 457.10150146484375	 75561.2109375
39983052.0	 303.34906005859375	 456.2012939453125	 74252.125
39983232.0	 303.7201843261719	 447.5806884765625	 68910.5234375
39983320.0	 302.61175537109375	 461.7207336425781	 78457.203125
39983408.0	 302.8616943359375	 459.6341552734375	 77128.21875
39983496.0	 302.0338134765625	 462.94281005859375	 79059.3515625
39983580.0	 302.49896240234375	 458.4457092285156	 76339.625
39983672.0	 302.7295227050781	 461.753173828125	 75908.890625
39983764.0	 303.7916564941406	 453.972412109375	 74665.2734375
39983852.0	 303.7658386230469	 457.1543884277344	 75050.140625
39983940.0	 303.1412658691406	 457.07403564453125	 76503.5
39984032.0	 303.5315246582031	 453.5453796386719	 73760.765625
39984120.0	 303.4032287597656	 458.4561462402344	 75482.7109375
39984208.0	 302.9179382324219	 460.8264465332031	 76921.703125
39984296.0	 303.8779296875	 456.130615234375	 74675.5546875
39984388.0	 303.0086364746094	 465.30657958984375	 76860.0703125
39984472.0	 302.0032653808594	 463.27752685546875	 79170.1328125
39984560.0	 302.29656982421875	 459.2359924316406	 77320.1484375
39984652.0	 302.427001953125	 460.2465515136719	 77382.2734375
39984740.0	 301.5565185546875	 462.1809387207031	 79144.0625
39984828.0	 301.9820556640625	 454.8149108886719	 75703.828125
39984916.0	 301.9385070800781	 457.2961120605469	 75969.1328125
39985008.0	 300.55291748046875	 463.9257507324219	 79665.890625
39985096.0	 302.2857666015625	 458.37640380859375	 74328.453125
39985184.0	 301.40435791015625	 458.922119140625	 77697.2890625
39985272.0	 301.73321533203125	 464.4999084472656	 77860.140625
39985364.0	 302.67529296875	 454.1600036621094	 76052.9296875
39985448.0	 301.844482421875	 460.224609375	 78660.5859375
39985540.0	 301.28759765625	 458.6442565917969	 80841.5
39985628.0	 302.23651123046875	 460.6099853515625	 77045.921875
39985716.0	 301.04644775390625	 458.8590393066406	 79797.78125
39985804.0	 300.9986267089844	 459.28118896484375	 75774.6953125
39985896.0	 300.9580078125	 455.64666748046875	 75264.9296875
39985984.0	 300.98590087890625	 460.0440979003906	 78343.75
39986164.0	 298.7203674316406	 450.40667724609375	 75344.1328125
39986252.0	 298.85797119140625	 445.4466552734375	 75441.6171875
39986340.0	 296.2876281738281	 445.77362060546875	 73686.9140625
39986428.0	 295.4576721191406	 434.14508056640625	 71018.6875
39986516.0	 293.7319030761719	 442.517578125	 74961.203125
39986608.0	 295.5487365722656	 433.6840515136719	 69662.0546875
39986696.0	 294.598388671875	 447.02587890625	 73858.078125
39986784.0	 293.2132873535156	 436.394287109375	 71153.3046875
39986872.0	 295.7639465332031	 438.5083312988281	 71235.59375
39986964.0	 294.9138488769531	 450.7597351074219	 72408.6796875
39987052.0	 294.4845886230469	 438.45855712890625	 71365.5625
39987140.0	 296.432373046875	 448.85809326171875	 74403.7421875
39987228.0	 296.5632019042969	 447.4639892578125	 77021.71875
39987316.0	 297.08721923828125	 444.068359375	 72206.4609375
39987404.0	 295.85101318359375	 429.23907470703125	 70786.8203125
39987496.0	 294.1853942871094	 442.3934631347656	 74444.1015625
39987584.0	 296.5731506347656	 448.4144287109375	 74101.078125
39987672.0	 292.8505554199219	 433.26336669921875	 70061.8984375
39987760.0	 292.7710876464844	 434.6673583984375	 70986.0078125
39987848.0	 291.8278503417969	 427.07122802734375	 68051.3828125
39987940.0	 293.3819580078125	 437.3204650878906	 70619.2890625
39988028.0	 293.09271240234375	 430.0224914550781	 69982.546875
39988116.0	 293.7535400390625	 435.0392761230469	 69155.96875
39988204.0	 292.5201416015625	 441.73651123046875	 71851.578125
39988296.0	 294.0411682128906	 440.48895263671875	 76513.9765625
39988384.0	 295.2143859863281	 451.0050964355469	 74823.7734375
39988472.0	 295.3853759765625	 438.90386962890625	 70837.125
39988560.0	 297.1956481933594	 445.4801940917969	 74135.484375
39988652.0	 298.56103515625	 455.9847106933594	 79030.453125
39988740.0	 299.1380310058594	 449.14935302734375	 74726.453125
39988828.0	 299.032470703125	 461.115966796875	 80217.4453125
39988920.0	 300.7596130371094	 469.3385314941406	 85681.9453125
39989092.0	 302.8929748535156	 447.69427490234375	 72997.15625
39989184.0	 300.6974182128906	 466.5423278808594	 82210.703125
39989272.0	 301.5091247558594	 455.5411376953125	 77695.1953125
39989360.0	 301.15399169921875	 474.2121276855469	 80989.6953125
39989448.0	 301.6392822265625	 456.5834045410156	 78803.0625
39989540.0	 300.74200439453125	 460.1475524902344	 79734.828125
39989628.0	 301.66046142578125	 460.7730407714844	 79509.7890625
39989716.0	 300.9892883300781	 464.7337646484375	 82942.125
39989808.0	 301.46630859375	 463.28857421875	 80816.7109375
39989892.0	 301.2665100097656	 457.48126220703125	 76476.9140625
39989980.0	 301.5442810058594	 457.5609130859375	 76204.15625
39990072.0	 300.9560852050781	 460.77996826171875	 79808.4296875
39990160.0	 300.6987609863281	 462.8757019042969	 82207.1484375
39990252.0	 296.3762512207031	 430.614501953125	 76007.9296875
39990340.0	 289.1568908691406	 404.649169921875	 70628.546875
39990428.0	 286.99993896484375	 399.4002380371094	 69400.9453125
39990520.0	 284.8837890625	 401.29656982421875	 70601.078125
39990608.0	 285.1053771972656	 405.1459655761719	 68155.234375
39990696.0	 285.66864013671875	 413.5462951660156	 70274.4296875
39990780.0	 285.68548583984375	 412.8135681152344	 68489.046875
39990868.0	 284.7212219238281	 410.829345703125	 70379.5546875
39990960.0	 284.9908142089844	 417.18267822265625	 76155.0703125
39991048.0	 284.7080078125	 395.3548889160156	 67788.203125
39991136.0	 284.17340087890625	 391.9582824707031	 59514.81640625
39991228.0	 283.14581298828125	 383.83544921875	 59841.94140625
39991316.0	 282.36016845703125	 396.9099426269531	 62539.69921875
39991404.0	 283.53814697265625	 396.0003662109375	 60853.765625
39991496.0	 282.708984375	 406.8533935546875	 67944.65625
39991580.0	 282.63665771484375	 391.7975158691406	 59571.7734375
39991668.0	 281.6063232421875	 389.125732421875	 62286.03125
39991760.0	 283.09326171875	 386.3292236328125	 57099.51171875
39991844.0	 282.18695068359375	 391.52581787109375	 59906.53125
39992024.0	 282.7194519042969	 375.2029113769531	 51839.2890625
39992116.0	 282.0515441894531	 389.1708984375	 62936.1953125
39992204.0	 281.9974670410156	 390.6869201660156	 62252.1015625
39992292.0	 282.93585205078125	 392.99188232421875	 60550.54296875
39992384.0	 282.8167724609375	 389.9773254394531	 61136.25390625
39992468.0	 280.7340393066406	 385.9869079589844	 59662.37890625
39992560.0	 281.8821716308594	 380.5655822753906	 60255.64453125
39992648.0	 283.8731994628906	 414.7270202636719	 68725.5
39992736.0	 287.6195373535156	 409.8651428222656	 72290.875
39992828.0	 291.79296875	 444.9384460449219	 81201.4453125
39992916.0	 286.3202819824219	 407.38299560546875	 67952.6796875
39993004.0	 289.5199890136719	 447.67681884765625	 83451.2890625
39993092.0	 297.8218994140625	 471.2190856933594	 79750.34375
39993184.0	 299.68011474609375	 468.8949890136719	 80610.3046875
39993272.0	 301.2033996582031	 463.00799560546875	 78430.9921875
39993356.0	 300.2493591308594	 473.17559814453125	 83844.578125
39993444.0	 300.761962890625	 467.4040832519531	 81169.5
39993536.0	 301.5765075683594	 470.2583923339844	 78720.578125
39993624.0	 301.6980895996094	 469.0059814453125	 80804.4921875
39993716.0	 302.0362854003906	 461.5265808105469	 79819.15625
39993804.0	 301.69140625	 464.02532958984375	 81977.578125
39993892.0	 301.9975280761719	 469.0351257324219	 81301.7265625
39993980.0	 301.58367919921875	 468.6884460449219	 83363.953125
39994072.0	 301.58843994140625	 468.267333984375	 80993.0703125
39994156.0	 303.0982360839844	 461.3412170410156	 78792.90625
39994244.0	 302.28729248046875	 460.0418395996094	 78272.78125
39994336.0	 302.197998046875	 464.9275207519531	 79363.96875
39994424.0	 301.5891418457031	 469.50091552734375	 84856.265625
39994512.0	 302.5789794921875	 458.730712890625	 79490.2578125
39994604.0	 301.4499206542969	 469.0788879394531	 84591.578125
39994692.0	 301.2077331542969	 469.4826965332031	 82052.390625
39994784.0	 302.53057861328125	 458.0906066894531	 81302.703125
39994960.0	 301.3996887207031	 452.5826721191406	 82175.3984375
39995044.0	 300.5923156738281	 466.52099609375	 88033.75
39995136.0	 300.8188171386719	 463.4228515625	 81662.140625
39995224.0	 300.3839416503906	 448.7510681152344	 80352.9375
39995312.0	 298.6735534667969	 463.27947998046875	 81957.6875
39995404.0	 297.2115783691406	 439.84375	 82127.9921875
39995492.0	 294.8697509765625	 457.1641540527344	 85060.328125
39995580.0	 294.1229248046875	 431.1285400390625	 78142.046875
39995668.0	 287.71148681640625	 430.12359619140625	 84616.28125
39995760.0	 288.166015625	 421.88671875	 83584.7890625
39995844.0	 284.9486389160156	 413.089111328125	 71489.671875
39995932.0	 281.8746337890625	 419.9141845703125	 76451.734375
39996024.0	 282.104736328125	 416.6817321777344	 73210.140625
39996112.0	 283.2886962890625	 414.58612060546875	 74551.453125
39996200.0	 282.2379455566406	 421.1117248535156	 72480.8828125
39996292.0	 282.3030700683594	 418.97088623046875	 72992.296875
39996380.0	 282.8375549316406	 409.8086853027344	 68336.5546875
39996468.0	 283.2765808105469	 404.85955810546875	 69674.765625
39996556.0	 284.57513427734375	 422.2431335449219	 76045.1875
39996648.0	 283.1551513671875	 415.4815979003906	 71432.625
39996732.0	 284.9608154296875	 408.0227355957031	 67445.484375
39996824.0	 285.127197265625	 401.668701171875	 67020.0625
39996912.0	 285.414794921875	 398.31085205078125	 68355.5
39997000.0	 283.8896789550781	 415.2368469238281	 71028.65625
39997088.0	 283.5894775390625	 420.52996826171875	 74487.015625
39997180.0	 284.10443115234375	 401.4249572753906	 68528.0078125
39997268.0	 285.3955078125	 409.9444885253906	 68534.1328125
39997356.0	 286.1621398925781	 413.0352478027344	 66042.796875
39997448.0	 285.2803039550781	 417.64166259765625	 77031.5703125
39997532.0	 284.01019287109375	 395.81024169921875	 67854.859375
39997624.0	 279.5975036621094	 389.24395751953125	 64833.078125
39997708.0	 277.17877197265625	 386.542724609375	 61828.12890625
39997888.0	 275.6380920410156	 385.5024108886719	 58474.9375
39997980.0	 278.1912841796875	 390.4061584472656	 57424.33984375
39998068.0	 279.0668029785156	 382.93377685546875	 53647.81640625
39998156.0	 280.3778991699219	 403.1771240234375	 65072.82421875
39998244.0	 281.2629089355469	 402.5588684082031	 67451.3671875
39998332.0	 279.7043762207031	 384.5953063964844	 58670.5859375
39998420.0	 283.87530517578125	 407.6431579589844	 69837.7890625
39998512.0	 280.411376953125	 393.2366027832031	 59833.48828125
39998600.0	 280.84246826171875	 395.2836608886719	 58297.453125
39998688.0	 281.0855712890625	 399.54766845703125	 60784.7890625
39998776.0	 280.685302734375	 395.98345947265625	 56683.0234375
39998864.0	 279.1426696777344	 391.9013977050781	 57579.5625
39998960.0	 279.6026611328125	 386.8580017089844	 56469.94140625
39999048.0	 279.214599609375	 392.3680419921875	 58622.70703125
39999136.0	 279.3473815917969	 393.37835693359375	 63064.640625
39999220.0	 280.94671630859375	 391.0024719238281	 60191.62890625
39999312.0	 281.89031982421875	 398.2146911621094	 63811.9453125
39999400.0	 281.90850830078125	 393.6322937011719	 63489.14453125
39999488.0	 280.46429443359375	 398.2803649902344	 61899.10546875
39999576.0	 281.33282470703125	 390.2727966308594	 62791.0703125
39999668.0	 281.0596008300781	 397.56219482421875	 64721.51171875
39999756.0	 283.6785583496094	 419.3587341308594	 75574.9140625
39999844.0	 286.57891845703125	 424.6046447753906	 80630.8671875
39999936.0	 286.3768615722656	 434.11102294921875	 78860.734375
40000020.0	 286.2228698730469	 440.30706787109375	 81941.7421875
40000108.0	 282.3492126464844	 408.9910888671875	 73210.7734375
40000200.0	 284.3492431640625	 407.51385498046875	 68642.9375
40000288.0	 285.9572448730469	 417.4967956542969	 75639.921875
40000376.0	 284.2562255859375	 411.250244140625	 69794.8125
40000464.0	 284.0448303222656	 420.4341735839844	 75239.125
40000556.0	 285.3494873046875	 418.59033203125	 69514.4375
40000644.0	 281.59600830078125	 404.97503662109375	 63576.29296875
40000820.0	 281.9707336425781	 393.09051513671875	 59611.90625
40000908.0	 280.8492431640625	 405.49114990234375	 64578.12890625
40000996.0	 282.18878173828125	 407.032470703125	 64730.41015625
40001088.0	 282.03802490234375	 401.5443420410156	 61950.20703125
40001176.0	 282.3931579589844	 408.7190856933594	 66275.765625
40001268.0	 282.0220642089844	 414.7235107421875	 70133.5546875
40001356.0	 280.6529541015625	 401.9765625	 65406.16796875
40001444.0	 281.2926940917969	 406.0887756347656	 65083.86328125
40001532.0	 281.82354736328125	 401.9275207519531	 62382.7265625
40001620.0	 280.6003723144531	 404.9363098144531	 61730.734375
40001708.0	 280.99822998046875	 401.17169189453125	 61790.515625
40001796.0	 283.6960754394531	 426.031005859375	 71617.0859375
40001888.0	 282.30035400390625	 406.4252014160156	 67795.953125
40001976.0	 282.4732971191406	 415.7174377441406	 67139.9296875
40002064.0	 282.39923095703125	 410.9814758300781	 66711.3203125
40002156.0	 283.7568054199219	 418.0601501464844	 65895.1484375
40002244.0	 284.3175048828125	 405.06231689453125	 62990.44921875
40002332.0	 284.6074523925781	 416.537841796875	 66719.671875
40002416.0	 282.1311340332031	 419.8056945800781	 68418.7109375
40002508.0	 282.2394714355469	 430.15093994140625	 74966.265625
40002596.0	 283.6661376953125	 411.13525390625	 69707.5390625
40002684.0	 284.552734375	 409.7322998046875	 66938.1328125
40002776.0	 284.455810546875	 417.99835205078125	 67216.7890625
40002864.0	 285.27203369140625	 415.3521423339844	 65120.26171875
40002952.0	 284.1770935058594	 421.7150573730469	 66855.7421875
40003044.0	 284.26348876953125	 416.30712890625	 66541.3984375
40003132.0	 284.7590026855469	 417.6869201660156	 68672.3515625
40003216.0	 283.4063720703125	 413.7460021972656	 65414.0859375
40003308.0	 283.8473815917969	 404.932373046875	 63305.31640625
40003396.0	 284.4360656738281	 407.60711669921875	 61587.91015625
40003488.0	 279.95574951171875	 411.4182434082031	 64020.5078125
40003576.0	 280.7188415527344	 426.7091064453125	 74969.3515625
40003752.0	 286.14141845703125	 421.3739929199219	 60204.40625
40003840.0	 286.7693176269531	 432.4698791503906	 66452.7421875
40003932.0	 290.9306945800781	 451.70068359375	 77554.71875
40004016.0	 290.88177490234375	 435.1265869140625	 71490.7421875
40004108.0	 291.4051513671875	 431.9975280761719	 63791.1484375
40004196.0	 288.4266052246094	 439.46112060546875	 70528.734375
40004284.0	 291.5997314453125	 437.24835205078125	 69420.59375
40004372.0	 291.0324401855469	 413.28936767578125	 62321.12890625
40004464.0	 292.10638427734375	 438.5758056640625	 63882.72265625
40004552.0	 289.43707275390625	 455.07208251953125	 74309.0078125
40004644.0	 290.1130676269531	 457.7821044921875	 76934.671875
40004728.0	 289.9470520019531	 453.09552001953125	 76624.9140625
40004816.0	 292.64556884765625	 462.7945861816406	 80796.8515625
40004904.0	 293.4029541015625	 459.1699523925781	 76756.7890625
40004996.0	 292.80218505859375	 447.3759765625	 77129.875
40005084.0	 295.99542236328125	 463.6048889160156	 82361.015625
40005172.0	 299.9599914550781	 459.0267028808594	 77557.953125
40005264.0	 300.3800964355469	 459.17230224609375	 76139.6796875
40005352.0	 300.6710510253906	 451.16033935546875	 74473.078125
40005444.0	 299.9642333984375	 453.6297607421875	 74104.0546875
40005532.0	 297.1036071777344	 453.3641662597656	 79489.1796875
40005616.0	 295.3436279296875	 440.66943359375	 76450.640625
40005704.0	 295.3025817871094	 437.2070007324219	 70262.7890625
40005796.0	 296.38775634765625	 430.79107666015625	 70717.1953125
40005884.0	 294.5587158203125	 456.2987060546875	 76622.1953125
40005972.0	 281.0756530761719	 387.0028381347656	 63327.44921875
40006060.0	 278.2326965332031	 394.71539306640625	 64538.3984375
40006152.0	 277.5563049316406	 384.1766662597656	 62597.76171875
40006240.0	 277.49993896484375	 383.87890625	 61116.75390625
40006332.0	 284.3831787109375	 437.169921875	 75846.9921875
40006416.0	 281.6788635253906	 412.0500793457031	 66641.59375
40006504.0	 280.6361999511719	 410.87457275390625	 66791.28125
40006680.0	 283.3179931640625	 392.9950256347656	 63334.5625
40006772.0	 282.6205139160156	 402.3313903808594	 63933.8125
40006860.0	 283.297119140625	 449.9786376953125	 74556.796875
40006952.0	 287.3774719238281	 443.1414489746094	 83257.984375
40007040.0	 287.4655456542969	 438.9590148925781	 79590.03125
40007128.0	 284.81097412109375	 430.7746276855469	 80536.7890625
40007216.0	 286.43389892578125	 431.5043029785156	 76352.4765625
40007304.0	 288.1756591796875	 451.33331298828125	 83964.734375
40007392.0	 288.4057922363281	 451.1175537109375	 86364.3203125
40007484.0	 288.61749267578125	 458.9704284667969	 91190.578125
40007572.0	 288.11444091796875	 443.8686828613281	 84771.703125
40007664.0	 288.5396728515625	 440.9934387207031	 84307.2265625
40007752.0	 288.9834899902344	 432.3721008300781	 78491.234375
40007840.0	 289.0029296875	 444.05487060546875	 79746.84375
40007928.0	 289.47052001953125	 443.3616027832031	 80026.5625
40008012.0	 288.2349548339844	 445.7533874511719	 81874.90625
40008104.0	 288.3539733886719	 426.42333984375	 76148.9140625
40008192.0	 288.19775390625	 437.3370361328125	 76861.59375
40008284.0	 288.50286865234375	 442.60650634765625	 83017.265625
40008372.0	 288.1902160644531	 432.449462890625	 81482.4296875
40008460.0	 286.2393493652344	 432.8705139160156	 78794.0859375
40008552.0	 287.52667236328125	 430.7890930175781	 79218.0625
40008640.0	 286.9592590332031	 430.8999328613281	 75095.2109375
40008724.0	 284.1326904296875	 415.8107604980469	 73357.0234375
40008812.0	 282.7825927734375	 422.9599914550781	 75635.9453125
40008904.0	 282.3538818359375	 418.6300048828125	 70373.859375
40008992.0	 283.0609436035156	 425.0588684082031	 77370.9921875
40009080.0	 282.40966796875	 416.231689453125	 75352.7578125
40009172.0	 282.1304626464844	 412.2268981933594	 75386.703125
40009260.0	 283.53863525390625	 426.64801025390625	 79133.4921875
40009348.0	 285.8937072753906	 422.74652099609375	 72789.1328125
40009436.0	 288.007080078125	 430.5744323730469	 74535.9765625
40009612.0	 285.9248962402344	 409.4854736328125	 67446.546875
40009700.0	 284.8728942871094	 412.4829406738281	 70783.578125
40009792.0	 285.3641662597656	 419.2403564453125	 72474.2578125
40009884.0	 282.4945983886719	 410.4981994628906	 71648.7421875
40009972.0	 278.9616394042969	 392.029541015625	 60144.03125
40010060.0	 277.8185119628906	 390.59930419921875	 58830.828125
40010148.0	 277.3896179199219	 390.7297058105469	 59373.734375
40010236.0	 277.04522705078125	 387.7379455566406	 61075.12109375
40010324.0	 277.1290283203125	 398.3347473144531	 64316.19140625
40010412.0	 276.1424865722656	 392.8932189941406	 59500.6171875
40010504.0	 276.234375	 382.2967834472656	 54797.97265625
40010592.0	 276.4210510253906	 385.5657043457031	 56630.4765625
40010680.0	 276.4200744628906	 386.2102355957031	 57107.265625
40010768.0	 275.4232482910156	 385.92791748046875	 56099.984375
40010860.0	 275.638671875	 372.2393798828125	 50014.3046875
40010948.0	 275.8873291015625	 388.6908264160156	 56113.85546875
40011032.0	 277.24267578125	 392.42608642578125	 57557.54296875
40011124.0	 277.23895263671875	 382.67315673828125	 55512.32421875
40011212.0	 276.84246826171875	 391.4400329589844	 63593.30078125
40011300.0	 276.9923095703125	 386.1869201660156	 58727.61328125
40011392.0	 277.3827209472656	 394.9219665527344	 63427.66796875
40011480.0	 276.7735900878906	 384.0160217285156	 58061.8203125
40011568.0	 276.7977600097656	 396.9757385253906	 63324.9375
40011660.0	 278.196533203125	 410.503662109375	 72831.9765625
40011748.0	 279.5373229980469	 402.90692138671875	 66062.125
40011832.0	 275.5497741699219	 387.890380859375	 61856.28125
40011924.0	 276.5687255859375	 388.6872863769531	 57755.40234375
40012016.0	 276.557861328125	 394.39385986328125	 62386.53515625
40012100.0	 277.40863037109375	 386.4191589355469	 60358.48046875
40012192.0	 276.35986328125	 380.5602111816406	 56887.7265625
40012280.0	 277.18475341796875	 374.70733642578125	 52693.96484375
40012368.0	 276.9046325683594	 387.2289123535156	 62379.56640625
40012548.0	 277.7494812011719	 374.6881408691406	 51134.95703125
40012636.0	 276.9933776855469	 385.0813903808594	 58620.796875
40012724.0	 278.2695617675781	 389.845947265625	 59746.2890625
40012812.0	 280.7989807128906	 383.38665771484375	 58813.0625
40012900.0	 277.66888427734375	 391.9334411621094	 64332.1796875
40012992.0	 280.0371398925781	 399.2090148925781	 68807.84375
40013080.0	 280.6968994140625	 389.8631591796875	 64896.29296875
40013168.0	 280.52911376953125	 394.7781982421875	 71174.8828125
40013256.0	 281.01397705078125	 389.55828857421875	 66808.4140625
40013344.0	 279.9197692871094	 396.2075500488281	 69423.03125
40013432.0	 279.4270324707031	 389.6485900878906	 68572.625
40013520.0	 279.88482666015625	 382.6533203125	 59911.3125
40013612.0	 279.0356750488281	 391.59222412109375	 65476.94140625
40013700.0	 279.759521484375	 383.1983337402344	 66066.828125
40013792.0	 279.122314453125	 392.9201965332031	 69623.984375
40013876.0	 281.3341369628906	 389.4670715332031	 69676.28125
40013968.0	 280.157470703125	 393.8033142089844	 69806.0
40014052.0	 280.1292419433594	 407.3936767578125	 73288.7265625
40014144.0	 279.75341796875	 405.9075927734375	 74292.3046875
40014232.0	 280.25396728515625	 407.33984375	 72711.28125
40014320.0	 280.7060852050781	 398.87353515625	 66362.984375
40014412.0	 280.2231750488281	 405.3935241699219	 71929.453125
40014500.0	 279.44769287109375	 392.0980224609375	 67334.8515625
40014592.0	 279.409423828125	 402.23602294921875	 69783.84375
40014680.0	 279.1662292480469	 390.20770263671875	 70060.8515625
40014768.0	 279.18438720703125	 396.617919921875	 69707.1015625
40014852.0	 278.8062744140625	 402.5040283203125	 69681.046875
40014944.0	 278.9639587402344	 391.9193115234375	 63245.203125
40015032.0	 279.7848815917969	 392.2492980957031	 67148.734375
40015120.0	 280.2389221191406	 384.50225830078125	 59716.56640625
40015212.0	 279.27215576171875	 391.2114562988281	 64121.8125
40015300.0	 279.83099365234375	 400.1882019042969	 67281.40625
40015480.0	 278.5615539550781	 382.78521728515625	 58176.66796875
40015564.0	 279.8409118652344	 381.46026611328125	 58206.109375
40015652.0	 279.3662109375	 396.1642150878906	 63599.30859375
40015744.0	 278.9983825683594	 396.67510986328125	 69149.25
40015832.0	 278.9378356933594	 395.3247375488281	 63744.796875
40015920.0	 278.4099426269531	 401.559814453125	 70209.7734375
40016008.0	 279.82000732421875	 375.7092590332031	 59394.86328125
40016100.0	 279.7194519042969	 391.5828552246094	 63411.9765625
40016188.0	 279.52685546875	 396.6296691894531	 67251.125
40016280.0	 279.83367919921875	 393.9162902832031	 63868.61328125
40016364.0	 279.86419677734375	 398.6442565917969	 64374.01953125
40016452.0	 280.2973937988281	 397.8706970214844	 66056.3125
40016544.0	 279.48077392578125	 394.79779052734375	 66727.015625
40016632.0	 280.3100280761719	 387.7357177734375	 65768.8984375
40016720.0	 280.3840026855469	 397.06378173828125	 66299.734375
40016812.0	 279.87115478515625	 386.6900329589844	 64107.6796875
40016900.0	 280.3241271972656	 397.7857666015625	 69065.8203125
40016988.0	 279.9609680175781	 392.7996520996094	 68896.7578125
40017072.0	 280.0343017578125	 393.1644592285156	 63653.88671875
40017164.0	 279.68682861328125	 392.6733703613281	 64881.08203125
40017252.0	 279.5444641113281	 393.07366943359375	 66034.1640625
40017344.0	 277.9228820800781	 370.5882263183594	 52841.53515625
40017432.0	 275.10137939453125	 381.7800598144531	 57607.5859375
40017520.0	 279.2159729003906	 396.9179382324219	 58757.84765625
40017612.0	 278.3907165527344	 399.2509460449219	 62054.859375
40017696.0	 276.3919982910156	 399.3795471191406	 59862.80859375
40017784.0	 278.2263488769531	 400.003662109375	 62602.64453125
40017872.0	 280.1112060546875	 407.1630554199219	 70465.046875
40017964.0	 285.1250305175781	 445.1969299316406	 84138.5390625
40018052.0	 285.0003662109375	 438.1214599609375	 82382.515625
40018140.0	 278.0452575683594	 400.8775634765625	 63943.92578125
40018232.0	 277.1009216308594	 408.9331970214844	 65524.33203125
40018412.0	 285.2117614746094	 437.844482421875	 71276.1328125
40018496.0	 284.2832946777344	 438.44354248046875	 75482.6796875
40018584.0	 284.1437072753906	 446.2721862792969	 84756.859375
40018672.0	 284.45172119140625	 440.1481018066406	 82739.1171875
40018764.0	 284.7706604003906	 453.064208984375	 86516.65625
40018852.0	 285.7269287109375	 441.5057373046875	 81602.1328125
40018944.0	 285.3285217285156	 431.9505615234375	 77216.5703125
40019032.0	 283.7300720214844	 440.950927734375	 75921.75
40019120.0	 283.5142517089844	 428.53656005859375	 78097.78125
40019208.0	 285.22491455078125	 447.8718566894531	 79995.1171875
40019296.0	 283.8817443847656	 424.3731384277344	 74430.8828125
40019384.0	 285.615234375	 454.6611328125	 81073.6796875
40019472.0	 286.2536315917969	 436.94305419921875	 78192.515625
40019564.0	 283.8112487792969	 428.56121826171875	 72920.8359375
40019652.0	 284.51220703125	 438.6788330078125	 79476.875
40019740.0	 284.3592834472656	 432.0247802734375	 76634.1171875
40019828.0	 283.7328796386719	 433.45245361328125	 79444.9296875
40019920.0	 282.3464660644531	 428.1965637207031	 81812.78125
40020004.0	 282.2571716308594	 444.57427978515625	 81280.3359375
40020096.0	 284.683349609375	 446.33660888671875	 80716.6484375
40020184.0	 284.6868591308594	 447.41290283203125	 80901.625
40020272.0	 285.6024169921875	 431.4197998046875	 81561.9453125
40020364.0	 281.5006408691406	 420.7304382324219	 73435.5546875
40020448.0	 281.81890869140625	 419.1065979003906	 70435.9609375
40020540.0	 280.1025390625	 442.7258605957031	 89766.859375
40020632.0	 280.4348449707031	 419.87127685546875	 74103.09375
40020716.0	 282.88995361328125	 419.91082763671875	 73501.890625
40020804.0	 281.44476318359375	 421.3451843261719	 78952.3515625
40020892.0	 282.06231689453125	 416.18865966796875	 72190.3203125
40020984.0	 282.29437255859375	 414.9768981933594	 73509.296875
40021072.0	 281.4291687011719	 411.659423828125	 75024.1953125
40021164.0	 282.2766418457031	 405.7221374511719	 73036.296875
40021340.0	 281.0860900878906	 387.8785095214844	 64203.13671875
40021424.0	 281.8255310058594	 410.1258850097656	 78653.2421875
40021516.0	 288.6734619140625	 449.6079406738281	 83201.234375
40021604.0	 288.4810485839844	 443.9599304199219	 80407.2734375
40021692.0	 291.9747619628906	 452.8764953613281	 79662.28125
40021784.0	 293.27764892578125	 455.7676696777344	 82621.921875
40021872.0	 292.1531066894531	 449.8491516113281	 82043.8046875
40021964.0	 293.3416442871094	 454.9030456542969	 81923.2421875
40022052.0	 294.8776550292969	 450.7395935058594	 80333.7734375
40022136.0	 294.03082275390625	 460.1187438964844	 80120.2109375
40022224.0	 294.0003662109375	 443.04473876953125	 76731.96875
40022316.0	 293.6239929199219	 451.1851501464844	 77470.953125
40022404.0	 295.91937255859375	 457.6535339355469	 81082.0859375
40022492.0	 297.67352294921875	 468.3876953125	 83859.625
40022584.0	 297.2149963378906	 456.55145263671875	 80517.34375
40022672.0	 296.77960205078125	 449.6167907714844	 78167.6015625
40022760.0	 297.2002258300781	 454.7901916503906	 82483.3671875
40022848.0	 297.92181396484375	 458.7637023925781	 82183.40625
40022936.0	 296.9977722167969	 466.58905029296875	 81800.6328125
40023028.0	 297.29827880859375	 457.6322021484375	 79004.421875
40023116.0	 296.86602783203125	 455.348876953125	 78798.8984375
40023204.0	 296.7413635253906	 454.31817626953125	 78375.7109375
40023292.0	 296.85369873046875	 456.2054138183594	 77607.421875
40023384.0	 296.4401550292969	 452.2541198730469	 75525.109375
40023472.0	 297.2348937988281	 445.46697998046875	 72706.546875
40023556.0	 296.9408874511719	 449.55841064453125	 74267.7109375
40023648.0	 297.4910888671875	 449.2239074707031	 76936.984375
40023736.0	 298.33990478515625	 442.4634704589844	 70683.3515625
40023828.0	 298.5134582519531	 454.2761535644531	 75181.9453125
40023912.0	 297.6148376464844	 449.7828369140625	 76315.5546875
40024004.0	 298.6678161621094	 459.9697570800781	 74842.0390625
40024092.0	 298.95172119140625	 458.89178466796875	 78198.8203125
40024268.0	 298.8066711425781	 445.7319641113281	 72661.921875
40024356.0	 298.212646484375	 465.04144287109375	 80860.40625
40024448.0	 298.26776123046875	 459.7997741699219	 80214.5390625
40024536.0	 298.4620666503906	 458.2829895019531	 78110.5078125
40024624.0	 297.2558288574219	 463.6331787109375	 81473.125
40024712.0	 297.07562255859375	 460.9290466308594	 81363.21875
40024804.0	 298.1290588378906	 463.6272277832031	 83421.5078125
40024896.0	 297.3488464355469	 474.386962890625	 86534.40625
40024980.0	 298.5133361816406	 456.4764709472656	 83154.0078125
40025068.0	 297.4928283691406	 464.40460205078125	 81698.7890625
40025156.0	 298.12274169921875	 466.7421875	 83386.6171875
40025248.0	 298.12725830078125	 465.8472595214844	 83731.921875
40025336.0	 298.44927978515625	 465.12762451171875	 81187.65625
40025424.0	 297.7145080566406	 472.0330810546875	 82965.8671875
40025516.0	 298.2456359863281	 468.1682434082031	 81708.7578125
40025604.0	 298.1519775390625	 469.9089050292969	 80869.3359375
40025688.0	 298.55804443359375	 467.4003601074219	 79908.828125
40025780.0	 298.6975402832031	 455.04351806640625	 79738.0078125
40025868.0	 295.33544921875	 448.0703430175781	 81550.5703125
40025956.0	 288.02783203125	 426.7309875488281	 88668.2734375
40026044.0	 282.9390869140625	 424.3753662109375	 80418.234375
40026136.0	 281.701416015625	 413.4105224609375	 75152.203125
40026224.0	 279.6796875	 417.7405700683594	 80776.8203125
40026316.0	 279.25469970703125	 402.3905029296875	 72203.7421875
40026400.0	 279.66522216796875	 408.3619079589844	 75235.0
40026488.0	 279.4685363769531	 408.2091369628906	 72573.296875
40026580.0	 279.245849609375	 409.1192932128906	 71306.09375
40026668.0	 278.073974609375	 400.2119140625	 70775.1171875
40026756.0	 277.5226135253906	 401.6427307128906	 70909.734375
40026844.0	 276.69720458984375	 403.54339599609375	 74929.4140625
40026936.0	 277.3140869140625	 406.1606140136719	 77025.7421875
40027024.0	 276.91705322265625	 403.918212890625	 76428.1015625
40027200.0	 279.9435119628906	 397.56817626953125	 65868.984375
40027288.0	 279.1515808105469	 403.0659484863281	 72946.0625
40027380.0	 279.2574157714844	 400.0718688964844	 68103.53125
40027468.0	 279.208740234375	 402.1308288574219	 73128.7578125
40027556.0	 279.5526123046875	 413.2587890625	 82219.59375
40027648.0	 279.0920104980469	 406.1587829589844	 75947.265625
40027736.0	 279.2164306640625	 394.6671142578125	 73611.5703125
40027820.0	 278.74566650390625	 397.01123046875	 74057.0859375
40027908.0	 278.5227966308594	 401.9058837890625	 78584.484375
40028000.0	 277.9083251953125	 405.1907653808594	 80452.0703125
40028088.0	 277.8783264160156	 410.0220642089844	 78295.96875
40028176.0	 278.072509765625	 407.27264404296875	 77680.4140625
40028268.0	 277.0808410644531	 393.1759033203125	 73704.03125
40028356.0	 278.2946472167969	 391.2469787597656	 71233.4375
40028440.0	 277.394287109375	 396.6751403808594	 75605.3828125
40028528.0	 276.8441467285156	 394.9481201171875	 74558.765625
40028620.0	 277.600830078125	 401.0200500488281	 74507.0625
40028708.0	 278.3028259277344	 394.93292236328125	 70837.6484375
40028800.0	 277.765380859375	 395.7987060546875	 72587.0546875
40028888.0	 278.0829162597656	 397.2424621582031	 70520.3359375
40028976.0	 278.6706237792969	 404.61883544921875	 72001.5703125
40029068.0	 279.06817626953125	 400.2674255371094	 73233.5546875
40029148.0	 278.5076904296875	 392.23681640625	 75266.9921875
40029244.0	 278.7547607421875	 404.71966552734375	 77313.3046875
40029332.0	 282.5745849609375	 416.9751281738281	 86973.34375
40029420.0	 287.7978210449219	 415.12530517578125	 68749.0625
40029512.0	 284.181640625	 400.25775146484375	 70648.34375
40029600.0	 276.4854431152344	 391.9971618652344	 77024.703125
40029688.0	 275.6103210449219	 379.2135925292969	 71034.875
40029776.0	 275.6709899902344	 374.0557556152344	 69900.0390625
40029864.0	 274.0868835449219	 370.38043212890625	 68345.96875
40029952.0	 275.4557189941406	 369.0229797363281	 65870.921875
40030132.0	 279.41357421875	 382.29571533203125	 71109.3828125
40030220.0	 276.7294616699219	 380.13671875	 71485.2421875
40030308.0	 278.58111572265625	 385.322265625	 73123.2109375
40030400.0	 278.0973815917969	 387.31805419921875	 71492.453125
40030488.0	 276.64483642578125	 375.7632141113281	 70440.2578125
40030572.0	 277.06158447265625	 383.3052978515625	 72302.2109375
40030664.0	 279.2095031738281	 387.70654296875	 74990.4921875
40030752.0	 278.8555603027344	 384.0275573730469	 76081.828125
40030840.0	 278.392578125	 387.315185546875	 74184.328125
40030932.0	 279.08721923828125	 391.6878662109375	 73607.4609375
40031020.0	 275.3913879394531	 378.83612060546875	 70481.4140625
40031108.0	 275.93658447265625	 374.5323486328125	 65895.75
40031192.0	 275.70965576171875	 385.1851806640625	 75170.9765625
40031284.0	 276.1339111328125	 375.3111267089844	 64123.88671875
40031372.0	 275.4591064453125	 380.384521484375	 69217.5625
40031464.0	 276.09759521484375	 379.5010986328125	 67532.1328125
40031552.0	 276.9294128417969	 385.6429443359375	 69363.1640625
40031644.0	 278.1109313964844	 394.4632568359375	 78391.6328125
40031732.0	 271.0063171386719	 354.23236083984375	 53250.375
40031820.0	 270.9510803222656	 357.9791259765625	 52005.34765625
40031908.0	 271.3872375488281	 357.5238952636719	 51936.51171875
40031996.0	 271.17706298828125	 363.8064270019531	 55051.4140625
40032084.0	 270.814453125	 357.5565490722656	 55142.00390625
40032172.0	 270.739990234375	 357.8459777832031	 50693.34765625
40032264.0	 271.374755859375	 362.4388427734375	 53525.6796875
40032352.0	 271.5069274902344	 358.3478088378906	 52830.3203125
40032444.0	 271.5057067871094	 358.8963623046875	 50818.65234375
40032528.0	 270.4921875	 354.7203369140625	 49810.78515625
40032616.0	 271.26409912109375	 364.79998779296875	 53005.375
40032704.0	 271.5596618652344	 375.3504638671875	 54000.95703125
40032792.0	 271.0751953125	 346.56353759765625	 49680.0546875
40032884.0	 270.6225280761719	 344.6193542480469	 49620.56640625
40033064.0	 271.8210754394531	 355.0491027832031	 45628.68359375
40033152.0	 270.8145751953125	 364.5643310546875	 53714.97265625
40033236.0	 270.6819763183594	 356.5417175292969	 53700.88671875
40033324.0	 271.28173828125	 357.7052307128906	 51656.97265625
40033416.0	 270.2830505371094	 362.8130798339844	 52909.19921875
40033504.0	 270.8785095214844	 353.91949462890625	 50741.421875
40033596.0	 269.2406311035156	 358.9235534667969	 51879.1875
40033684.0	 269.9144592285156	 355.6135559082031	 49015.59375
40033772.0	 270.9043273925781	 357.1701354980469	 53168.22265625
40033864.0	 271.3182373046875	 356.7218322753906	 53166.70703125
40033948.0	 271.0421142578125	 356.82354736328125	 51011.89453125
40034040.0	 272.0010681152344	 356.8092346191406	 54237.75390625
40034128.0	 271.65252685546875	 366.9666442871094	 57385.58984375
40034216.0	 270.2384033203125	 357.338134765625	 50911.890625
40034304.0	 270.30511474609375	 354.1245422363281	 49225.71484375
40034392.0	 270.5338134765625	 352.9278259277344	 53906.42578125
40034484.0	 270.03369140625	 357.6085205078125	 54740.06640625
40034568.0	 268.57275390625	 336.6625671386719	 45289.8203125
40034660.0	 267.6516418457031	 348.578857421875	 47479.1171875
40034748.0	 268.02587890625	 351.3609619140625	 47140.875
40034836.0	 268.1478576660156	 344.77789306640625	 48064.03125
40034928.0	 267.2642517089844	 352.57354736328125	 49126.1328125
40035012.0	 267.48724365234375	 349.2408752441406	 48534.6328125
40035104.0	 268.0684814453125	 353.7768859863281	 50326.16015625
40035192.0	 268.4935302734375	 352.2239074707031	 50136.953125
40035280.0	 268.5560302734375	 354.39337158203125	 51565.265625
40035368.0	 268.6024169921875	 354.00579833984375	 50219.82421875
40035460.0	 268.4290466308594	 355.9211730957031	 49864.44140625
40035548.0	 268.5315246582031	 347.5697021484375	 47122.3359375
40035636.0	 268.5311584472656	 362.4497375488281	 51754.8984375
40035728.0	 268.778564453125	 351.1055603027344	 49319.515625
40035816.0	 268.60968017578125	 350.17889404296875	 50179.296875
40035992.0	 269.79998779296875	 361.47015380859375	 53528.1015625
40036080.0	 271.4578552246094	 357.29473876953125	 51436.76171875
40036168.0	 269.89227294921875	 361.28009033203125	 57622.82421875
40036260.0	 271.3736877441406	 356.7125244140625	 49632.44140625
40036348.0	 270.274658203125	 360.81817626953125	 52842.9375
40036440.0	 269.576416015625	 355.6298828125	 48462.703125
40036524.0	 269.53411865234375	 352.0919189453125	 48371.72265625
40036612.0	 269.3416442871094	 348.1948547363281	 49029.51171875
40036700.0	 269.8622131347656	 354.1501770019531	 45876.76953125
40036788.0	 269.2074279785156	 353.6932678222656	 48641.125
40036880.0	 269.7847595214844	 354.2939758300781	 53752.9765625
40036968.0	 270.5231628417969	 357.6753234863281	 53997.4765625
40037060.0	 269.9248352050781	 353.5367126464844	 54327.16015625
40037148.0	 270.9935302734375	 346.5840759277344	 50603.078125
40037232.0	 270.18798828125	 355.05218505859375	 52817.30859375
40037324.0	 269.1617736816406	 355.2343444824219	 51780.89453125
40037412.0	 269.9715881347656	 351.86785888671875	 49874.640625
40037500.0	 269.88946533203125	 354.2841491699219	 50621.390625
40037588.0	 269.72747802734375	 355.5281982421875	 57148.37109375
40037680.0	 270.228759765625	 363.0072937011719	 52285.703125
40037768.0	 270.5573425292969	 366.7667236328125	 57266.15625
40037856.0	 269.2746887207031	 353.3684387207031	 53602.75390625
40037944.0	 270.92645263671875	 355.544921875	 55187.1171875
40038036.0	 270.59600830078125	 355.2488708496094	 53695.43359375
40038124.0	 270.8733215332031	 365.23565673828125	 54264.19140625
40038212.0	 269.15802001953125	 358.343505859375	 55928.80078125
40038300.0	 270.01318359375	 361.8838806152344	 57017.09765625
40038388.0	 271.5417175292969	 367.7502136230469	 58022.91796875
40038480.0	 270.8042907714844	 366.75787353515625	 58279.96484375
40038564.0	 270.4675598144531	 359.91717529296875	 53271.90234375
40038656.0	 270.4779052734375	 355.8770751953125	 53104.76171875
40038744.0	 270.3754577636719	 357.01971435546875	 53448.33203125
40038924.0	 270.8583068847656	 358.80694580078125	 52720.4609375
40039012.0	 271.5185546875	 366.849853515625	 56505.65625
40039100.0	 271.1984558105469	 355.4425048828125	 51502.2578125
40039184.0	 270.8410339355469	 368.2978210449219	 57995.75390625
40039276.0	 270.5234375	 361.3167724609375	 54128.87109375
40039364.0	 270.9256591796875	 363.8352966308594	 53219.2734375
40039456.0	 270.6373291015625	 359.75726318359375	 55782.796875
40039544.0	 271.1280822753906	 373.355712890625	 60065.16015625
40039632.0	 270.0561828613281	 356.32501220703125	 49092.171875
40039724.0	 271.70355224609375	 368.86553955078125	 58800.12890625
40039812.0	 270.39178466796875	 366.96661376953125	 61681.08203125
40039896.0	 271.29595947265625	 367.076416015625	 57610.13671875
40039988.0	 271.78759765625	 372.41802978515625	 59771.74609375
40040076.0	 271.2466125488281	 358.36334228515625	 55897.65625
40040164.0	 270.9393005371094	 356.5793151855469	 49391.01953125
40040256.0	 270.7845764160156	 361.5054626464844	 53332.44140625
40040344.0	 270.43731689453125	 362.04327392578125	 56775.9296875
40040436.0	 272.0272521972656	 364.4524230957031	 58125.51953125
40040520.0	 269.87493896484375	 362.9671325683594	 55119.2734375
40040608.0	 270.47735595703125	 365.6661071777344	 56861.8828125
40040696.0	 272.05908203125	 362.1840515136719	 57587.65625
40040788.0	 272.1507263183594	 362.911376953125	 53199.296875
40040876.0	 271.707763671875	 367.57733154296875	 59820.44921875
40040964.0	 271.6170349121094	 367.24456787109375	 61924.46484375
40041056.0	 272.1614685058594	 365.72308349609375	 60435.71875
40041140.0	 271.43231201171875	 360.4988708496094	 53225.82421875
40041228.0	 270.4560546875	 360.41827392578125	 56521.39453125
40041316.0	 272.1745300292969	 362.2076110839844	 56963.48046875
40041408.0	 272.2267150878906	 366.2665100097656	 58168.91015625
40041496.0	 271.646484375	 366.2879943847656	 58352.93359375
40041584.0	 272.367919921875	 362.8254089355469	 56707.27734375
40041676.0	 271.8833312988281	 365.8360290527344	 59250.12890625
40041852.0	 272.7030029296875	 350.7230529785156	 50352.11328125
40041936.0	 273.4645080566406	 377.1170349121094	 66798.7734375
40042028.0	 273.3573913574219	 364.8058166503906	 59489.2109375
40042116.0	 272.5917663574219	 372.4721984863281	 61172.45703125
40042208.0	 272.8102111816406	 364.5329284667969	 56889.54296875
40042300.0	 271.7852478027344	 358.0583801269531	 52967.4921875
40042388.0	 272.27215576171875	 370.6544189453125	 61874.1875
40042472.0	 271.8418884277344	 372.38311767578125	 61816.640625
40042564.0	 271.673828125	 362.00189208984375	 55459.96875
40042652.0	 271.9601135253906	 364.9490051269531	 58051.49609375
40042740.0	 269.8544006347656	 353.4471435546875	 54970.44921875
40042828.0	 268.48516845703125	 352.5954284667969	 48993.5390625
40042920.0	 268.9292297363281	 356.0715026855469	 53510.1953125
40043008.0	 268.4090881347656	 352.94573974609375	 49248.51953125
40043092.0	 269.4835510253906	 357.483642578125	 54926.796875
40043184.0	 267.3795471191406	 346.35589599609375	 53514.984375
40043272.0	 268.9083557128906	 361.08880615234375	 55210.36328125
40043364.0	 269.3205871582031	 359.94427490234375	 55515.95703125
40043448.0	 268.9808349609375	 349.2391357421875	 52217.23828125
40043540.0	 268.9833679199219	 364.248046875	 56646.5703125
40043628.0	 269.2739562988281	 367.2596130371094	 53967.48828125
40043716.0	 268.114501953125	 361.4067687988281	 53718.953125
40043804.0	 269.02349853515625	 372.1213073730469	 56019.578125
40043892.0	 268.8562316894531	 359.5997314453125	 59615.71484375
40043984.0	 268.5193176269531	 340.2970275878906	 49970.765625
40044072.0	 269.2666320800781	 348.82415771484375	 53070.19921875
40044160.0	 269.64373779296875	 340.0055236816406	 49031.4453125
40044248.0	 268.0641784667969	 352.3017578125	 47866.2265625
40044336.0	 268.7679748535156	 370.6617736816406	 58223.4609375
40044428.0	 268.39178466796875	 350.6141052246094	 52985.58984375
40044516.0	 268.8425598144531	 344.5323486328125	 55033.67578125
40044604.0	 267.9775390625	 355.7922668457031	 58302.24609375
40044784.0	 268.7119445800781	 326.52142333984375	 43519.3203125
40044872.0	 270.0957946777344	 361.9775390625	 58773.84765625
40044956.0	 269.1844177246094	 348.33892822265625	 56610.765625
40045048.0	 269.7242736816406	 356.236328125	 56269.9921875
40045136.0	 268.3855285644531	 362.3243103027344	 56480.17578125
40045228.0	 269.1959228515625	 352.40185546875	 57314.27734375
40045316.0	 269.1478271484375	 348.49761962890625	 57555.5546875
40045404.0	 269.74139404296875	 354.7118225097656	 58266.0546875
40045496.0	 269.9202575683594	 355.70928955078125	 58540.67578125
40045576.0	 270.4060363769531	 350.9706726074219	 58437.484375
40045668.0	 269.77093505859375	 347.8250427246094	 56760.359375
40045756.0	 269.9593505859375	 348.604736328125	 55109.6640625
40045848.0	 269.5542907714844	 358.65972900390625	 60393.7734375
40045936.0	 269.4368896484375	 350.572265625	 55570.33984375
40046024.0	 269.0369873046875	 347.420166015625	 55344.68359375
40046116.0	 269.29083251953125	 360.8128967285156	 57233.61328125
40046204.0	 269.12786865234375	 353.57080078125	 57011.2734375
40046292.0	 269.07830810546875	 359.5164489746094	 57485.46484375
40046376.0	 270.1108093261719	 363.1861267089844	 59775.58203125
40046468.0	 269.52410888671875	 353.5813903808594	 57574.0078125
40046560.0	 268.7476806640625	 364.5669860839844	 59841.125
40046648.0	 269.9090576171875	 347.124755859375	 50036.66015625
40046736.0	 270.23358154296875	 354.2307434082031	 53952.84375
40046828.0	 269.31134033203125	 359.8565368652344	 60301.07421875
40046912.0	 269.2346496582031	 352.3605651855469	 59417.47265625
40047004.0	 268.0047302246094	 358.48260498046875	 58805.82421875
40047092.0	 269.4196472167969	 345.3401184082031	 55471.2421875
40047180.0	 269.6682434082031	 351.197509765625	 55326.875
40047268.0	 270.0894470214844	 346.3775634765625	 53717.75390625
40047356.0	 269.8375244140625	 351.1306457519531	 54019.0625
40047448.0	 268.85430908203125	 350.2966613769531	 57281.609375
40047532.0	 269.7041320800781	 345.12481689453125	 53833.91796875
40047712.0	 270.25250244140625	 323.47894287109375	 41995.52734375
40047800.0	 269.8800964355469	 357.4662780761719	 58335.3671875
40047892.0	 269.7074890136719	 348.6312561035156	 54463.77734375
40047980.0	 269.603271484375	 344.30255126953125	 55224.890625
40048068.0	 269.6872253417969	 342.53155517578125	 53694.83203125
40048156.0	 269.92584228515625	 349.84521484375	 54083.98046875
40048244.0	 269.6387023925781	 348.94110107421875	 56850.95703125
40048332.0	 269.2060852050781	 348.8009033203125	 55673.34375
40048420.0	 269.6139221191406	 349.75555419921875	 55079.8515625
40048512.0	 269.5046081542969	 345.49505615234375	 55289.4375
40048604.0	 270.46575927734375	 350.41680908203125	 55244.50390625
40048692.0	 269.7295837402344	 346.9840087890625	 54810.60546875
40048776.0	 270.8466491699219	 350.2877502441406	 56934.99609375
40048864.0	 269.9375305175781	 351.2880554199219	 58067.13671875
40048956.0	 270.5600280761719	 346.0283508300781	 52704.2109375
40049044.0	 269.4051513671875	 358.8248291015625	 63174.6484375
40049132.0	 270.44683837890625	 356.15570068359375	 60886.80859375
40049224.0	 269.8602600097656	 353.5372009277344	 58085.0234375
40049312.0	 269.6893310546875	 344.30999755859375	 53119.0625
40049396.0	 269.9708557128906	 341.74462890625	 54130.04296875
40049484.0	 269.4510803222656	 355.6940002441406	 61766.36328125
40049576.0	 269.0387268066406	 344.51666259765625	 52314.73046875
40049664.0	 269.6937561035156	 347.4582824707031	 54822.0234375
40049756.0	 269.9631042480469	 348.52508544921875	 57632.69140625
40049844.0	 269.9323425292969	 356.8943176269531	 62242.73828125
40049932.0	 270.0634460449219	 347.1823425292969	 55594.7109375
40050020.0	 270.2921447753906	 352.0436096191406	 56869.2734375
40050108.0	 270.5122985839844	 349.5705871582031	 54052.88671875
40050196.0	 270.3072204589844	 342.7447814941406	 53836.44921875
40050288.0	 270.30706787109375	 347.82635498046875	 57476.1796875
40050376.0	 269.6191711425781	 342.4524230957031	 51674.890625
40050464.0	 270.26177978515625	 345.85235595703125	 55589.7890625
40050640.0	 273.89324951171875	 358.42938232421875	 60480.38671875
40050728.0	 272.7519836425781	 359.63616943359375	 64097.42578125
40050820.0	 274.7905578613281	 364.7895812988281	 63952.703125
40050912.0	 274.7879333496094	 364.3800964355469	 63993.49609375
40050996.0	 274.7312316894531	 367.4164733886719	 65959.5546875
40051088.0	 273.63104248046875	 366.2519226074219	 64389.07421875
40051176.0	 274.48211669921875	 372.5865173339844	 65539.578125
40051260.0	 274.4065856933594	 364.9027099609375	 63963.8671875
40051352.0	 273.9468994140625	 365.8921813964844	 61087.66015625
40051440.0	 273.1355285644531	 366.0048828125	 59366.4140625
40051528.0	 274.09912109375	 372.3177490234375	 65893.21875
40051620.0	 271.8437805175781	 364.9797668457031	 67026.1328125
40051708.0	 270.7200012207031	 367.0774841308594	 61852.140625
40051796.0	 272.9405517578125	 366.0560607910156	 55427.43359375
40051884.0	 271.3426208496094	 373.83343505859375	 60839.77734375
40051976.0	 272.5599365234375	 365.92877197265625	 57675.859375
40052064.0	 271.98248291015625	 367.4164733886719	 58339.2734375
40052148.0	 271.8829345703125	 365.3997497558594	 58697.94921875
40052240.0	 271.1231994628906	 362.6977233886719	 57988.94140625
40052328.0	 270.75506591796875	 363.86895751953125	 56271.24609375
40052416.0	 271.54852294921875	 368.9339599609375	 56475.0859375
40052504.0	 271.5494384765625	 370.19305419921875	 57618.2578125
40052592.0	 270.9205322265625	 369.78814697265625	 60202.05078125
40052684.0	 271.57769775390625	 371.2572021484375	 56070.41015625
40052772.0	 271.574462890625	 370.5710144042969	 57443.6171875
40052864.0	 272.4469909667969	 362.2134704589844	 57879.4375
40052952.0	 272.0722351074219	 372.467041015625	 58536.06640625
40053036.0	 272.21136474609375	 370.5350341796875	 57879.83203125
40053128.0	 271.7408447265625	 360.07781982421875	 56623.10546875
40053216.0	 272.2445068359375	 374.8374938964844	 60985.80078125
40053308.0	 271.14593505859375	 365.939453125	 62956.55078125
40053396.0	 272.30511474609375	 372.7711486816406	 61821.53515625
40053576.0	 272.2900695800781	 345.4732971191406	 46221.28125
40053656.0	 272.210205078125	 361.3110656738281	 56976.21484375
40053748.0	 272.06378173828125	 363.87322998046875	 60126.48046875
40053836.0	 271.9207458496094	 364.03271484375	 61060.0546875
40053928.0	 271.769287109375	 369.127685546875	 63741.953125
40054016.0	 272.88031005859375	 370.55438232421875	 64191.71484375
40054104.0	 271.9623107910156	 362.7793273925781	 58629.5859375
40054196.0	 271.94049072265625	 372.1148986816406	 56786.26953125
40054280.0	 271.781005859375	 371.9950256347656	 57850.6796875
40054368.0	 272.0909118652344	 374.3155517578125	 60677.40234375
40054460.0	 272.0176086425781	 368.26129150390625	 57911.109375
40054548.0	 272.2558898925781	 363.035400390625	 57607.6640625
40054640.0	 272.08489990234375	 368.7507019042969	 55792.28125
40054728.0	 272.64959716796875	 367.49981689453125	 59000.58984375
40054816.0	 271.74017333984375	 368.1324462890625	 57152.0390625
40054900.0	 271.88336181640625	 372.1354675292969	 59146.28125
40054988.0	 271.6605224609375	 369.9181823730469	 58359.90625
40055084.0	 271.20904541015625	 364.2141418457031	 58427.7421875
40055168.0	 271.22509765625	 368.44854736328125	 58456.71875
40055260.0	 271.6817321777344	 378.2330017089844	 61043.75
40055348.0	 271.8800964355469	 373.2328796386719	 57791.74609375
40055436.0	 271.2739562988281	 370.5996398925781	 55412.9140625
40055524.0	 271.1586608886719	 369.4115905761719	 56519.89453125
40055612.0	 270.8546142578125	 375.5538635253906	 59045.40625
40055700.0	 270.8736267089844	 369.732666015625	 56122.453125
40055792.0	 270.93218994140625	 373.1723937988281	 56262.2421875
40055880.0	 271.380615234375	 365.59100341796875	 56462.97265625
40055972.0	 271.5922546386719	 371.841064453125	 58817.64453125
40056056.0	 271.1187744140625	 368.893798828125	 57088.65625
40056144.0	 271.0581359863281	 369.7784118652344	 60891.6484375
40056236.0	 271.1225280761719	 376.4053955078125	 59093.44140625
40056324.0	 270.7251892089844	 380.8523864746094	 63770.53125
40056504.0	 269.1610412597656	 364.7622985839844	 57150.5859375
40056592.0	 271.52154541015625	 373.0619812011719	 55597.3125
40056676.0	 270.7974853515625	 369.3704833984375	 55578.95703125
40056764.0	 270.5982971191406	 368.0162353515625	 56479.09765625
40056856.0	 269.9861755371094	 374.1081237792969	 60663.1640625
40056944.0	 270.714111328125	 365.3997497558594	 57107.75
40057032.0	 270.39306640625	 377.2349853515625	 60088.45703125
40057124.0	 270.4195251464844	 369.66168212890625	 56381.03125
40057212.0	 270.8987121582031	 372.9525451660156	 60038.77734375
40057300.0	 271.3270263671875	 376.9295349121094	 56191.6796875
40057388.0	 272.4543151855469	 373.8421936035156	 59819.30859375
40057476.0	 270.9927978515625	 370.3250732421875	 56266.31640625
40057568.0	 271.347412109375	 375.9071960449219	 58645.8984375
40057656.0	 270.1728515625	 375.1188049316406	 57053.375
40057744.0	 269.6482849121094	 379.7860107421875	 60520.4296875
40057832.0	 269.84307861328125	 375.0203857421875	 61263.6015625
40057920.0	 270.19647216796875	 367.23211669921875	 55584.8046875
40058012.0	 271.3719177246094	 368.9905090332031	 60572.11328125
40058100.0	 270.69036865234375	 361.5411071777344	 57617.5625
40058188.0	 271.07366943359375	 374.92462158203125	 59238.9921875
40058280.0	 270.2757263183594	 364.86224365234375	 54137.23828125
40058364.0	 270.6780090332031	 367.09661865234375	 56070.484375
40058452.0	 272.4063415527344	 368.95196533203125	 59851.20703125
40058540.0	 272.2290344238281	 368.3969421386719	 60184.6484375
40058632.0	 271.96484375	 372.8475646972656	 57328.21875
40058720.0	 271.69525146484375	 373.39935302734375	 59535.23828125
40058808.0	 270.380126953125	 373.14813232421875	 56709.5703125
40058900.0	 270.47955322265625	 364.1449279785156	 50645.87890625
40058988.0	 270.24395751953125	 370.7436828613281	 59324.51171875
40059072.0	 272.1443176269531	 373.1886901855469	 60933.71484375
40059164.0	 272.6189880371094	 370.52471923828125	 59516.75390625
40059252.0	 269.9753723144531	 363.82720947265625	 57670.29296875
40059432.0	 269.9007568359375	 358.1223449707031	 51594.9921875
40059520.0	 270.39117431640625	 367.50469970703125	 55371.20703125
40059608.0	 270.9523010253906	 368.7384338378906	 59428.15625
40059696.0	 271.8411865234375	 381.5583190917969	 62292.375
40059784.0	 271.41876220703125	 369.2918395996094	 61388.33203125
40059876.0	 271.9199523925781	 370.7207946777344	 58442.46875
40059964.0	 271.3786315917969	 371.1678466796875	 60355.19921875
40060056.0	 271.45562744140625	 358.6235656738281	 54170.9765625
40060144.0	 271.9759521484375	 364.1853332519531	 57644.81640625
40060228.0	 273.34173583984375	 366.6089782714844	 57960.5234375
40060316.0	 271.30157470703125	 364.921142578125	 60080.7109375
40060408.0	 272.3367919921875	 374.71673583984375	 60001.9296875
40060496.0	 272.6096496582031	 369.77374267578125	 58689.24609375
40060584.0	 272.94598388671875	 362.1031799316406	 57379.921875
40060676.0	 272.5590515136719	 366.2304382324219	 56220.89453125
40060764.0	 272.4045104980469	 367.615234375	 54009.2734375
40060852.0	 273.39874267578125	 364.18701171875	 54724.39453125
40060940.0	 273.6933288574219	 367.712890625	 56887.61328125
40061028.0	 273.1904296875	 361.94036865234375	 55665.0625
40061116.0	 273.2752990722656	 363.1595764160156	 53433.40625
40061208.0	 272.90948486328125	 364.115966796875	 56554.07421875
40061296.0	 273.382080078125	 365.3371887207031	 59625.296875
40061380.0	 274.3714294433594	 367.2796630859375	 59958.22265625
40061468.0	 273.8597412109375	 361.16387939453125	 56736.6796875
40061560.0	 274.281982421875	 365.6498718261719	 58854.50390625
40061652.0	 275.0325927734375	 384.1036376953125	 65304.51953125
40061740.0	 275.68603515625	 368.04144287109375	 58868.76171875
40061828.0	 275.94927978515625	 359.2738952636719	 59877.80859375
40061920.0	 274.4629821777344	 359.67413330078125	 57622.640625
40062004.0	 274.2099304199219	 379.0653991699219	 70329.0625
40062096.0	 273.71539306640625	 365.0223388671875	 63680.52734375
40062180.0	 274.6932678222656	 361.2124938964844	 58713.37890625
40062360.0	 275.12384033203125	 353.529296875	 52785.05859375
40062452.0	 273.5590515136719	 360.3479309082031	 54656.09765625
40062536.0	 272.6720275878906	 357.5107116699219	 57518.6953125
40062624.0	 272.9021911621094	 359.9125671386719	 55433.53515625
40062716.0	 271.82476806640625	 349.97674560546875	 53477.20703125
40062804.0	 271.3546447753906	 345.2928771972656	 50937.0078125
40062892.0	 270.7843322753906	 347.5967102050781	 53158.75
40062984.0	 272.09613037109375	 352.1674499511719	 55408.8046875
40063072.0	 270.6949157714844	 347.5336608886719	 47631.48046875
40063156.0	 270.6706848144531	 347.68865966796875	 52519.20703125
40063248.0	 272.0723571777344	 353.5235900878906	 58607.4375
40063336.0	 270.7303466796875	 361.0096740722656	 63261.4296875
40063424.0	 271.9141540527344	 349.9910888671875	 55648.19140625
40063512.0	 271.7238464355469	 358.3241271972656	 56971.51953125
40063604.0	 271.66607666015625	 361.79150390625	 64415.63671875
40063688.0	 271.0527648925781	 352.4898376464844	 57377.4609375
40063780.0	 271.19415283203125	 355.1175231933594	 58053.5859375
40063868.0	 271.16461181640625	 357.2301940917969	 63157.2578125
40063960.0	 271.1988525390625	 356.3785400390625	 61850.30859375
40064048.0	 270.9223937988281	 360.9218444824219	 60882.2578125
40064140.0	 270.8251647949219	 361.4837951660156	 60202.05078125
40064224.0	 272.14617919921875	 357.4201354980469	 60598.4921875
40064312.0	 271.5523681640625	 356.5636901855469	 61469.01171875
40064400.0	 271.939697265625	 357.4413757324219	 60828.8125
40064492.0	 272.1484069824219	 355.3623352050781	 59660.0390625
40064580.0	 272.20623779296875	 362.476318359375	 58631.87890625
40064668.0	 272.06744384765625	 366.1689758300781	 66472.2734375
40064760.0	 272.9106750488281	 355.91583251953125	 61370.18359375
40064844.0	 272.0248107910156	 361.67431640625	 64886.2265625
40064932.0	 273.15032958984375	 355.0768127441406	 57334.90234375
40065024.0	 272.4384765625	 357.2344055175781	 56035.69921875
40065112.0	 272.97955322265625	 358.0758361816406	 60101.2421875
40065292.0	 274.13067626953125	 345.5704345703125	 52826.59375
40065380.0	 272.6617736816406	 366.14019775390625	 62515.484375
40065464.0	 272.9014892578125	 355.3468933105469	 60805.4140625
40065552.0	 273.2427062988281	 364.973876953125	 63739.921875
40065644.0	 272.33758544921875	 354.7525939941406	 61597.73046875
40065732.0	 271.5831298828125	 351.4101867675781	 59516.33984375
40065824.0	 272.7099914550781	 361.27337646484375	 63660.671875
40065912.0	 272.8525085449219	 355.1903991699219	 60709.5078125
40066000.0	 273.93841552734375	 351.0770568847656	 61135.5859375
40066088.0	 272.1524963378906	 353.697509765625	 62956.8125
40066176.0	 273.09112548828125	 358.6248474121094	 63648.9453125
40066264.0	 272.556396484375	 359.95635986328125	 59556.2265625
40066356.0	 272.37774658203125	 357.5679931640625	 64098.28125
40066444.0	 273.0040588378906	 359.19012451171875	 63703.15234375
40066536.0	 270.918212890625	 353.26959228515625	 61345.30078125
40066620.0	 272.3972473144531	 357.52435302734375	 55984.0859375
40066708.0	 272.3111877441406	 358.3913269042969	 61421.0390625
40066800.0	 273.0030517578125	 365.6454162597656	 62837.00390625
40066888.0	 272.9562683105469	 365.7289733886719	 64993.21484375
40066976.0	 273.4906005859375	 361.8700866699219	 62606.46484375
40067068.0	 272.84405517578125	 363.60546875	 65066.78125
40067152.0	 273.2048645019531	 355.3690185546875	 58899.3828125
40067244.0	 273.5920715332031	 364.8354187011719	 60483.9140625
40067328.0	 273.4743347167969	 360.1583557128906	 61456.5390625
40067420.0	 273.1549987792969	 361.1518859863281	 63081.5078125
40067508.0	 272.6976013183594	 367.68145751953125	 68739.1328125
40067600.0	 273.43988037109375	 364.56390380859375	 66476.1953125
40067688.0	 273.7796936035156	 358.5284118652344	 65602.59375
40067772.0	 273.0238037109375	 360.57501220703125	 61522.04296875
40067860.0	 274.6546325683594	 367.7628173828125	 66547.0703125
40067952.0	 276.37530517578125	 365.1976013183594	 66456.2265625
40068044.0	 274.6172790527344	 357.9951477050781	 61897.21875
40068220.0	 274.6054992675781	 349.3813171386719	 54742.87890625
40068308.0	 274.5732421875	 370.46783447265625	 65576.7421875
40068396.0	 274.2307434082031	 366.79022216796875	 67319.40625
40068488.0	 275.5833740234375	 364.5700378417969	 66170.828125
40068572.0	 274.5227355957031	 363.6692810058594	 61613.984375
40068664.0	 275.01171875	 365.4843444824219	 62908.15625
40068752.0	 274.8622741699219	 365.90216064453125	 65207.43359375
40068840.0	 274.65875244140625	 380.73712158203125	 70562.296875
40068928.0	 275.23065185546875	 363.5520324707031	 65276.49609375
40069016.0	 274.423828125	 364.3702087402344	 64334.8984375
40069108.0	 275.5771179199219	 365.2017822265625	 69631.875
40069196.0	 274.71673583984375	 371.29296875	 68562.4375
40069284.0	 274.6441955566406	 358.2097473144531	 62843.4453125
40069376.0	 276.1121826171875	 370.2621765136719	 68687.3984375
40069460.0	 275.1586608886719	 364.0010070800781	 64351.94921875
40069548.0	 275.37396240234375	 370.1015319824219	 66191.1484375
40069640.0	 275.3800048828125	 366.9896545410156	 67349.8671875
40069728.0	 275.03753662109375	 372.69830322265625	 66649.5859375
40069816.0	 273.2848815917969	 364.44952392578125	 62566.08984375
40069908.0	 274.39080810546875	 377.5441589355469	 63186.0390625
40069992.0	 274.59625244140625	 371.68243408203125	 62259.2421875
40070084.0	 272.0196838378906	 355.8000793457031	 57296.7265625
40070172.0	 273.3501892089844	 366.9043884277344	 59083.89453125
40070260.0	 273.6838684082031	 371.37469482421875	 61690.32421875
40070352.0	 274.1448669433594	 360.7616882324219	 55794.6796875
40070440.0	 274.4112548828125	 367.8260192871094	 57912.7734375
40070524.0	 273.43341064453125	 360.5774230957031	 53585.49609375
40070612.0	 272.7177734375	 365.24786376953125	 55509.21875
40070704.0	 273.48956298828125	 361.154541015625	 57477.1171875
40070792.0	 273.7261657714844	 364.4588928222656	 57190.109375
40070884.0	 274.1304016113281	 365.129150390625	 58262.8046875
40070972.0	 275.19635009765625	 369.78131103515625	 62780.890625
40071148.0	 275.8695983886719	 360.64862060546875	 54095.78125
40071236.0	 275.1146240234375	 375.0911560058594	 65758.375
40071324.0	 274.9542541503906	 360.801025390625	 61738.87109375
40071412.0	 276.6591491699219	 376.0499572753906	 70035.859375
40071504.0	 276.9578552246094	 364.2702941894531	 63511.34765625
40071592.0	 276.41302490234375	 372.5120544433594	 67780.9765625
40071680.0	 277.4991760253906	 371.2918701171875	 69376.171875
40071768.0	 276.07757568359375	 373.4957580566406	 69641.9296875
40071856.0	 277.0688781738281	 371.1308898925781	 67635.9453125
40071948.0	 276.52081298828125	 375.2145080566406	 69333.6015625
40072036.0	 277.38330078125	 369.7629089355469	 66263.640625
40072124.0	 275.8470153808594	 375.88385009765625	 69676.3125
40072208.0	 276.33917236328125	 360.987548828125	 63374.80859375
40072300.0	 276.8998718261719	 367.3650817871094	 65849.1875
