START:	 24.999999999999943
END:	 25.199999999999942

r [km]	 vr [km/s]	 np [cm-3]	 T [K]
17439414.0	 253.1097412109375	 2042.033935546875	 93285.734375
17439394.0	 250.7552032470703	 2157.854248046875	 91863.6875
17439374.0	 247.62979125976562	 2171.324462890625	 89856.9375
17493842.0	 224.52035522460938	 2680.3828125	 132064.734375
17493728.0	 231.17691040039062	 2138.5927734375	 117276.125
17493616.0	 229.2890167236328	 2160.670654296875	 117788.6953125
17491494.0	 256.6254577636719	 1661.4268798828125	 108282.7109375
17491438.0	 252.93719482421875	 1743.7593994140625	 114321.328125
17487942.0	 231.21844482421875	 2208.370361328125	 119970.890625
