START:	 55.70000000000052
END:	 55.80000000000052

r [km]	 vr [km/s]	 np [cm-3]	 T [K]
38750576.0	 284.26165771484375	 539.689208984375	 102083.5546875
38750668.0	 284.4004211425781	 529.6983642578125	 99266.1796875
38750760.0	 283.31060791015625	 540.8889770507812	 105011.421875
38750852.0	 283.29840087890625	 547.4422607421875	 107923.9609375
38750936.0	 284.81488037109375	 530.1414184570312	 102600.6015625
38751028.0	 283.8388671875	 534.0725708007812	 103404.9296875
38751120.0	 284.17449951171875	 537.1112670898438	 106785.296875
38751208.0	 284.2809753417969	 535.8018798828125	 103780.9140625
38751300.0	 282.9072265625	 528.7457885742188	 104076.0078125
38751388.0	 282.80023193359375	 544.6380004882812	 104771.1953125
38751480.0	 281.9429626464844	 531.2474975585938	 101346.390625
38751572.0	 282.2814636230469	 522.7540893554688	 101324.09375
38751748.0	 282.45013427734375	 514.5584106445312	 96202.046875
38751840.0	 280.9849548339844	 529.3434448242188	 97774.5546875
38751932.0	 281.4298400878906	 520.6633911132812	 96040.0859375
38752020.0	 281.8988952636719	 539.7261962890625	 99853.171875
38752112.0	 282.99359130859375	 538.8232421875	 101176.1171875
38752196.0	 282.78045654296875	 531.226318359375	 100848.375
38752288.0	 281.96240234375	 535.4275512695312	 103781.1875
38752380.0	 282.5743103027344	 533.4589233398438	 104867.9921875
38752472.0	 281.10223388671875	 518.635986328125	 101405.203125
38752564.0	 281.38909912109375	 526.2852783203125	 96035.5234375
38752648.0	 280.6640319824219	 510.6111145019531	 99524.390625
38752740.0	 281.3307800292969	 542.2733764648438	 104477.8671875
38752832.0	 282.6791076660156	 539.2775268554688	 105254.2265625
38752924.0	 283.7409973144531	 533.0736083984375	 105293.234375
38753016.0	 282.2153625488281	 522.6656494140625	 101847.125
38753100.0	 281.8823547363281	 524.424560546875	 99993.203125
38753192.0	 282.25927734375	 529.1675415039062	 101146.96875
38753284.0	 283.3763122558594	 537.8623657226562	 104551.7265625
38753376.0	 282.43408203125	 518.9697265625	 99244.28125
38753464.0	 282.09344482421875	 520.3095092773438	 98151.703125
38753552.0	 282.0170593261719	 536.1510009765625	 98218.2734375
38753644.0	 281.3511047363281	 522.0230102539062	 100130.796875
38753732.0	 283.4434509277344	 539.971923828125	 103543.234375
38753824.0	 283.0163269042969	 519.535888671875	 95593.8984375
38753916.0	 282.94891357421875	 518.9392700195312	 98063.453125
38754000.0	 284.24493408203125	 530.6920776367188	 102722.4296875
38754092.0	 283.3858337402344	 531.8016357421875	 100581.609375
38754184.0	 282.80267333984375	 518.6943969726562	 97346.8984375
38754276.0	 282.276123046875	 523.7689819335938	 101171.4921875
38754360.0	 282.18865966796875	 525.9537963867188	 98731.7265625
38754452.0	 283.0635070800781	 537.7059936523438	 103092.15625
38754544.0	 282.262451171875	 533.8908081054688	 104447.5078125
38754728.0	 284.2188720703125	 529.7952270507812	 101856.703125
38754812.0	 283.2774353027344	 538.4298706054688	 105599.8515625
38754904.0	 284.4654235839844	 539.4354858398438	 103358.734375
38754992.0	 283.94732666015625	 534.26806640625	 104823.8671875
38755084.0	 283.9022216796875	 535.79052734375	 108266.40625
38755176.0	 284.06512451171875	 540.7092895507812	 106433.1171875
38755260.0	 284.7832946777344	 537.0003662109375	 107846.8671875
38755352.0	 285.065673828125	 544.3795166015625	 106935.3046875
38755444.0	 284.1794128417969	 540.7276611328125	 109292.765625
38755536.0	 285.1102294921875	 537.0194091796875	 104670.0078125
38755628.0	 284.9668273925781	 540.4342651367188	 104165.59375
38755716.0	 284.1441955566406	 535.8455200195312	 106316.734375
38755804.0	 283.9582214355469	 542.7578735351562	 107864.0625
38755896.0	 284.1413879394531	 541.245361328125	 106975.6875
38755988.0	 283.45587158203125	 535.2642822265625	 108028.453125
38756076.0	 285.0389404296875	 527.439208984375	 102118.0859375
38756164.0	 284.71612548828125	 533.5963134765625	 105198.5078125
38756256.0	 284.08563232421875	 539.9360961914062	 108922.1328125
38756348.0	 284.4691162109375	 535.0234985351562	 109091.9375
38756436.0	 284.2298583984375	 533.9651489257812	 105016.578125
38756528.0	 284.66796875	 537.7520141601562	 106419.8359375
38756616.0	 284.17559814453125	 538.20849609375	 109377.9453125
38756708.0	 284.31683349609375	 539.1185913085938	 107981.0390625
38756796.0	 283.5311584472656	 537.6729736328125	 108451.1484375
38756888.0	 283.13323974609375	 538.3431396484375	 107345.375
38756976.0	 283.2076416015625	 550.3326416015625	 109158.9375
38757068.0	 283.5705871582031	 533.599365234375	 107460.2734375
38757160.0	 283.4722900390625	 543.339111328125	 112248.2109375
38757248.0	 283.9606018066406	 536.7282104492188	 106002.171875
38757340.0	 283.4787902832031	 543.4183349609375	 105694.1796875
38757428.0	 283.7977294921875	 537.745361328125	 104051.390625
38757520.0	 284.173583984375	 536.1885986328125	 107343.9765625
38757700.0	 284.37945556640625	 526.3247680664062	 101967.1015625
38757792.0	 282.59576416015625	 545.5648803710938	 112607.3671875
38757876.0	 282.60418701171875	 527.8729858398438	 104521.4453125
38757968.0	 282.65277099609375	 535.5262451171875	 105880.9296875
38758060.0	 281.64935302734375	 540.5819091796875	 107068.84375
38758148.0	 283.0634765625	 530.6154174804688	 102280.546875
38758236.0	 282.6992492675781	 540.52490234375	 106267.3671875
38758332.0	 282.84881591796875	 531.6603393554688	 101579.8515625
38758420.0	 282.6658630371094	 540.9740600585938	 104091.5390625
38758512.0	 281.7925109863281	 541.2490844726562	 104643.671875
38758604.0	 282.24053955078125	 530.630615234375	 103594.703125
38758688.0	 282.17535400390625	 536.815185546875	 107385.4609375
38758780.0	 283.6354064941406	 534.4274291992188	 100363.25
38758872.0	 283.0343017578125	 533.5931396484375	 101351.921875
38758960.0	 283.1470031738281	 541.9537353515625	 103554.2265625
38759052.0	 282.4040222167969	 541.6475830078125	 103044.0390625
38759140.0	 282.25970458984375	 540.9913330078125	 104316.1796875
38759232.0	 281.5694580078125	 536.8314208984375	 102880.296875
38759320.0	 281.4577941894531	 537.8939208984375	 103923.8828125
38759412.0	 281.2029113769531	 533.3050537109375	 105180.7109375
38759504.0	 281.75958251953125	 538.8049926757812	 105928.34375
38759592.0	 282.0886535644531	 537.1900024414062	 102868.09375
38759680.0	 281.81732177734375	 532.9265747070312	 102062.984375
38759864.0	 282.62982177734375	 531.6975708007812	 102759.828125
38759948.0	 282.8750305175781	 529.012939453125	 100631.4453125
38760040.0	 282.2207946777344	 535.7136840820312	 106339.15625
38760132.0	 281.4008483886719	 541.8768920898438	 106405.4296875
38760220.0	 282.0536804199219	 534.3510131835938	 108091.1328125
38760312.0	 283.0892639160156	 530.2671508789062	 99220.3046875
38760400.0	 282.7908020019531	 531.1741943359375	 100917.5078125
38760492.0	 281.88671875	 541.6011962890625	 109713.4453125
38760672.0	 282.08544921875	 519.6082763671875	 102408.0703125
38760764.0	 282.7361145019531	 534.72900390625	 104440.90625
38760852.0	 282.57763671875	 526.7501220703125	 102559.765625
38760940.0	 281.8154296875	 543.9957885742188	 109345.9921875
38761032.0	 282.0675964355469	 539.976318359375	 107628.265625
38761124.0	 283.0997314453125	 536.0086669921875	 103675.75
38761216.0	 282.4444580078125	 529.3170166015625	 102381.6015625
38761304.0	 283.13641357421875	 532.6022338867188	 103191.6953125
38761392.0	 282.56585693359375	 539.6471557617188	 107145.78125
38761484.0	 282.95916748046875	 530.1859130859375	 102080.8046875
38761576.0	 282.62237548828125	 531.053955078125	 105277.03125
38761664.0	 282.14642333984375	 537.638427734375	 107001.28125
38761756.0	 282.5760498046875	 536.64599609375	 103945.09375
38761844.0	 281.90106201171875	 544.2621459960938	 106732.796875
38761936.0	 281.9014892578125	 540.8900146484375	 107284.3984375
38762024.0	 282.6431579589844	 533.8186645507812	 104962.71875
38762112.0	 283.21343994140625	 541.4689331054688	 107490.7421875
38762204.0	 283.39166259765625	 539.6795043945312	 105437.5546875
38762292.0	 283.31976318359375	 543.8733520507812	 109210.1484375
38762384.0	 282.551513671875	 540.713134765625	 110971.4765625
38762476.0	 283.36279296875	 547.6163940429688	 111273.484375
38762564.0	 283.1365966796875	 545.07373046875	 112255.140625
38762652.0	 282.2042236328125	 556.3843383789062	 113924.6640625
38762744.0	 283.6789855957031	 538.2529907226562	 107145.2578125
38762836.0	 282.66326904296875	 545.4281616210938	 110996.90625
38762924.0	 283.8555908203125	 539.5718383789062	 108048.0390625
38763016.0	 283.32562255859375	 544.735595703125	 110153.265625
38763104.0	 283.33642578125	 539.7535400390625	 104275.0625
38763196.0	 283.3532409667969	 534.9453125	 108243.359375
38763288.0	 283.1786193847656	 541.7333984375	 107539.234375
38763372.0	 283.688720703125	 536.9336547851562	 106409.2734375
38763464.0	 283.2911071777344	 546.4307861328125	 109479.859375
38763644.0	 283.6366882324219	 534.4352416992188	 111242.3984375
38763736.0	 282.17236328125	 556.0773315429688	 115931.5390625
38763828.0	 282.2743225097656	 542.1304931640625	 113949.125
38763916.0	 282.43695068359375	 545.5543823242188	 112566.7421875
38764008.0	 282.760009765625	 544.7216796875	 114937.6015625
38764100.0	 282.3507385253906	 546.5242309570312	 115401.65625
38764184.0	 282.9612731933594	 533.1795654296875	 108683.671875
38764276.0	 283.1358337402344	 539.6915283203125	 108173.9140625
38764368.0	 283.0940856933594	 542.6712646484375	 108815.0078125
38764456.0	 283.7728576660156	 537.0760498046875	 106652.3125
38764548.0	 284.1081848144531	 535.7574462890625	 102018.421875
38764636.0	 283.3865661621094	 539.8148193359375	 106516.4140625
38764728.0	 283.3897399902344	 536.7072143554688	 105055.9140625
38764816.0	 282.8070373535156	 536.2786254882812	 104562.1953125
38764908.0	 282.5655212402344	 534.7327880859375	 108615.046875
38765000.0	 283.12725830078125	 528.658935546875	 105916.640625
38765088.0	 281.4623107910156	 539.1016845703125	 106345.2421875
38765180.0	 281.6468811035156	 533.0223388671875	 102968.6484375
38765268.0	 282.0375061035156	 539.6005249023438	 104790.4609375
38765360.0	 282.7740478515625	 540.1132202148438	 103775.4140625
38765448.0	 282.60205078125	 538.8036499023438	 108202.3671875
38765536.0	 282.10198974609375	 542.562744140625	 109514.5078125
38765628.0	 281.5860900878906	 540.5838623046875	 110210.3359375
38765720.0	 281.591064453125	 547.271240234375	 111778.2109375
38765808.0	 281.600341796875	 546.5277099609375	 111836.765625
38765896.0	 282.271240234375	 544.2158203125	 113208.8828125
38765988.0	 281.3839111328125	 545.26953125	 117497.3203125
38766080.0	 281.1547546386719	 547.1409301757812	 111964.1328125
38766168.0	 282.04351806640625	 544.8319091796875	 113195.3046875
38766260.0	 281.4543151855469	 543.5955810546875	 114326.078125
38766348.0	 281.39947509765625	 539.6495971679688	 109708.6640625
38766440.0	 282.3017272949219	 544.5558471679688	 113231.796875
38766620.0	 281.78558349609375	 536.3593139648438	 107495.9375
38766708.0	 282.1495056152344	 526.1073608398438	 106607.0
38766800.0	 281.72283935546875	 538.626708984375	 111345.015625
38766892.0	 281.2734680175781	 539.0481567382812	 114878.734375
38766984.0	 279.8700256347656	 559.5843505859375	 119357.96875
38767072.0	 281.09716796875	 547.0921630859375	 113354.7734375
38767160.0	 282.1800842285156	 536.9584350585938	 110644.515625
38767252.0	 281.4813232421875	 545.025146484375	 116675.828125
38767344.0	 281.9423522949219	 540.8638916015625	 113057.1875
38767432.0	 281.5057373046875	 542.0375366210938	 110292.671875
38767520.0	 281.78253173828125	 542.2774047851562	 109453.7890625
38767612.0	 282.168701171875	 538.5955200195312	 110927.7265625
38767700.0	 282.0234680175781	 542.0029296875	 111468.8984375
38767792.0	 283.10150146484375	 540.4453125	 109392.8203125
38767884.0	 282.524658203125	 530.0136108398438	 106674.0703125
38767968.0	 282.2395935058594	 541.7442626953125	 109084.1484375
38768060.0	 282.8307800292969	 546.0294189453125	 110569.296875
38768152.0	 281.9202575683594	 550.5392456054688	 113886.4296875
38768244.0	 281.1592712402344	 551.9832763671875	 115212.265625
38768332.0	 282.6001892089844	 533.074951171875	 107140.8828125
38768420.0	 282.1156921386719	 539.7114868164062	 108873.421875
38768512.0	 281.6881103515625	 549.1329345703125	 113055.2890625
38768604.0	 282.16107177734375	 536.217529296875	 105133.0703125
38768696.0	 282.53631591796875	 543.1478881835938	 109656.1171875
38768780.0	 282.83770751953125	 536.5653686523438	 109693.9921875
38768872.0	 282.4040222167969	 541.4253540039062	 113073.296875
38768964.0	 282.01434326171875	 540.470947265625	 111649.6796875
38769052.0	 282.529052734375	 535.5786743164062	 104248.046875
38769144.0	 282.7813720703125	 542.1857299804688	 109229.125
38769232.0	 282.7832336425781	 535.3133544921875	 110890.46875
38769324.0	 282.6683044433594	 552.9979248046875	 108905.0625
38769416.0	 282.81732177734375	 550.7081298828125	 111900.1328125
38769592.0	 282.66571044921875	 540.421142578125	 111861.203125
38769684.0	 282.5873718261719	 546.0488891601562	 110911.8984375
38769776.0	 282.7322082519531	 546.6390991210938	 109679.9453125
38769864.0	 283.32733154296875	 538.1936645507812	 107899.3125
38769956.0	 282.838623046875	 547.3815307617188	 113032.203125
38770044.0	 282.2491760253906	 545.7100219726562	 113317.375
38770132.0	 282.61260986328125	 551.130615234375	 111956.0390625
38770224.0	 283.576171875	 540.8679809570312	 111322.7421875
38770316.0	 282.99676513671875	 551.1823120117188	 108921.5546875
38770400.0	 282.4788513183594	 551.1109619140625	 112679.953125
38770492.0	 282.944580078125	 547.01123046875	 110222.265625
38770584.0	 282.68389892578125	 548.437744140625	 106774.84375
38770676.0	 282.73907470703125	 549.3191528320312	 110856.28125
38770768.0	 282.3974304199219	 552.6824951171875	 118706.75
38770852.0	 283.0673522949219	 548.68017578125	 109799.21875
38770944.0	 283.0777282714844	 550.59619140625	 108671.421875
38771036.0	 282.65106201171875	 553.5097045898438	 111160.5390625
38771128.0	 283.3297119140625	 545.8744506835938	 108855.046875
38771216.0	 283.0865478515625	 537.1717529296875	 105657.828125
38771304.0	 282.9266357421875	 547.5913696289062	 105318.890625
38771396.0	 282.2337341308594	 552.3753662109375	 111721.1796875
38771484.0	 282.8734436035156	 549.8939208984375	 108353.53125
38771576.0	 282.5545654296875	 547.1513061523438	 111283.0859375
38771664.0	 282.2474670410156	 546.1917724609375	 111469.046875
38771752.0	 283.0649719238281	 539.9281616210938	 104707.15625
38771844.0	 282.7969665527344	 548.2079467773438	 111721.65625
38771936.0	 282.97509765625	 541.1614990234375	 106606.0234375
38772028.0	 282.45965576171875	 543.2144165039062	 111722.6171875
38772116.0	 282.8541564941406	 550.0787963867188	 110755.96875
38772208.0	 283.2443542480469	 550.2779541015625	 107802.6640625
38772296.0	 284.1590270996094	 543.582763671875	 109447.671875
38772388.0	 282.2070617675781	 540.5136108398438	 109960.8828125
38772568.0	 282.57586669921875	 546.4179077148438	 111612.3828125
38772656.0	 282.3655090332031	 553.37890625	 112007.3203125
38772748.0	 282.2878723144531	 553.7338256835938	 114173.8046875
38772840.0	 283.5825500488281	 564.0400390625	 114443.9296875
38772928.0	 283.077392578125	 546.452392578125	 108380.1328125
38773020.0	 282.5323486328125	 548.1005249023438	 115336.125
38773108.0	 281.9662780761719	 545.5648193359375	 109265.0625
38773200.0	 282.6610107421875	 541.7548828125	 106319.8359375
38773288.0	 283.66680908203125	 533.1453857421875	 104037.3046875
38773380.0	 284.7023010253906	 534.150146484375	 105166.8203125
38773468.0	 284.5975646972656	 542.0852661132812	 107879.84375
38773560.0	 283.7572326660156	 534.89111328125	 108842.2421875
38773652.0	 284.0234680175781	 536.1204223632812	 111253.3203125
38773736.0	 284.76190185546875	 534.9107055664062	 108513.03125
38773828.0	 284.4558410644531	 534.2399291992188	 107913.484375
38773920.0	 285.21337890625	 536.2532348632812	 107128.046875
38774012.0	 284.5218505859375	 539.720947265625	 111674.171875
38774096.0	 285.18841552734375	 535.0532836914062	 105750.25
38774188.0	 285.0368957519531	 539.1089477539062	 109692.5234375
38774280.0	 285.6432189941406	 534.2200317382812	 107207.6328125
38774372.0	 285.264892578125	 536.505126953125	 110872.3203125
38774464.0	 285.8667907714844	 535.287841796875	 107729.5234375
38774548.0	 285.87261962890625	 534.2666015625	 105766.6796875
38774640.0	 286.6137390136719	 539.576416015625	 106037.5703125
38774732.0	 287.0632019042969	 550.2250366210938	 111957.1484375
38774824.0	 287.4476013183594	 539.1322631835938	 107347.8828125
38774908.0	 286.8130798339844	 540.4530029296875	 106042.4765625
38775000.0	 286.7565612792969	 540.1181640625	 109324.4609375
38775092.0	 286.7351989746094	 530.3319702148438	 106870.4140625
38775184.0	 287.6001281738281	 551.1233520507812	 112122.2109375
38775276.0	 289.37005615234375	 543.7505493164062	 105704.78125
38775360.0	 289.2059326171875	 540.2987060546875	 104666.140625
38775544.0	 289.808837890625	 532.1084594726562	 100134.03125
38775632.0	 290.1431884765625	 533.834228515625	 98262.5390625
38775720.0	 290.0415344238281	 540.9091186523438	 101812.5703125
38775812.0	 290.15386962890625	 551.1113891601562	 104681.796875
38775900.0	 290.7049865722656	 542.760498046875	 103505.875
38775992.0	 290.24591064453125	 543.8607788085938	 102103.046875
38776084.0	 290.05584716796875	 544.61181640625	 100103.078125
38776172.0	 288.6494445800781	 546.4923706054688	 101513.96875
38776260.0	 288.73651123046875	 541.4498901367188	 107136.1015625
38776352.0	 289.2095642089844	 547.8409423828125	 106186.0546875
38776444.0	 289.7970275878906	 537.0150146484375	 102366.4921875
38776532.0	 289.4372253417969	 546.515869140625	 100580.4765625
38776624.0	 289.01287841796875	 541.41259765625	 103316.6328125
38776712.0	 288.9607849121094	 549.9570922851562	 103028.3203125
38776804.0	 288.416259765625	 536.7076416015625	 107438.546875
38776896.0	 288.34295654296875	 538.9845581054688	 107548.59375
38776984.0	 288.638916015625	 538.1393432617188	 108265.9453125
38777072.0	 288.2928466796875	 537.978759765625	 108176.1640625
38777164.0	 287.9097595214844	 536.6815185546875	 104187.9375
38777256.0	 286.6670837402344	 526.7134399414062	 104470.6953125
38777340.0	 288.1199645996094	 552.9418334960938	 108139.6171875
38777436.0	 287.32757568359375	 539.3445434570312	 104093.3671875
38777524.0	 286.3623352050781	 546.0750732421875	 109997.359375
38777616.0	 287.1113586425781	 549.9349365234375	 103358.578125
38777704.0	 286.95611572265625	 540.3272094726562	 105170.6640625
38777796.0	 287.8272399902344	 547.0504150390625	 108068.5078125
38777884.0	 287.8574523925781	 555.3578491210938	 110583.609375
38777976.0	 288.6807861328125	 535.0292358398438	 100365.359375
38778068.0	 290.2637939453125	 546.3677368164062	 100563.15625
38778152.0	 290.2504577636719	 546.9060668945312	 105674.4296875
38778244.0	 290.9604797363281	 550.6893920898438	 107824.265625
38778336.0	 291.703125	 551.6083374023438	 98536.84375
38778512.0	 291.4285583496094	 549.4720458984375	 95208.5390625
38778604.0	 291.060302734375	 558.518798828125	 96820.96875
38778696.0	 290.9564514160156	 564.0677490234375	 99416.0625
38778784.0	 291.6725769042969	 554.1622314453125	 98643.6328125
38778876.0	 292.28643798828125	 554.3134155273438	 94436.875
38778964.0	 292.3306884765625	 547.214599609375	 96180.6328125
38779052.0	 292.0050964355469	 553.703857421875	 93461.609375
38779144.0	 291.70025634765625	 562.2830810546875	 94389.875
38779236.0	 291.9188232421875	 552.7898559570312	 95327.1953125
38779324.0	 292.80841064453125	 546.86572265625	 94484.875
38779412.0	 291.25653076171875	 559.3389282226562	 98823.5234375
38779504.0	 292.1971435546875	 557.9285278320312	 92915.1953125
38779596.0	 292.1736755371094	 553.5794677734375	 93237.75
38779688.0	 292.55364990234375	 544.4740600585938	 89732.125
38779776.0	 292.0478210449219	 549.2379150390625	 92710.2109375
38779864.0	 292.1235046386719	 548.9933471679688	 95662.8828125
38779956.0	 292.7344970703125	 550.5154418945312	 90849.4375
38780048.0	 292.7215881347656	 545.9694213867188	 90444.3984375
38780132.0	 292.2502746582031	 552.0855712890625	 91032.078125
38780228.0	 292.8373718261719	 547.8906860351562	 88837.9296875
38780316.0	 291.43060302734375	 552.6271362304688	 96413.9921875
38780408.0	 292.8157653808594	 542.948974609375	 87804.3828125
38780496.0	 292.53070068359375	 545.01171875	 89216.6875
38780588.0	 292.6369323730469	 551.04345703125	 89718.578125
38780680.0	 292.4586486816406	 559.1384887695312	 92612.9453125
38780768.0	 292.99359130859375	 545.7107543945312	 88647.703125
38780860.0	 292.91192626953125	 543.16064453125	 86848.40625
38780948.0	 291.4593200683594	 558.07861328125	 93355.203125
38781036.0	 292.0098571777344	 551.0721435546875	 88675.7890625
38781128.0	 291.56201171875	 552.5516357421875	 91478.5703125
38781220.0	 291.3515319824219	 563.3292236328125	 93210.6796875
38781304.0	 291.946044921875	 558.6854248046875	 94103.53125
38781488.0	 291.4051818847656	 555.0684204101562	 88305.453125
38781580.0	 290.1376647949219	 550.20166015625	 87797.9921875
38781672.0	 291.12725830078125	 548.716064453125	 85261.4765625
38781756.0	 291.2136535644531	 543.1498413085938	 85844.6171875
38781848.0	 290.6341247558594	 548.72216796875	 89839.5390625
38781940.0	 290.93206787109375	 546.7705078125	 87197.1015625
38782032.0	 291.45263671875	 539.80517578125	 83627.9296875
38782116.0	 291.3973388671875	 540.9857788085938	 87784.8515625
38782208.0	 291.0722351074219	 547.3005981445312	 88393.2734375
38782300.0	 291.3756408691406	 537.4869995117188	 83199.9375
38782392.0	 291.2007751464844	 542.4657592773438	 86192.3828125
38782476.0	 291.2336730957031	 539.1310424804688	 84490.0234375
38782568.0	 291.79888916015625	 540.6787719726562	 82436.6796875
38782660.0	 290.8434143066406	 548.0359497070312	 86929.8203125
38782748.0	 291.5500793457031	 547.6649780273438	 86582.7265625
38782840.0	 290.9159851074219	 551.9185791015625	 88218.2421875
38782932.0	 291.1111755371094	 549.3729858398438	 86401.2265625
38783020.0	 291.9631652832031	 542.524658203125	 83446.1171875
38783112.0	 291.6966552734375	 544.4899291992188	 89195.9453125
38783200.0	 291.6510009765625	 548.7383422851562	 86150.71875
38783288.0	 291.1705017089844	 550.735595703125	 87120.1875
38783380.0	 291.2015380859375	 548.8482666015625	 89039.2109375
38783472.0	 291.2179260253906	 548.3084716796875	 90401.296875
38783560.0	 292.2356872558594	 535.3330078125	 83188.9921875
38783652.0	 291.3505554199219	 543.658203125	 85856.5390625
38783740.0	 290.27679443359375	 548.9559936523438	 88828.21875
38783832.0	 289.764404296875	 557.1124267578125	 89698.0546875
38783920.0	 290.5084533691406	 546.8906860351562	 85852.9609375
38784012.0	 290.001708984375	 548.5343627929688	 89650.15625
38784100.0	 289.658447265625	 558.3117065429688	 87168.1796875
38784188.0	 289.06866455078125	 543.5005493164062	 83345.390625
38784280.0	 288.5875549316406	 548.5363159179688	 86098.484375
38784456.0	 288.7702941894531	 549.6705932617188	 85946.4140625
38784548.0	 288.92474365234375	 544.91064453125	 83795.640625
38784640.0	 288.7938232421875	 559.0244140625	 89131.1328125
38784732.0	 288.3064880371094	 548.489990234375	 86349.84375
38784824.0	 288.1141357421875	 547.6121215820312	 87773.671875
38784908.0	 287.90118408203125	 554.0277099609375	 87174.8984375
38785000.0	 287.19659423828125	 552.5496215820312	 89193.921875
38785092.0	 287.9822998046875	 544.7783813476562	 83092.09375
38785184.0	 286.4412536621094	 555.0932006835938	 89532.015625
38785272.0	 286.37542724609375	 563.2816162109375	 92295.671875
38785360.0	 286.9840087890625	 560.150146484375	 88869.6171875
38785452.0	 287.49664306640625	 549.4793701171875	 85256.375
38785544.0	 287.4051208496094	 559.7407836914062	 88599.1796875
38785632.0	 285.8435363769531	 549.7894897460938	 87722.015625
38785724.0	 285.0864562988281	 562.5032348632812	 92619.4453125
38785816.0	 285.3294982910156	 558.1369018554688	 90865.0625
38785904.0	 285.34735107421875	 556.073486328125	 89957.65625
38785996.0	 285.786865234375	 559.084228515625	 90567.421875
38786084.0	 285.2657775878906	 562.4398803710938	 92589.5625
38786176.0	 285.8265380859375	 552.2152099609375	 91746.046875
38786264.0	 286.43572998046875	 560.4548950195312	 88808.5703125
38786356.0	 286.8589172363281	 551.7098999023438	 87555.1640625
38786444.0	 284.31573486328125	 551.0873413085938	 88232.921875
38786532.0	 284.1512145996094	 553.3541259765625	 89777.7421875
38786624.0	 285.8228759765625	 554.4255981445312	 89220.7265625
38786716.0	 282.82861328125	 548.0992431640625	 88418.5078125
38786800.0	 282.1901550292969	 545.7571411132812	 91550.96875
38786892.0	 282.8707580566406	 541.3380737304688	 86106.8671875
38786984.0	 282.1698303222656	 528.118408203125	 85804.2109375
38787076.0	 282.2349853515625	 534.917724609375	 83797.6875
38787164.0	 283.4346008300781	 542.1357421875	 86065.046875
38787252.0	 283.432861328125	 551.3917846679688	 86522.6953125
38787432.0	 284.1767272949219	 543.4801025390625	 85534.265625
38787524.0	 283.5525207519531	 549.8629150390625	 87174.453125
38787612.0	 284.4454040527344	 552.2404174804688	 86939.78125
38787704.0	 282.95654296875	 536.1329345703125	 84958.1015625
38787792.0	 283.7989807128906	 551.2470092773438	 89688.3671875
38787884.0	 284.23956298828125	 541.2770385742188	 88428.1328125
38787972.0	 283.23773193359375	 552.2406616210938	 87471.5078125
38788064.0	 283.396728515625	 545.0694580078125	 91194.2109375
38788156.0	 283.52667236328125	 546.6724243164062	 88407.3203125
38788244.0	 283.3426513671875	 549.7586059570312	 89684.6875
38788332.0	 284.0423278808594	 548.6459350585938	 87512.8984375
38788424.0	 284.8692626953125	 537.748046875	 86790.7578125
38788516.0	 283.7445983886719	 547.6038818359375	 90175.75
38788608.0	 284.3016357421875	 542.8505249023438	 86018.2421875
38788700.0	 283.1404724121094	 546.979248046875	 88138.609375
38788784.0	 282.7354736328125	 527.6679077148438	 83432.9296875
38788876.0	 281.6373596191406	 543.1361083984375	 90781.515625
38788968.0	 282.52593994140625	 556.7247924804688	 88660.8984375
38789060.0	 283.18548583984375	 552.3217163085938	 88787.6640625
38789144.0	 281.9205322265625	 524.864013671875	 85296.3046875
38789236.0	 279.8200378417969	 524.8565673828125	 84949.578125
38789328.0	 280.0552673339844	 531.9915771484375	 83854.6484375
38789420.0	 282.17388916015625	 541.5361328125	 84046.90625
38789504.0	 279.3379821777344	 524.7422485351562	 83856.5625
38789596.0	 280.176025390625	 528.9503173828125	 84474.3984375
38789688.0	 277.48004150390625	 517.259765625	 83297.53125
38789776.0	 276.6403503417969	 504.55908203125	 80366.859375
38789868.0	 277.25653076171875	 514.681396484375	 82843.7734375
38789956.0	 276.6440734863281	 508.6080627441406	 80126.515625
38790048.0	 276.0714111328125	 514.7312622070312	 86413.203125
38790136.0	 276.6918029785156	 517.0421752929688	 83898.5703125
38790228.0	 276.5658874511719	 505.7581787109375	 80632.1953125
38790408.0	 277.1568603515625	 494.84521484375	 77934.640625
38790496.0	 276.4512634277344	 505.327392578125	 82993.59375
38790588.0	 277.2543640136719	 519.85107421875	 88130.5859375
38790676.0	 276.7980041503906	 512.0814819335938	 86303.96875
38790768.0	 276.52398681640625	 514.3856201171875	 92137.8671875
38790856.0	 276.2505798339844	 527.8460693359375	 94844.7109375
38790948.0	 276.6519775390625	 517.5360717773438	 92009.1328125
38791036.0	 276.16485595703125	 524.8916625976562	 93379.2265625
38791128.0	 276.6666564941406	 518.680908203125	 91520.9921875
38791220.0	 276.1413879394531	 514.8834228515625	 89636.921875
38791308.0	 276.76934814453125	 512.7178344726562	 88234.2421875
38791400.0	 276.16876220703125	 521.6591186523438	 92707.6328125
38791488.0	 277.3004455566406	 522.869384765625	 94340.7890625
38791576.0	 277.3021240234375	 514.13037109375	 89128.6796875
38791668.0	 277.1715087890625	 511.78759765625	 87590.09375
38791760.0	 276.57763671875	 521.0098876953125	 92506.6640625
38791848.0	 275.4478759765625	 517.0029907226562	 90647.7265625
38791940.0	 275.9021301269531	 523.6737670898438	 92025.25
38792028.0	 277.38433837890625	 526.1436767578125	 92851.8984375
38792120.0	 276.7977600097656	 518.7913208007812	 93192.453125
38792208.0	 275.99090576171875	 521.680908203125	 93984.6640625
38792300.0	 275.7153015136719	 524.4337158203125	 90990.1640625
38792392.0	 275.88916015625	 516.256103515625	 88323.65625
38792480.0	 276.15936279296875	 520.6149291992188	 90417.4140625
38792568.0	 278.0477600097656	 543.171875	 97105.296875
38792660.0	 277.7825012207031	 534.8225708007812	 97564.6328125
38792752.0	 278.4806213378906	 524.25	 93406.171875
38792840.0	 277.9670715332031	 533.2459716796875	 95994.296875
38792932.0	 278.64031982421875	 523.6495361328125	 93967.796875
38793020.0	 278.5929260253906	 531.7142944335938	 95668.1328125
38793108.0	 278.61224365234375	 533.985107421875	 99559.9296875
38793200.0	 277.58209228515625	 528.2785034179688	 95143.828125
38793380.0	 278.0040283203125	 522.7877197265625	 95136.34375
38793468.0	 277.39788818359375	 516.0224609375	 86900.3046875
38793560.0	 276.3319396972656	 519.9874877929688	 90952.6640625
38793652.0	 275.5450439453125	 523.48583984375	 95594.7890625
38793740.0	 276.455810546875	 512.7501220703125	 89200.8828125
38793832.0	 275.2745056152344	 498.4849548339844	 85490.5625
38793924.0	 275.3575134277344	 515.4010620117188	 90296.7421875
38794012.0	 274.7096252441406	 515.2221069335938	 92015.390625
38794100.0	 274.8844909667969	 505.8933410644531	 85818.1171875
38794192.0	 275.7182922363281	 506.2124938964844	 87841.703125
38794280.0	 277.98345947265625	 517.5000610351562	 89137.234375
38794372.0	 277.9859924316406	 523.6845092773438	 91303.46875
38794464.0	 278.7739562988281	 521.2083129882812	 91579.25
38794552.0	 278.208251953125	 527.93603515625	 93988.296875
38794640.0	 278.3663024902344	 522.030517578125	 88446.1328125
38794732.0	 278.94140625	 521.0682373046875	 89332.6484375
38794824.0	 278.86053466796875	 521.1516723632812	 90220.0546875
38794908.0	 278.33642578125	 520.557861328125	 88011.875
38795000.0	 278.896240234375	 514.4977416992188	 86996.6953125
38795092.0	 278.3684997558594	 529.5038452148438	 92976.8359375
38795184.0	 278.3350524902344	 527.7533569335938	 91738.109375
38795272.0	 278.532958984375	 517.6138916015625	 91472.5546875
38795364.0	 278.96844482421875	 524.6202392578125	 90147.140625
38795452.0	 278.72259521484375	 518.5465698242188	 88742.578125
38795544.0	 277.95208740234375	 523.279052734375	 89896.421875
38795632.0	 278.47747802734375	 527.670166015625	 93879.2109375
38795724.0	 277.997802734375	 523.84423828125	 91976.359375
38795812.0	 278.86737060546875	 519.1759033203125	 88686.25
38795904.0	 278.77764892578125	 517.2022094726562	 86566.2734375
38795992.0	 279.1042785644531	 526.1435546875	 90359.8046875
38796084.0	 277.54443359375	 528.7032470703125	 93195.9140625
38796172.0	 278.8146667480469	 521.561279296875	 87565.140625
38796356.0	 278.81964111328125	 510.7929382324219	 84965.8125
38796440.0	 278.5339050292969	 519.9185180664062	 87692.1015625
38796532.0	 281.0073547363281	 522.1785278320312	 87173.8515625
38796624.0	 279.603271484375	 507.12408447265625	 82129.109375
38796716.0	 277.72088623046875	 504.5132141113281	 87649.078125
38796804.0	 277.52215576171875	 499.5794372558594	 86331.5703125
38796892.0	 277.6332702636719	 503.7525634765625	 85843.5703125
38796984.0	 277.5815734863281	 513.6551513671875	 86991.9140625
38797076.0	 277.6090087890625	 514.5206298828125	 88771.7890625
38797164.0	 277.90576171875	 511.31854248046875	 90824.3984375
38797256.0	 278.02362060546875	 507.079345703125	 86283.6484375
38797344.0	 276.7855224609375	 508.8790588378906	 86450.9765625
38797436.0	 276.6800231933594	 500.9896240234375	 82730.53125
38797524.0	 275.3606872558594	 499.8717041015625	 82559.3984375
38797616.0	 275.3251953125	 483.720703125	 77335.6171875
38797704.0	 274.94439697265625	 490.2505798339844	 80106.484375
38797796.0	 275.066650390625	 485.8746337890625	 80223.359375
38797884.0	 274.5211486816406	 504.196533203125	 88113.546875
38797972.0	 274.6929626464844	 494.0594482421875	 83476.2890625
38798064.0	 275.2708435058594	 496.728759765625	 83544.1953125
38798156.0	 274.8894958496094	 502.1843566894531	 86001.9921875
38798244.0	 276.00848388671875	 520.7847900390625	 89136.8671875
38798332.0	 274.8191833496094	 491.8616638183594	 79370.359375
38798424.0	 273.47320556640625	 493.0609130859375	 80020.1171875
38798516.0	 274.34722900390625	 489.8249206542969	 81023.875
38798604.0	 274.0273132324219	 488.6304016113281	 76695.0
38798696.0	 273.6907653808594	 493.5303039550781	 76275.15625
38798784.0	 273.5815734863281	 493.7647705078125	 82247.9140625
38798876.0	 273.8791198730469	 496.03082275390625	 79492.953125
38798964.0	 272.7676696777344	 491.7080383300781	 80018.3828125
38799052.0	 273.4794921875	 497.4534606933594	 81938.796875
38799144.0	 276.4642333984375	 507.9254150390625	 85722.875
38799328.0	 275.91522216796875	 516.2959594726562	 89855.84375
38799416.0	 273.45208740234375	 490.4970397949219	 82311.6640625
38799504.0	 273.0196228027344	 496.5301208496094	 84055.734375
38799596.0	 272.7711181640625	 491.44573974609375	 79234.75
38799688.0	 272.9350280761719	 491.5164489746094	 81051.65625
38799776.0	 273.30010986328125	 491.1263732910156	 79339.2421875
38799864.0	 273.2876892089844	 485.88427734375	 79228.0859375
38799956.0	 272.8995056152344	 489.46710205078125	 83658.703125
38800048.0	 273.2185363769531	 501.18963623046875	 86044.875
38800136.0	 273.32135009765625	 494.6062316894531	 80748.0
38800228.0	 273.94036865234375	 500.4631652832031	 81813.25
38800320.0	 274.7317199707031	 498.3883972167969	 81983.9921875
38800408.0	 274.1133117675781	 501.5382995605469	 82170.3828125
38800496.0	 274.1730651855469	 495.6257019042969	 80859.828125
38800588.0	 273.6409912109375	 489.756591796875	 79906.8515625
38800676.0	 273.5374450683594	 490.04833984375	 81293.2734375
38800768.0	 274.1729431152344	 486.8786315917969	 79754.6796875
38800860.0	 274.030517578125	 487.8079833984375	 80765.1328125
38800944.0	 274.032470703125	 492.17742919921875	 83770.7421875
38801036.0	 273.9218444824219	 484.4970703125	 78101.1875
38801128.0	 274.606689453125	 488.8015441894531	 81795.4140625
38801220.0	 274.023193359375	 490.5472717285156	 79813.1953125
38801304.0	 273.91357421875	 490.2227783203125	 80037.7109375
38801396.0	 273.3753662109375	 490.6114196777344	 83762.0234375
38801488.0	 273.96307373046875	 485.6566162109375	 78590.5546875
38801580.0	 274.0889587402344	 485.70916748046875	 78190.7734375
38801668.0	 274.05853271484375	 494.1348571777344	 80722.0390625
38801756.0	 273.6598815917969	 487.8049011230469	 81773.609375
38801848.0	 273.7084655761719	 501.0113830566406	 83551.8125
38801940.0	 273.5394287109375	 487.0910339355469	 77204.71875
38802028.0	 273.5590515136719	 494.9883728027344	 82474.8515625
38802120.0	 273.87005615234375	 488.264892578125	 83516.6484375
38802300.0	 272.6268615722656	 491.73919677734375	 85314.015625
38802388.0	 272.5982971191406	 503.8215026855469	 89351.28125
38802480.0	 272.6556091308594	 498.9831848144531	 85963.2578125
38802572.0	 272.6676330566406	 492.6495056152344	 85534.6953125
38802660.0	 271.3941650390625	 498.6966247558594	 87970.359375
38802748.0	 272.7646789550781	 498.759521484375	 87228.90625
38802840.0	 273.1224365234375	 494.7510986328125	 83125.046875
38802928.0	 270.61334228515625	 489.2309265136719	 84489.984375
38803020.0	 270.4374694824219	 490.767822265625	 83807.21875
38803108.0	 269.6948547363281	 477.57843017578125	 77888.0703125
38803200.0	 270.5480651855469	 479.5655822753906	 79865.28125
38803288.0	 270.3476257324219	 483.718017578125	 79967.421875
38803380.0	 271.0992431640625	 480.2672119140625	 77487.2109375
38803468.0	 271.5941467285156	 486.0894775390625	 81826.53125
38803560.0	 270.7821044921875	 477.2368469238281	 77221.1796875
38803648.0	 270.948486328125	 472.86590576171875	 74935.8359375
38803740.0	 271.3464050292969	 476.6355285644531	 76011.9453125
38803828.0	 272.87432861328125	 504.3067626953125	 87888.34375
38803920.0	 273.4288024902344	 486.03765869140625	 83393.8359375
38804008.0	 272.1542663574219	 490.5921630859375	 85460.7421875
38804100.0	 272.1222839355469	 479.0557861328125	 80967.859375
38804192.0	 273.47064208984375	 500.360595703125	 84814.4140625
38804280.0	 273.1280822753906	 483.49755859375	 79422.328125
38804368.0	 273.1961975097656	 485.375	 80732.7109375
38804460.0	 272.7469787597656	 485.7954406738281	 80272.5390625
38804552.0	 272.42657470703125	 480.245849609375	 80633.7109375
38804640.0	 272.6247863769531	 484.92681884765625	 79120.2890625
38804732.0	 272.0924987792969	 483.4556579589844	 75710.3359375
38804824.0	 272.2255554199219	 498.5957336425781	 85124.203125
38804912.0	 272.0794982910156	 481.16485595703125	 76370.9296875
38805000.0	 272.01947021484375	 483.8897399902344	 79005.90625
38805092.0	 271.9456481933594	 480.68841552734375	 80472.21875
38805272.0	 272.5094909667969	 475.2276916503906	 77012.0078125
38805360.0	 272.3969421386719	 482.35919189453125	 81524.4375
38805452.0	 272.0292663574219	 483.1904296875	 80211.140625
38805540.0	 271.6221618652344	 484.0743408203125	 80334.546875
38805632.0	 272.7798156738281	 475.9193115234375	 78430.7421875
38805720.0	 272.614013671875	 485.8143310546875	 79985.84375
38805812.0	 271.8255920410156	 484.1134338378906	 84190.5
38805900.0	 270.0634765625	 474.2117614746094	 79701.8828125
38805992.0	 268.69744873046875	 483.70233154296875	 81708.8046875
38806080.0	 269.1192932128906	 496.8198547363281	 83467.578125
38806172.0	 269.7818908691406	 471.9874572753906	 76449.984375
38806264.0	 269.052734375	 480.7768249511719	 80598.6875
38806352.0	 270.402587890625	 482.7821044921875	 77257.9296875
38806440.0	 270.2063903808594	 476.558837890625	 80362.625
38806532.0	 270.8227233886719	 479.42120361328125	 82220.75
38806624.0	 271.32244873046875	 479.7429504394531	 82596.4921875
38806712.0	 271.0689697265625	 492.24609375	 86320.4609375
38806800.0	 270.73822021484375	 482.34576416015625	 81122.0546875
38806892.0	 271.2289733886719	 499.6469421386719	 93609.265625
38806980.0	 271.39581298828125	 483.45135498046875	 82284.7109375
38807072.0	 270.54486083984375	 484.40594482421875	 86292.59375
38807160.0	 272.1849365234375	 485.43096923828125	 87217.375
38807252.0	 271.9221496582031	 495.2655029296875	 91485.1640625
38807344.0	 271.9850158691406	 483.8508605957031	 86696.25
38807436.0	 270.858642578125	 472.69921875	 78674.1796875
38807520.0	 274.0367126464844	 503.852783203125	 84895.5546875
38807612.0	 274.30157470703125	 501.7254943847656	 85708.78125
38807704.0	 274.0562744140625	 509.4063720703125	 89696.7265625
38807796.0	 274.12432861328125	 510.16351318359375	 87402.3046875
38807880.0	 274.12799072265625	 509.7569580078125	 89346.8828125
38807972.0	 274.42779541015625	 513.2072143554688	 89327.890625
38808064.0	 274.0498046875	 501.400390625	 85065.2421875
38808244.0	 274.1813659667969	 502.854736328125	 90594.53125
38808336.0	 274.05029296875	 514.6481323242188	 93484.359375
38808424.0	 273.8427734375	 503.9578552246094	 90237.8125
38808512.0	 273.37066650390625	 511.7067565917969	 90127.2421875
38808604.0	 272.7152099609375	 509.5735778808594	 91544.3671875
38808692.0	 273.4258728027344	 502.2197265625	 87055.015625
38808784.0	 272.3250732421875	 505.3323669433594	 87581.578125
38808876.0	 274.51800537109375	 502.7474060058594	 84211.3515625
38808960.0	 273.34381103515625	 502.2735595703125	 86892.296875
38809052.0	 273.2139892578125	 503.00457763671875	 89296.90625
38809144.0	 272.9345703125	 500.7692565917969	 87017.3828125
38809236.0	 272.85394287109375	 505.5807189941406	 88087.8203125
38809324.0	 271.5895690917969	 487.36083984375	 84115.1796875
38809416.0	 271.13531494140625	 486.7458801269531	 82972.71875
38809504.0	 270.4896545410156	 486.3046569824219	 79520.1953125
38809596.0	 270.47039794921875	 484.6028137207031	 79370.8203125
38809684.0	 269.6557312011719	 486.06085205078125	 82117.9453125
38809772.0	 270.0234680175781	 483.1446228027344	 80119.234375
38809864.0	 270.1715087890625	 479.4644470214844	 76657.9296875
38809956.0	 270.624267578125	 483.0045166015625	 80077.15625
38810044.0	 271.01727294921875	 479.7196044921875	 77385.109375
38810136.0	 270.2416076660156	 484.1312561035156	 81191.46875
38810224.0	 270.0637512207031	 482.4812927246094	 80089.6171875
38810316.0	 269.85223388671875	 485.3494873046875	 82614.40625
38810404.0	 270.5703430175781	 486.678466796875	 81582.578125
38810492.0	 269.4602966308594	 493.8620910644531	 84364.3828125
38810584.0	 270.09014892578125	 474.08270263671875	 74419.8515625
38810676.0	 269.9953918457031	 490.72412109375	 83061.921875
38810764.0	 270.537353515625	 480.9378356933594	 77771.5546875
38810856.0	 270.4346008300781	 480.99627685546875	 80137.3515625
38810948.0	 270.430908203125	 487.291748046875	 79696.5390625
38811040.0	 269.8036804199219	 488.1055908203125	 80582.7109375
38811216.0	 270.19671630859375	 482.02386474609375	 75360.5078125
38811308.0	 269.94146728515625	 478.522216796875	 79878.6875
38811400.0	 269.8355712890625	 479.33087158203125	 77197.3515625
38811484.0	 270.2491149902344	 479.5030822753906	 75953.9140625
38811576.0	 269.04119873046875	 478.2685852050781	 76884.421875
38811668.0	 268.6861877441406	 489.354248046875	 85535.265625
38811756.0	 269.3576354980469	 487.4714050292969	 80824.390625
38811844.0	 269.6159973144531	 477.92388916015625	 81428.640625
38811936.0	 270.11236572265625	 472.9128723144531	 76304.984375
38812028.0	 269.9118347167969	 480.8851013183594	 80480.171875
38812116.0	 269.5567321777344	 484.64373779296875	 80520.6640625
38812204.0	 269.3233642578125	 477.467529296875	 79275.296875
38812296.0	 268.05035400390625	 479.704345703125	 80914.078125
38812388.0	 268.6677551269531	 479.7272644042969	 80493.796875
38812476.0	 267.5733642578125	 485.9249572753906	 84241.0625
38812564.0	 268.7877502441406	 477.6700744628906	 79360.3046875
38812656.0	 269.0711975097656	 480.6568908691406	 82498.5078125
38812744.0	 268.5701599121094	 480.1680908203125	 81363.859375
38812840.0	 269.0206604003906	 490.28271484375	 85108.9921875
38812928.0	 268.9620666503906	 483.3277587890625	 79650.0546875
38813020.0	 269.07647705078125	 480.74029541015625	 82594.3828125
38813108.0	 269.40557861328125	 490.11822509765625	 84892.6875
38813200.0	 269.03155517578125	 483.9897155761719	 81429.296875
38813288.0	 269.0364074707031	 481.70648193359375	 81376.75
38813376.0	 268.79052734375	 472.7113952636719	 77895.5
38813468.0	 268.7897033691406	 482.298095703125	 85190.3828125
38813560.0	 268.8648376464844	 475.3220520019531	 76205.9375
38813644.0	 268.8030700683594	 472.8812255859375	 77077.484375
38813736.0	 268.4091796875	 479.4898986816406	 80082.40625
38813828.0	 268.1732177734375	 482.18255615234375	 79745.6171875
38813920.0	 268.67840576171875	 470.8540954589844	 72890.078125
38814008.0	 267.73748779296875	 476.0627746582031	 79201.7578125
38814188.0	 269.213623046875	 473.00677490234375	 76814.5
38814280.0	 268.2436218261719	 480.5621337890625	 80521.15625
38814368.0	 269.3511047363281	 483.216552734375	 80196.796875
38814456.0	 269.0732116699219	 478.22882080078125	 81001.515625
38814548.0	 270.8212890625	 502.739013671875	 85918.8359375
38814640.0	 271.9429016113281	 507.05877685546875	 96018.546875
38814728.0	 274.1773681640625	 519.9793090820312	 100148.640625
38814816.0	 273.8550109863281	 518.5980224609375	 95806.0859375
38814908.0	 274.4112243652344	 515.718994140625	 92628.9140625
38815000.0	 274.6263427734375	 519.08740234375	 95721.03125
38815088.0	 274.29791259765625	 516.0225219726562	 93567.6875
38815176.0	 274.9720764160156	 503.2781677246094	 89343.609375
38815268.0	 274.1545715332031	 516.279052734375	 94726.0625
38815360.0	 274.3610534667969	 497.9820251464844	 87708.5
38815444.0	 274.2887268066406	 496.23675537109375	 87427.2578125
38815540.0	 274.00970458984375	 500.2535705566406	 90075.7265625
38815632.0	 273.77032470703125	 498.6393737792969	 88366.5625
38815724.0	 272.4001770019531	 494.9676818847656	 86557.0625
38815808.0	 272.59375	 496.99871826171875	 89080.21875
38815900.0	 272.0265808105469	 485.6664733886719	 80691.3125
38815992.0	 271.5265808105469	 486.9350891113281	 84450.71875
38816080.0	 271.27392578125	 491.42022705078125	 86653.09375
38816168.0	 273.3363952636719	 495.5509948730469	 86313.7109375
38816260.0	 273.244140625	 492.2171630859375	 89940.578125
38816348.0	 273.291259765625	 491.4794616699219	 86079.671875
38816440.0	 273.4169921875	 490.2650451660156	 87049.3984375
38816528.0	 272.9895935058594	 493.5210266113281	 91248.8671875
38816620.0	 272.40087890625	 494.1978454589844	 89686.75
38816712.0	 271.6495056152344	 500.1633605957031	 86859.859375
38816800.0	 273.1248779296875	 495.69482421875	 88479.4375
38816888.0	 273.2884521484375	 496.7301940917969	 85086.734375
38816980.0	 272.8501281738281	 492.9809265136719	 85926.625
38817160.0	 272.11053466796875	 496.8782958984375	 88346.296875
38817248.0	 271.5272216796875	 496.8246154785156	 86542.265625
38817340.0	 271.6949768066406	 499.1295166015625	 93026.6640625
38817432.0	 271.5815124511719	 488.08099365234375	 86365.5
38817520.0	 271.5441589355469	 491.5997314453125	 85258.5390625
38817608.0	 270.7337341308594	 480.7373046875	 80594.5234375
38817700.0	 270.2933349609375	 476.0552062988281	 76622.453125
38817792.0	 271.47625732421875	 476.19091796875	 75732.0234375
38817880.0	 271.36004638671875	 476.6120910644531	 77148.890625
38817968.0	 272.56353759765625	 493.3694763183594	 84491.0625
38818060.0	 272.05792236328125	 481.9949035644531	 81659.2890625
38818148.0	 272.84967041015625	 480.52587890625	 81493.0078125
38818244.0	 272.7052917480469	 484.77923583984375	 81856.046875
38818332.0	 273.2227783203125	 472.5696716308594	 80306.90625
38818424.0	 272.7854919433594	 473.70166015625	 76242.6328125
38818512.0	 273.039306640625	 488.0218200683594	 84037.9296875
38818604.0	 273.698486328125	 490.9997863769531	 86219.9453125
38818692.0	 272.2039794921875	 487.1517028808594	 85246.0625
38818784.0	 271.4250793457031	 481.9356689453125	 84620.296875
38818872.0	 270.82891845703125	 481.02056884765625	 82100.2421875
38818964.0	 271.3808898925781	 479.0158996582031	 80611.2265625
38819052.0	 272.25579833984375	 481.4253234863281	 78991.71875
38819140.0	 274.153076171875	 508.8050842285156	 90624.390625
38819232.0	 271.7494201660156	 495.6717529296875	 91005.2734375
38819324.0	 273.8350524902344	 503.6222229003906	 92000.921875
38819412.0	 274.6150817871094	 521.0586547851562	 93242.375
38819504.0	 275.7940673828125	 531.74169921875	 99359.2109375
38819592.0	 275.5951843261719	 511.344970703125	 91628.78125
38819680.0	 276.6824951171875	 524.5174560546875	 101243.8515625
38819772.0	 275.163330078125	 515.50390625	 92625.296875
38819864.0	 271.90380859375	 481.04132080078125	 76126.6171875
38819952.0	 274.0647888183594	 496.1694030761719	 81793.4140625
38750516.0	 265.5893859863281	 238.3394775390625	 120490.53125
38750612.0	 265.5626220703125	 246.695068359375	 119061.0625
38750704.0	 262.0812683105469	 227.5850830078125	 109110.734375
38750800.0	 260.779296875	 225.880615234375	 104759.5390625
38750896.0	 263.81549072265625	 248.76097106933594	 132374.765625
38750992.0	 265.6662292480469	 242.46180725097656	 125432.640625
38751088.0	 264.0057373046875	 233.0629119873047	 109441.2109375
38751184.0	 259.4753723144531	 229.86984252929688	 107248.265625
38751280.0	 256.2320251464844	 217.0177001953125	 90573.9296875
38751376.0	 257.4897766113281	 228.88035583496094	 95874.640625
38751468.0	 261.0406799316406	 242.5998992919922	 114264.328125
38751568.0	 264.13787841796875	 242.04869079589844	 114909.0078125
38751660.0	 263.1344299316406	 229.11297607421875	 115339.515625
38751756.0	 267.09381103515625	 255.21998596191406	 131994.265625
38751852.0	 264.9351501464844	 267.2982482910156	 120728.6875
38751944.0	 268.6518859863281	 248.13819885253906	 126939.4765625
38752044.0	 265.53363037109375	 232.73448181152344	 116696.3671875
38752136.0	 260.36669921875	 239.3621063232422	 115849.140625
38752236.0	 263.7652587890625	 257.5512390136719	 123750.15625
38752328.0	 262.024658203125	 264.7713317871094	 109444.1796875
38752616.0	 271.69537353515625	 276.33502197265625	 128251.7109375
38752712.0	 269.1832580566406	 262.17431640625	 120338.21875
38752804.0	 270.6766052246094	 284.3699645996094	 129574.3515625
38752904.0	 274.5101623535156	 278.194091796875	 127479.484375
38753000.0	 273.6326599121094	 274.6031188964844	 111035.9140625
38753096.0	 269.7978515625	 274.68756103515625	 123858.265625
38753188.0	 276.3114318847656	 284.10015869140625	 115176.7421875
38753288.0	 272.0406188964844	 256.8464050292969	 103441.203125
38753380.0	 272.611328125	 247.4087371826172	 114656.859375
38753476.0	 274.7412414550781	 262.3641052246094	 128389.046875
38753572.0	 278.1412353515625	 274.1602783203125	 119566.703125
38753668.0	 271.6113586425781	 254.92840576171875	 116927.234375
38753764.0	 271.6143493652344	 263.08660888671875	 106513.71875
38753856.0	 273.5870666503906	 279.36376953125	 118156.359375
38753952.0	 276.9453430175781	 282.09332275390625	 122567.03125
38754048.0	 270.1358642578125	 244.6232452392578	 106336.8515625
38754144.0	 278.3487548828125	 285.9308776855469	 117374.9453125
38754240.0	 271.6622619628906	 336.70947265625	 115317.7109375
38754336.0	 270.7856750488281	 255.81390380859375	 118260.4296875
38754428.0	 267.59075927734375	 244.3304443359375	 123416.2265625
38754528.0	 274.1392517089844	 256.1195373535156	 114641.046875
38754620.0	 273.4456787109375	 268.27203369140625	 122282.15625
38754716.0	 272.5850524902344	 274.44232177734375	 128843.9296875
38754812.0	 272.4449768066406	 251.8321990966797	 104902.1875
38754908.0	 273.26617431640625	 259.84613037109375	 113808.859375
38755004.0	 271.24224853515625	 284.17822265625	 111964.6953125
38755096.0	 278.6597900390625	 290.90771484375	 124702.5234375
38755196.0	 274.1181640625	 312.1976013183594	 129856.3203125
38755288.0	 271.828125	 312.5037536621094	 118975.4375
38755384.0	 274.1576232910156	 255.5735626220703	 114093.609375
38755480.0	 272.7605895996094	 252.81610107421875	 113977.4765625
38755764.0	 270.6365661621094	 266.97479248046875	 118148.6328125
38755860.0	 276.2919006347656	 393.71026611328125	 127583.734375
38755956.0	 274.293701171875	 414.9461364746094	 130633.3671875
38756052.0	 269.1249694824219	 323.328369140625	 119135.8671875
38756144.0	 275.43890380859375	 322.0167236328125	 123893.4453125
38756244.0	 269.5165100097656	 307.568603515625	 120772.4921875
38756340.0	 271.91741943359375	 259.3690490722656	 116245.65625
38756436.0	 272.2470703125	 265.15771484375	 119929.4296875
38756628.0	 269.4159240722656	 323.45233154296875	 126546.03125
38756720.0	 272.20867919921875	 330.463623046875	 128275.8828125
38756816.0	 270.2073059082031	 312.3982238769531	 111543.8515625
38756912.0	 270.76068115234375	 338.300537109375	 119637.7734375
38757008.0	 271.0276184082031	 361.03179931640625	 122737.109375
38757104.0	 272.00018310546875	 289.412841796875	 140953.59375
38757196.0	 270.4079284667969	 260.69049072265625	 108913.4140625
38757296.0	 272.6015625	 330.2877502441406	 124766.859375
38757388.0	 269.1828918457031	 246.07009887695312	 114969.2265625
38757488.0	 273.0030212402344	 256.03350830078125	 104084.203125
38757580.0	 273.39874267578125	 265.6148376464844	 122230.640625
38757676.0	 272.7147521972656	 264.3509521484375	 111450.21875
38757772.0	 276.7309875488281	 353.841796875	 141102.828125
38757864.0	 273.02178955078125	 262.1639709472656	 115488.53125
38757960.0	 270.06854248046875	 281.1070251464844	 130090.046875
38758056.0	 269.48651123046875	 269.2728271484375	 121603.515625
38758152.0	 266.3560485839844	 256.76068115234375	 112946.7890625
38758248.0	 271.2359619140625	 268.987060546875	 129176.1015625
38758344.0	 270.1969909667969	 262.71990966796875	 110879.71875
38758440.0	 273.22454833984375	 292.2687683105469	 121817.5625
38758536.0	 274.08343505859375	 262.3475036621094	 116932.421875
38758628.0	 271.5889587402344	 282.2822265625	 120377.09375
38758916.0	 281.2127990722656	 288.93597412109375	 122187.21875
38759016.0	 279.0018615722656	 314.3013000488281	 135342.5
38759104.0	 277.0709533691406	 292.89013671875	 127983.796875
38759204.0	 277.6812744140625	 313.652587890625	 139455.546875
38759300.0	 277.98699951171875	 295.0124816894531	 122278.3984375
38759396.0	 273.0399475097656	 284.5501403808594	 126502.3125
38759492.0	 277.0386657714844	 275.1142578125	 114140.109375
38759588.0	 278.93389892578125	 282.65802001953125	 126061.2109375
38759680.0	 277.65130615234375	 272.7248229980469	 112873.875
38759776.0	 275.3646545410156	 277.6267395019531	 116865.1953125
38759872.0	 277.8445739746094	 290.3677978515625	 128248.21875
38759964.0	 275.887939453125	 260.5989074707031	 118552.65625
38760064.0	 277.14483642578125	 325.72479248046875	 135229.109375
38760160.0	 280.3216552734375	 295.9471435546875	 126566.015625
38760256.0	 274.4956970214844	 335.12640380859375	 118434.9921875
38760348.0	 276.1659240722656	 284.1270751953125	 113440.5625
38760448.0	 273.12042236328125	 317.70330810546875	 122970.171875
38760540.0	 271.404052734375	 281.7357482910156	 111376.7265625
38760636.0	 269.0243835449219	 303.335205078125	 120346.0625
38760732.0	 271.9958190917969	 399.6316223144531	 137116.625
38760824.0	 274.9544982910156	 301.78900146484375	 141787.296875
38760924.0	 273.881103515625	 313.60955810546875	 134792.296875
38761016.0	 275.3490295410156	 338.629638671875	 136111.421875
38761112.0	 274.0099182128906	 284.94573974609375	 123116.4921875
38761208.0	 269.0323791503906	 279.7813415527344	 106357.0234375
38761304.0	 277.97528076171875	 343.12249755859375	 136270.1875
38761400.0	 276.9268493652344	 297.0292663574219	 122544.1484375
38761496.0	 275.3148498535156	 255.41510009765625	 119329.5703125
38761588.0	 276.2472229003906	 291.3476257324219	 125160.9296875
38761684.0	 275.5229797363281	 282.5052185058594	 127855.421875
38761780.0	 278.75262451171875	 301.0265808105469	 125710.46875
38762068.0	 268.20037841796875	 276.3122863769531	 107652.90625
38762164.0	 270.97930908203125	 265.4289855957031	 131919.15625
38762260.0	 271.4464416503906	 331.9692687988281	 129835.84375
38762356.0	 269.6358947753906	 289.5741271972656	 112888.828125
38762448.0	 273.3398742675781	 271.46575927734375	 125535.1875
38762544.0	 272.43280029296875	 314.00164794921875	 122722.859375
38762736.0	 273.16766357421875	 289.3480224609375	 141069.0
38762832.0	 271.0342712402344	 294.12628173828125	 125988.671875
38762924.0	 273.069091796875	 246.9394989013672	 113901.9453125
38763024.0	 267.558349609375	 232.04449462890625	 102195.4921875
38763116.0	 269.2297668457031	 250.59597778320312	 113143.828125
38763216.0	 265.96435546875	 315.21405029296875	 135701.90625
38763308.0	 262.3770446777344	 238.29725646972656	 95526.3671875
38763400.0	 264.270263671875	 250.71224975585938	 115521.59375
38763500.0	 266.47833251953125	 259.7722473144531	 107516.0390625
38763592.0	 266.3346862792969	 258.5245361328125	 119795.6875
38763692.0	 265.1183776855469	 237.91900634765625	 111134.28125
38763784.0	 265.5556945800781	 237.90248107910156	 104420.390625
38763884.0	 266.2644348144531	 248.61817932128906	 112856.4765625
38763976.0	 264.8568115234375	 239.87744140625	 107432.2890625
38764072.0	 268.9733581542969	 262.3934020996094	 129222.7734375
38764168.0	 265.41436767578125	 237.77203369140625	 111810.7578125
38764260.0	 262.7890625	 241.0897674560547	 104974.5234375
38764360.0	 264.51861572265625	 240.3144989013672	 106992.8359375
38764452.0	 268.0379333496094	 281.3760070800781	 131498.765625
38764552.0	 264.3016357421875	 261.45037841796875	 113769.4453125
38764644.0	 265.10284423828125	 232.0115203857422	 106887.4375
38764740.0	 266.15362548828125	 242.4859161376953	 107109.0234375
38764836.0	 266.4588317871094	 259.4058837890625	 132562.828125
38764932.0	 269.2968444824219	 279.622802734375	 134458.03125
38765216.0	 267.0687561035156	 273.0487060546875	 122139.8828125
38765312.0	 268.27587890625	 266.3529052734375	 119389.3203125
38765408.0	 269.26708984375	 266.18072509765625	 124671.5234375
38765504.0	 268.4225158691406	 273.3573913574219	 112945.015625
38765600.0	 264.95782470703125	 256.26715087890625	 112824.2421875
38765696.0	 267.1705322265625	 255.5259246826172	 114589.875
38765792.0	 262.73681640625	 263.6313781738281	 107373.5625
38765884.0	 264.1404113769531	 223.9889373779297	 93346.5390625
38765980.0	 265.0639953613281	 255.1166534423828	 116865.1328125
38766076.0	 262.239990234375	 256.9937438964844	 109040.546875
38766172.0	 274.8752136230469	 284.857177734375	 121215.5625
38766268.0	 269.64068603515625	 268.8580017089844	 111554.828125
38766360.0	 271.2546691894531	 250.43173217773438	 125533.59375
38766460.0	 260.4044189453125	 226.10997009277344	 95753.7265625
38766552.0	 265.46148681640625	 246.50726318359375	 116593.09375
38766648.0	 266.432861328125	 250.5770263671875	 127140.421875
38766744.0	 266.5402526855469	 254.8225860595703	 114255.546875
38766836.0	 264.61126708984375	 280.9510803222656	 126947.5546875
38766936.0	 272.5773620605469	 250.3119354248047	 116343.5078125
38767028.0	 270.5039978027344	 250.42222595214844	 138246.0625
38767128.0	 267.6899719238281	 315.0291442871094	 144527.3125
38767220.0	 267.0046081542969	 261.348876953125	 118011.4140625
38767320.0	 268.03009033203125	 280.1506042480469	 114362.484375
38767416.0	 263.7692565917969	 246.33502197265625	 114198.2890625
38767512.0	 265.93505859375	 275.1539306640625	 123905.1953125
38767604.0	 266.2512512207031	 384.91925048828125	 121689.671875
38767700.0	 265.0653381347656	 247.78082275390625	 105921.6875
38767796.0	 266.32080078125	 262.89483642578125	 112954.0703125
38767888.0	 267.3046875	 241.09915161132812	 108782.5078125
38767988.0	 265.4037170410156	 263.9396057128906	 109559.0234375
38768080.0	 261.99609375	 229.1459503173828	 97436.171875
38768460.0	 268.8048400878906	 260.276123046875	 121942.40625
38768556.0	 269.1321105957031	 265.35614013671875	 126164.765625
38768652.0	 266.9903259277344	 238.2745361328125	 110042.90625
38768844.0	 269.89227294921875	 245.21893310546875	 113553.0703125
38768940.0	 268.1875305175781	 244.53884887695312	 117020.1484375
38769036.0	 267.1471862792969	 245.66075134277344	 114097.875
38769132.0	 265.39794921875	 269.2864990234375	 123169.3046875
38769228.0	 268.68878173828125	 273.7458190917969	 128060.0078125
38769320.0	 266.6947021484375	 244.3848419189453	 112606.875
38769416.0	 269.74493408203125	 278.7410888671875	 123324.3359375
38769512.0	 276.6957092285156	 369.165771484375	 128280.484375
38769604.0	 273.6516418457031	 281.71893310546875	 128408.515625
38769708.0	 271.3378601074219	 378.53240966796875	 118712.9765625
38769796.0	 273.2550354003906	 385.615234375	 134011.890625
38769896.0	 275.37713623046875	 464.621826171875	 129890.828125
38770088.0	 272.6510314941406	 278.5483703613281	 119833.53125
38770180.0	 271.5877685546875	 423.3691101074219	 122534.4140625
38770372.0	 270.1470642089844	 258.4306945800781	 117618.1171875
38770464.0	 276.7645568847656	 405.5945129394531	 135631.953125
38770564.0	 279.833740234375	 354.90234375	 133011.0625
38770660.0	 272.2120666503906	 465.1875915527344	 147863.40625
38770756.0	 273.5807800292969	 254.9545440673828	 126503.109375
38770852.0	 269.118408203125	 369.5799255371094	 118762.484375
38770948.0	 275.5650634765625	 285.1175537109375	 134783.34375
38771040.0	 275.62640380859375	 387.7759094238281	 125760.984375
38771136.0	 274.3083801269531	 365.82672119140625	 129329.3125
38771232.0	 271.6144714355469	 263.714599609375	 126783.3203125
38771516.0	 266.4706726074219	 249.47161865234375	 107636.15625
38771612.0	 266.78045654296875	 282.7982177734375	 113018.515625
38771708.0	 265.3560485839844	 261.96966552734375	 116780.625
38771804.0	 266.52960205078125	 245.02525329589844	 111560.859375
38771896.0	 265.22515869140625	 297.41131591796875	 119511.3515625
38771992.0	 266.6999206542969	 262.0882568359375	 121871.4375
38772092.0	 265.4879150390625	 241.0949249267578	 110554.5546875
38772184.0	 262.9081726074219	 242.0497589111328	 114971.984375
38772284.0	 266.1056823730469	 241.54588317871094	 116554.28125
38772376.0	 266.4158935546875	 259.4941711425781	 127861.2890625
38772472.0	 265.1361389160156	 290.66290283203125	 120348.1171875
38772568.0	 262.9420471191406	 238.01821899414062	 91109.4296875
38772760.0	 262.303955078125	 236.60037231445312	 98626.40625
38772852.0	 264.61376953125	 275.9303894042969	 119261.828125
38772948.0	 267.0243835449219	 238.5688934326172	 117914.9921875
38773044.0	 263.54791259765625	 268.208984375	 115866.3359375
38773140.0	 262.2189025878906	 244.35955810546875	 99395.1328125
38773236.0	 265.2767333984375	 256.56610107421875	 116879.359375
38773332.0	 263.73968505859375	 251.76089477539062	 123153.6171875
38773424.0	 264.1001892089844	 239.16807556152344	 110070.0390625
38773520.0	 260.89654541015625	 240.99415588378906	 101866.109375
38773616.0	 265.96636962890625	 245.8367919921875	 113830.6875
38773712.0	 268.818603515625	 259.2079772949219	 120661.8515625
38773808.0	 271.1213073730469	 342.9408264160156	 114813.8046875
38773900.0	 268.0762023925781	 343.6536560058594	 119823.3828125
38774004.0	 268.46490478515625	 258.097412109375	 123084.7890625
38774092.0	 267.0462341308594	 274.5019226074219	 120994.5078125
38774192.0	 264.74493408203125	 239.7227783203125	 114532.2109375
38774288.0	 269.2298583984375	 273.527099609375	 116185.3359375
38774380.0	 265.614990234375	 244.28530883789062	 111122.734375
38774668.0	 267.3810119628906	 238.12176513671875	 113171.2421875
38774760.0	 266.8299865722656	 241.06594848632812	 114561.0078125
38774952.0	 268.3384704589844	 244.6162872314453	 115394.5546875
38775048.0	 265.32501220703125	 253.3235626220703	 122027.984375
38775144.0	 267.5939025878906	 283.5044250488281	 115105.0
38775236.0	 268.809814453125	 247.4250946044922	 110916.1015625
38775336.0	 270.3157958984375	 386.7014465332031	 111459.234375
38775428.0	 270.3589782714844	 413.8328857421875	 121718.5
38775528.0	 275.10821533203125	 291.0958557128906	 105455.0234375
38775620.0	 273.48382568359375	 344.6856994628906	 123597.15625
38775716.0	 273.72412109375	 325.01300048828125	 112582.6484375
38775812.0	 277.4690246582031	 317.96356201171875	 124384.6875
38775904.0	 277.76507568359375	 337.66754150390625	 133771.5625
38776004.0	 287.447265625	 318.0234375	 115707.859375
38776096.0	 285.1285705566406	 314.20635986328125	 115039.5390625
38776196.0	 285.9927062988281	 299.0603942871094	 105733.2421875
38776288.0	 285.4900207519531	 306.8958435058594	 118605.71875
38776388.0	 283.7584228515625	 317.3866882324219	 118385.171875
38776484.0	 287.90216064453125	 283.44403076171875	 106791.046875
38776572.0	 284.5928039550781	 311.857177734375	 116287.96875
38776672.0	 286.4023132324219	 299.6694641113281	 112663.8359375
38776768.0	 288.0237731933594	 296.0028991699219	 108362.5390625
38776864.0	 286.0442810058594	 294.432861328125	 114785.6484375
38776956.0	 292.0904235839844	 300.9143981933594	 103875.625
38777056.0	 285.5572204589844	 305.8477783203125	 111957.453125
38777148.0	 290.3269348144531	 275.37762451171875	 94732.2734375
38777244.0	 288.31781005859375	 277.8577575683594	 97477.6875
38777340.0	 287.52703857421875	 315.5888977050781	 114635.7734375
38777432.0	 288.64459228515625	 303.5522155761719	 106331.34375
38777532.0	 288.3358459472656	 291.60772705078125	 107234.359375
38777816.0	 282.2237548828125	 294.88226318359375	 109394.3515625
38777912.0	 278.1656188964844	 331.8078308105469	 131960.296875
38778008.0	 279.2394104003906	 306.8118591308594	 124815.34375
38778100.0	 278.0355224609375	 297.3722839355469	 119533.609375
38778200.0	 278.3978271484375	 283.6449279785156	 108852.9375
38778292.0	 276.3256530761719	 320.7999572753906	 133671.59375
38778392.0	 276.45367431640625	 313.6061706542969	 120547.7421875
38778484.0	 278.4989929199219	 322.310546875	 123722.0390625
38778580.0	 279.3929138183594	 306.4684143066406	 126807.0390625
38778676.0	 276.9561767578125	 291.30255126953125	 114930.1640625
38778772.0	 280.2421875	 272.7247314453125	 113089.203125
38778868.0	 279.569580078125	 296.4034423828125	 115263.328125
38778960.0	 276.9513854980469	 290.81610107421875	 116914.171875
38779056.0	 276.7660827636719	 305.4523620605469	 120681.2890625
38779152.0	 276.61883544921875	 294.18377685546875	 120600.1171875
38779252.0	 277.5350646972656	 301.11865234375	 122136.1953125
38779344.0	 274.4726867675781	 314.6544494628906	 118925.265625
38779440.0	 278.8240661621094	 328.6544494628906	 116740.203125
38779536.0	 279.2910461425781	 298.71221923828125	 120673.2578125
38779628.0	 279.68280029296875	 313.87078857421875	 115654.0390625
38779724.0	 279.8203125	 306.25152587890625	 121445.2421875
38779820.0	 281.0326232910156	 294.9906311035156	 108727.8125
38779916.0	 278.4873962402344	 291.8487854003906	 103977.4609375
38780012.0	 280.43182373046875	 309.5219421386719	 110753.8984375
38780108.0	 279.4163513183594	 296.4020080566406	 119174.8828125
38780200.0	 278.9233703613281	 298.0192565917969	 120922.2265625
38780300.0	 280.38983154296875	 312.23175048828125	 126229.3203125
38780396.0	 278.5566711425781	 285.3221740722656	 112563.90625
38780488.0	 278.5567321777344	 290.9024963378906	 115567.7109375
38780584.0	 279.3502502441406	 298.8892517089844	 128870.7421875
38780680.0	 278.9635009765625	 304.8587646484375	 129603.8125
38781064.0	 280.38970947265625	 295.1341552734375	 116124.3828125
38781156.0	 276.29840087890625	 289.7997131347656	 113988.0
38781252.0	 276.5837097167969	 292.02716064453125	 112277.34375
38781348.0	 275.8962097167969	 284.56976318359375	 123344.390625
38781444.0	 278.4140930175781	 281.1861572265625	 113486.421875
38781540.0	 277.27593994140625	 299.7628479003906	 121657.078125
38781636.0	 277.78106689453125	 287.2278747558594	 122877.4375
38781728.0	 276.4471740722656	 288.70269775390625	 114693.0859375
38781824.0	 276.2282409667969	 273.45733642578125	 115684.4765625
38781920.0	 277.83428955078125	 298.2069396972656	 130947.203125
38782016.0	 278.36492919921875	 285.753173828125	 120401.4921875
38782112.0	 276.4013977050781	 299.4003601074219	 118987.484375
38782204.0	 276.5905456542969	 282.5029602050781	 122698.1953125
38782304.0	 273.0169982910156	 306.355224609375	 115210.984375
38782400.0	 269.5563049316406	 296.6533508300781	 107713.34375
38782496.0	 262.189208984375	 282.2699279785156	 99169.609375
38782588.0	 269.645751953125	 269.63427734375	 102870.90625
38782684.0	 273.9222717285156	 306.3058776855469	 115881.53125
38782780.0	 273.6981201171875	 291.0206298828125	 120050.6640625
38782876.0	 271.2089538574219	 295.43743896484375	 119164.546875
38782972.0	 270.50872802734375	 296.8540344238281	 112708.328125
38783068.0	 267.3309020996094	 267.0259094238281	 102388.6171875
38783164.0	 269.9648132324219	 285.4064636230469	 103767.40625
38783256.0	 269.5660705566406	 280.9508972167969	 110013.515625
38783352.0	 267.2084655761719	 305.5321044921875	 109947.96875
38783448.0	 269.8948974609375	 282.82373046875	 103307.890625
38783544.0	 270.5748291015625	 308.2059631347656	 108476.0234375
38783640.0	 268.23919677734375	 277.69647216796875	 102589.3671875
38783732.0	 270.1085510253906	 301.1258850097656	 119129.59375
38783828.0	 269.1561584472656	 272.14117431640625	 103423.0546875
38784116.0	 273.36065673828125	 281.6022033691406	 115779.640625
38784208.0	 274.6711730957031	 307.2206726074219	 117027.6328125
38784308.0	 274.944091796875	 266.5928649902344	 110927.9765625
38784400.0	 269.062744140625	 278.70501708984375	 108327.078125
38784500.0	 273.6279602050781	 298.6496887207031	 110335.0
38784596.0	 269.51336669921875	 266.03131103515625	 112564.7265625
38784688.0	 275.0183410644531	 297.9173278808594	 120609.5
38784784.0	 275.33251953125	 314.4866027832031	 130851.40625
38784880.0	 268.9661560058594	 289.7633056640625	 112851.3203125
38784976.0	 271.3333740234375	 298.7160949707031	 118164.0390625
38785072.0	 271.36767578125	 323.2460021972656	 112792.5859375
38785168.0	 269.30438232421875	 299.9208984375	 113496.859375
38785260.0	 270.00054931640625	 267.2917175292969	 112991.9609375
38785356.0	 270.1245422363281	 273.32794189453125	 108518.8984375
38785452.0	 271.3762512207031	 272.242431640625	 107203.84375
38785544.0	 272.2889404296875	 290.9267578125	 122893.7265625
38785644.0	 274.7315673828125	 306.64581298828125	 119340.7890625
38785736.0	 271.91949462890625	 271.1654968261719	 106689.90625
38785832.0	 271.38018798828125	 279.5024719238281	 113394.1640625
38785928.0	 269.6204833984375	 312.0299987792969	 124971.046875
38786024.0	 268.00457763671875	 264.25543212890625	 119070.0625
38786120.0	 269.96002197265625	 278.86773681640625	 114207.046875
38786216.0	 268.2505798339844	 244.36276245117188	 100560.25
38786312.0	 268.0208435058594	 262.6510925292969	 107787.0390625
38786408.0	 268.63446044921875	 242.94432067871094	 99338.3359375
38786504.0	 270.9340515136719	 258.29248046875	 108969.5078125
38786600.0	 271.80828857421875	 283.9836730957031	 123303.5
38786696.0	 271.2441711425781	 259.7768249511719	 103169.28125
38786788.0	 270.9881896972656	 263.63262939453125	 102519.5390625
38786884.0	 267.1831359863281	 272.1404724121094	 102741.5703125
38786980.0	 268.6756896972656	 294.0567626953125	 115958.3515625
38787264.0	 271.26068115234375	 276.4355163574219	 111758.7734375
38787360.0	 272.6355895996094	 284.2309875488281	 119088.2734375
38787456.0	 269.53228759765625	 286.8425598144531	 116194.3671875
38787548.0	 269.97821044921875	 277.7801818847656	 109260.1328125
38787648.0	 268.7178039550781	 254.0497283935547	 99784.5078125
38787740.0	 271.9475402832031	 277.17608642578125	 106521.078125
38787840.0	 271.1893005371094	 276.92205810546875	 111756.390625
38787932.0	 271.1708984375	 259.6424865722656	 101371.9140625
38788032.0	 271.2621154785156	 271.4342346191406	 108809.0078125
38788128.0	 271.8443603515625	 270.1903381347656	 109833.5546875
38788220.0	 269.4125061035156	 265.4933166503906	 109622.765625
38788316.0	 270.0268859863281	 289.8409118652344	 113551.9140625
38788408.0	 271.94549560546875	 273.7880554199219	 107276.2578125
38788508.0	 271.8738098144531	 267.8416442871094	 101881.6171875
38788600.0	 271.6046447753906	 275.83837890625	 117429.09375
38788700.0	 270.4858703613281	 274.4400634765625	 105766.5625
38788792.0	 271.2503356933594	 267.15264892578125	 105005.09375
38788884.0	 270.62030029296875	 269.8292236328125	 109836.953125
38788984.0	 276.0268249511719	 271.3755798339844	 109259.6875
38789076.0	 278.8955383300781	 281.08258056640625	 101081.5078125
38789176.0	 277.6117858886719	 299.4774169921875	 116809.9140625
38789268.0	 277.58843994140625	 305.21319580078125	 117797.0
38789364.0	 279.8417663574219	 279.1411437988281	 127640.453125
38789460.0	 278.0879211425781	 290.5155944824219	 106047.1328125
38789552.0	 281.9970397949219	 285.8759765625	 100478.5703125
38789652.0	 280.98980712890625	 281.96612548828125	 115447.953125
38789748.0	 285.5613098144531	 309.3833312988281	 109744.359375
38789844.0	 301.7540283203125	 280.79644775390625	 81351.1328125
38789936.0	 284.45965576171875	 260.80621337890625	 89832.46875
38790036.0	 274.8493957519531	 282.26275634765625	 117496.515625
38790128.0	 275.1436767578125	 284.35223388671875	 123888.078125
38790412.0	 273.8410339355469	 262.47564697265625	 120229.0546875
38790512.0	 276.04205322265625	 297.41510009765625	 128057.640625
38790604.0	 277.3963928222656	 289.453125	 121833.625
38790704.0	 277.4436340332031	 291.9100646972656	 123674.8828125
38790796.0	 275.3568420410156	 278.33087158203125	 118516.1640625
38790888.0	 275.2798767089844	 291.33392333984375	 127671.53125
38790984.0	 276.002197265625	 256.39190673828125	 113996.9609375
38791080.0	 275.5705871582031	 278.9983825683594	 113083.546875
38791180.0	 275.1249084472656	 296.48541259765625	 122630.1484375
38791272.0	 274.9471740722656	 280.76251220703125	 115845.078125
38791368.0	 274.8003845214844	 296.6790466308594	 127618.828125
38791464.0	 274.2293395996094	 274.9020080566406	 113408.03125
38791560.0	 278.0830383300781	 289.3619079589844	 112041.5546875
38791656.0	 277.4327697753906	 286.6308288574219	 110272.6015625
38791752.0	 279.8216247558594	 285.06256103515625	 111696.15625
38791848.0	 279.9167175292969	 268.6382141113281	 120255.5703125
38791940.0	 274.0221862792969	 278.65045166015625	 123983.96875
38792036.0	 273.25830078125	 274.328125	 118899.7734375
38792132.0	 273.3621826171875	 282.1317138671875	 114401.3515625
38792228.0	 274.9488220214844	 281.79412841796875	 113509.8984375
38792324.0	 275.3546447753906	 268.2723388671875	 117090.2578125
38792416.0	 273.4683837890625	 274.679931640625	 110884.8046875
38792512.0	 274.1351318359375	 270.98248291015625	 109385.203125
38792608.0	 274.7852478027344	 262.1473693847656	 103980.4140625
38792704.0	 275.7938537597656	 270.95733642578125	 113634.671875
38792800.0	 274.0622253417969	 262.6972351074219	 113911.0625
38792892.0	 274.8378601074219	 295.02667236328125	 114691.4921875
38792992.0	 275.2832336425781	 283.9827575683594	 114865.3203125
38793084.0	 273.0421142578125	 274.5081787109375	 115998.7734375
38793560.0	 275.6091003417969	 273.4866943359375	 109469.34375
38793660.0	 275.6038818359375	 277.6145935058594	 107561.2890625
38793752.0	 275.0363464355469	 280.7823486328125	 115158.2734375
38793852.0	 274.3955383300781	 266.2231750488281	 108135.7890625
38793944.0	 275.89410400390625	 278.28289794921875	 109721.375
38794036.0	 276.395263671875	 279.71923828125	 117871.03125
38794136.0	 276.2389831542969	 269.522216796875	 106751.875
38794228.0	 273.4855651855469	 263.16552734375	 102480.0234375
38794328.0	 274.99420166015625	 277.12481689453125	 116175.1484375
38794420.0	 277.942626953125	 277.88812255859375	 106268.0234375
38794520.0	 274.03179931640625	 272.5439453125	 117066.5546875
38794612.0	 274.4810791015625	 259.2449035644531	 119218.4296875
38794704.0	 274.98248291015625	 275.5211486816406	 113119.8671875
38794804.0	 277.7271423339844	 291.57818603515625	 108893.640625
38794896.0	 276.0045471191406	 271.98614501953125	 103622.0234375
38794996.0	 276.95794677734375	 275.1976623535156	 105474.078125
38795088.0	 276.275146484375	 270.7303161621094	 103461.703125
38795188.0	 270.0789489746094	 278.2403869628906	 106504.4453125
38795280.0	 269.5591735839844	 264.4609069824219	 116705.4921875
38795376.0	 270.8193054199219	 258.8604736328125	 114009.765625
38795472.0	 268.00836181640625	 264.8800048828125	 114666.0234375
38795564.0	 267.0516357421875	 254.475341796875	 106604.1484375
38795664.0	 265.6542663574219	 261.7774658203125	 106409.75
38795756.0	 267.95098876953125	 258.180419921875	 118331.515625
38795852.0	 267.8393859863281	 253.6514129638672	 115539.015625
38795948.0	 270.4745178222656	 258.25628662109375	 112318.0
38796040.0	 268.5935363769531	 255.73294067382812	 114815.1484375
38796140.0	 267.276611328125	 268.5459899902344	 117617.90625
38796232.0	 268.34771728515625	 272.8250732421875	 120093.4140625
38796332.0	 268.9132080078125	 259.17724609375	 120559.453125
38796424.0	 265.075927734375	 254.1378173828125	 104080.78125
38796712.0	 266.6809387207031	 246.64334106445312	 102322.1640625
38796808.0	 263.86102294921875	 252.12985229492188	 113848.859375
38796904.0	 265.70538330078125	 257.07611083984375	 111854.5703125
38797000.0	 269.1634826660156	 264.2105712890625	 115528.578125
38797096.0	 269.8153991699219	 259.2459716796875	 111521.0703125
38797192.0	 270.0989074707031	 262.5834655761719	 107620.9453125
38797284.0	 268.0789794921875	 257.63885498046875	 101994.09375
38797376.0	 266.3786315917969	 271.3741760253906	 115001.2890625
38797476.0	 268.6379089355469	 271.0453796386719	 124138.7734375
38797568.0	 267.636474609375	 257.177978515625	 111455.3359375
38797668.0	 269.2914123535156	 258.08197021484375	 108266.046875
38797760.0	 265.72808837890625	 249.8773193359375	 95597.015625
38797852.0	 266.4793395996094	 259.5512390136719	 103571.3359375
38797952.0	 266.3513488769531	 253.79481506347656	 117522.5234375
38798048.0	 267.8525390625	 266.5116882324219	 109455.5859375
38798144.0	 268.9234619140625	 276.4339294433594	 117093.4609375
38798236.0	 269.0246887207031	 263.3031311035156	 112061.90625
38798336.0	 267.10919189453125	 263.620361328125	 103170.984375
38798428.0	 268.47027587890625	 266.9815368652344	 116852.828125
38798524.0	 267.1116027832031	 260.7267761230469	 111574.625
38798620.0	 266.17864990234375	 243.2983856201172	 99942.1796875
38798716.0	 265.47314453125	 259.72454833984375	 117082.65625
38798812.0	 267.105224609375	 252.43263244628906	 102345.2734375
38798904.0	 267.05511474609375	 256.225830078125	 110491.53125
38799004.0	 267.6218566894531	 265.7095947265625	 114718.1640625
38799096.0	 267.55621337890625	 253.7271728515625	 106361.3046875
38799192.0	 269.7551574707031	 259.60662841796875	 115446.9375
38799384.0	 268.5152282714844	 262.37420654296875	 116835.578125
38799480.0	 266.6595764160156	 244.04029846191406	 107715.3203125
38799576.0	 266.6582946777344	 234.1356964111328	 101189.71875
38799860.0	 270.0447998046875	 265.2785949707031	 112345.796875
38799956.0	 268.76336669921875	 262.17333984375	 107064.921875
38800052.0	 269.759521484375	 259.62939453125	 118350.109375
38800148.0	 266.8172302246094	 255.85043334960938	 117034.078125
38800244.0	 266.5050964355469	 250.4596710205078	 106252.53125
38800336.0	 268.0141296386719	 263.13177490234375	 111041.234375
38800436.0	 265.7928771972656	 255.4349822998047	 107247.765625
38800528.0	 268.5298767089844	 273.0167541503906	 113384.953125
38800624.0	 269.5658874511719	 267.85107421875	 108365.34375
38800716.0	 271.2295227050781	 284.0921936035156	 125418.609375
38800816.0	 267.61279296875	 265.5807189941406	 120360.0703125
38800912.0	 265.90350341796875	 255.5924530029297	 113563.9296875
38801004.0	 269.44854736328125	 262.918701171875	 118200.4140625
38801100.0	 267.9252624511719	 260.0364990234375	 115326.625
38801196.0	 269.3982849121094	 272.0267639160156	 114814.8984375
38801292.0	 269.9172668457031	 263.74822998046875	 113083.2578125
38801388.0	 269.4653625488281	 262.93585205078125	 106207.71875
38801484.0	 269.58392333984375	 262.4775085449219	 110711.1484375
38801576.0	 268.9830322265625	 279.81292724609375	 108031.5703125
38801672.0	 272.9917297363281	 273.32781982421875	 111622.71875
38801768.0	 271.9777526855469	 278.4934387207031	 120729.3359375
38801864.0	 271.14166259765625	 270.28192138671875	 118173.2890625
38801960.0	 269.39263916015625	 279.6261291503906	 121667.296875
38802056.0	 270.4224853515625	 270.01531982421875	 113660.0703125
38802148.0	 269.824951171875	 273.5307922363281	 118941.3359375
38802248.0	 272.3034362792969	 265.35919189453125	 109841.859375
38802340.0	 273.32373046875	 275.840576171875	 127519.4765625
38802440.0	 270.5133972167969	 264.76422119140625	 108454.53125
38802532.0	 270.12347412109375	 274.049072265625	 117070.75
38802628.0	 273.0118408203125	 284.73358154296875	 108233.84375
38802724.0	 274.2227783203125	 273.7620544433594	 112092.140625
38803008.0	 271.79296875	 276.27581787109375	 116912.1953125
38803104.0	 271.96966552734375	 263.7613830566406	 97496.296875
38803200.0	 272.7255554199219	 273.54058837890625	 114647.828125
38803292.0	 271.1042175292969	 273.7920227050781	 114871.1484375
38803388.0	 270.7815246582031	 278.612548828125	 117127.03125
38803484.0	 272.2855529785156	 270.7092590332031	 110650.765625
38803580.0	 273.5041198730469	 293.9068298339844	 119737.046875
38803676.0	 271.6103820800781	 278.11346435546875	 118251.921875
38803776.0	 271.1153259277344	 277.4613037109375	 122412.7421875
38803868.0	 272.88812255859375	 284.89080810546875	 121068.9296875
38803964.0	 271.716552734375	 280.3595886230469	 104610.4921875
38804060.0	 271.43389892578125	 284.7581787109375	 109673.5078125
38804156.0	 272.9049987792969	 274.772216796875	 107784.5546875
38804252.0	 273.58111572265625	 299.2410583496094	 113418.3671875
38804344.0	 273.75286865234375	 282.67718505859375	 110176.3515625
38804440.0	 273.4816589355469	 274.7460632324219	 110489.9453125
38804536.0	 272.9331359863281	 286.539794921875	 113257.203125
38804628.0	 273.1773681640625	 273.2312316894531	 115779.203125
38804728.0	 270.50927734375	 268.97479248046875	 112393.3203125
38804820.0	 272.1612548828125	 287.92974853515625	 119191.1953125
38804916.0	 271.7232360839844	 268.7034912109375	 107345.4765625
38805012.0	 272.0248107910156	 267.3678283691406	 103274.9609375
38805104.0	 271.8832092285156	 265.3404235839844	 108139.9140625
38805204.0	 271.5097351074219	 267.33251953125	 114536.7578125
38805296.0	 268.78277587890625	 262.3518371582031	 104973.1015625
38805492.0	 268.1722717285156	 267.6395263671875	 113528.8125
38805588.0	 267.1986389160156	 275.2064208984375	 114289.625
38805680.0	 268.1150817871094	 263.1126403808594	 111869.6171875
38805776.0	 266.4638671875	 256.5804748535156	 100130.546875
38805872.0	 266.6162414550781	 255.66099548339844	 99017.9453125
38806156.0	 270.903564453125	 267.5913391113281	 108058.6953125
38806252.0	 269.9288635253906	 265.3529052734375	 105802.375
38806348.0	 272.32598876953125	 278.7204895019531	 120250.6015625
38806444.0	 271.35614013671875	 264.5947570800781	 106768.96875
38806540.0	 273.1703796386719	 272.8389892578125	 109391.1796875
38806636.0	 272.8586120605469	 278.98028564453125	 119123.359375
38806732.0	 272.3266296386719	 290.78912353515625	 120193.3984375
38806824.0	 270.93218994140625	 276.15631103515625	 116799.875
38806920.0	 276.4918212890625	 295.291259765625	 116422.078125
38807016.0	 280.0714416503906	 312.1665344238281	 99177.140625
38807108.0	 298.55560302734375	 281.2835388183594	 73141.59375
38807208.0	 293.7032470703125	 285.6069641113281	 85774.640625
38807304.0	 290.3988342285156	 279.5574951171875	 78188.0546875
38807396.0	 285.7263488769531	 276.6158447265625	 88813.1875
38807492.0	 280.7479248046875	 284.91558837890625	 100949.9375
38807588.0	 277.4210205078125	 283.6787109375	 111397.1796875
38807684.0	 279.26806640625	 310.2292175292969	 110643.6875
38807780.0	 283.0065612792969	 294.3871154785156	 94355.7109375
38807876.0	 280.0392150878906	 294.72186279296875	 108766.09375
38807972.0	 282.5047912597656	 308.96051025390625	 98435.3515625
38808064.0	 292.2063293457031	 287.7789306640625	 79822.5703125
38808160.0	 289.6296691894531	 296.2643737792969	 93454.3203125
38808256.0	 290.33673095703125	 277.9773254394531	 81344.953125
38808352.0	 283.55865478515625	 292.9353942871094	 99654.3046875
38808448.0	 284.5830078125	 287.54559326171875	 92518.859375
38808540.0	 288.093994140625	 294.0608215332031	 90183.3359375
38808640.0	 290.4913635253906	 295.2521057128906	 86710.2890625
38808732.0	 293.7187805175781	 280.8130798339844	 76602.0234375
38808828.0	 285.03668212890625	 298.443603515625	 96417.0
38808924.0	 288.0243835449219	 284.8623046875	 85087.7109375
38809020.0	 283.8006896972656	 281.0782775878906	 85071.7890625
38809308.0	 271.75238037109375	 273.21502685546875	 117492.15625
38809400.0	 272.2198791503906	 254.699951171875	 104167.75
38809496.0	 271.8130798339844	 281.1422119140625	 116137.8125
38809592.0	 272.9427795410156	 281.4776611328125	 109185.21875
38809688.0	 273.1105041503906	 273.9984130859375	 105323.484375
38809784.0	 272.4945373535156	 281.3190002441406	 112393.3671875
38809876.0	 271.68865966796875	 292.7020568847656	 117071.5078125
38809976.0	 273.13934326171875	 278.6818542480469	 112006.390625
38810068.0	 274.38232421875	 293.22198486328125	 110827.0703125
38810164.0	 274.0240478515625	 275.0564270019531	 111781.3125
38810260.0	 274.9397277832031	 296.8685302734375	 125022.4921875
38810452.0	 273.1584167480469	 274.4200744628906	 104154.265625
38810544.0	 274.9497985839844	 280.2409973144531	 105671.0703125
38810644.0	 275.0511474609375	 281.8752746582031	 109657.609375
38810736.0	 274.36419677734375	 293.77813720703125	 116326.9296875
38810832.0	 274.8927307128906	 270.1938171386719	 104388.7109375
38810928.0	 272.61895751953125	 280.1107482910156	 105762.828125
38811024.0	 272.2554626464844	 281.34661865234375	 105061.5390625
38811120.0	 272.4886169433594	 293.8356018066406	 115390.3203125
38811212.0	 273.1042785644531	 284.09814453125	 117560.84375
38811308.0	 273.4445495605469	 279.6990966796875	 108517.15625
38811404.0	 272.7352294921875	 282.4463195800781	 107988.0234375
38811596.0	 276.105712890625	 285.2137145996094	 98590.0078125
38811688.0	 274.652099609375	 295.5704650878906	 112342.7421875
38811788.0	 271.44134521484375	 287.9720764160156	 124246.53125
38811880.0	 269.6002197265625	 265.7967834472656	 96564.453125
38811972.0	 270.68829345703125	 285.7813720703125	 114292.2578125
38812072.0	 270.8198547363281	 277.6315002441406	 116400.9375
38812164.0	 272.405029296875	 287.59814453125	 115631.484375
38812452.0	 274.94598388671875	 270.4897766113281	 99672.734375
38812548.0	 277.0828857421875	 291.7867736816406	 99047.6953125
38812644.0	 274.81488037109375	 273.0362548828125	 96928.171875
38812740.0	 272.92181396484375	 279.59661865234375	 94734.46875
38812836.0	 276.38385009765625	 290.541259765625	 107549.328125
38812932.0	 276.1768493652344	 273.40435791015625	 93581.9375
38813024.0	 272.71417236328125	 289.32952880859375	 101376.2578125
38813120.0	 273.2884826660156	 278.7503967285156	 98013.6875
38813220.0	 273.2254943847656	 287.14501953125	 101120.171875
38813312.0	 273.0116271972656	 279.8519592285156	 102835.765625
38813408.0	 275.1346740722656	 290.918701171875	 105942.90625
38813504.0	 279.089599609375	 300.2462158203125	 103682.609375
38813596.0	 275.3919982910156	 282.7458801269531	 105096.0078125
38813696.0	 273.3915710449219	 280.2916259765625	 99995.390625
38813788.0	 275.3339538574219	 282.94903564453125	 99046.453125
38813884.0	 274.26605224609375	 289.8821716308594	 95032.4296875
38813980.0	 271.566650390625	 283.55670166015625	 106330.078125
38814072.0	 272.4547424316406	 288.577392578125	 102358.34375
38814172.0	 273.9933776855469	 263.6471862792969	 88672.6484375
38814264.0	 273.6770324707031	 268.6967468261719	 95193.4921875
38814360.0	 273.9371643066406	 284.3907775878906	 103804.8515625
38814456.0	 277.37969970703125	 280.70166015625	 90474.515625
38814556.0	 276.8374938964844	 286.33209228515625	 102641.2734375
38814648.0	 280.03680419921875	 282.92864990234375	 92897.3984375
38814744.0	 276.764404296875	 287.354736328125	 96320.046875
38814840.0	 276.2852783203125	 293.62823486328125	 92166.4609375
38814932.0	 273.64306640625	 276.35736083984375	 103872.1328125
38815032.0	 274.70343017578125	 283.4244384765625	 88010.2109375
38815124.0	 274.77911376953125	 281.385498046875	 98061.6796875
38815220.0	 276.80419921875	 288.9138488769531	 97184.453125
38815316.0	 276.6089172363281	 282.63262939453125	 104660.515625
38815600.0	 272.447998046875	 273.0517883300781	 96547.9765625
38815696.0	 272.91845703125	 280.35723876953125	 99546.4375
38815792.0	 273.0853576660156	 286.8897399902344	 108717.328125
38815888.0	 272.7270202636719	 272.331787109375	 103612.0390625
38815984.0	 271.43267822265625	 271.8733215332031	 88693.1328125
38816080.0	 270.0854797363281	 282.5722961425781	 101953.359375
38816172.0	 272.4368591308594	 279.6023864746094	 95367.9140625
38816272.0	 275.5346374511719	 275.8615417480469	 91043.9609375
38816364.0	 273.115966796875	 275.4446105957031	 94695.9296875
38816460.0	 273.0233154296875	 289.5803527832031	 99830.359375
38816556.0	 275.3971862792969	 283.2589111328125	 91945.4140625
38816652.0	 276.40435791015625	 286.2488708496094	 93953.703125
38816744.0	 275.2386779785156	 293.5968933105469	 105707.5078125
38816840.0	 276.45135498046875	 275.8940124511719	 89637.9453125
38816936.0	 277.5931396484375	 277.2436828613281	 90278.5625
38817032.0	 278.0202331542969	 291.2601318359375	 102030.5078125
38817128.0	 278.95745849609375	 290.3333740234375	 94516.4453125
38817224.0	 278.9962463378906	 283.041015625	 93532.4609375
38817316.0	 276.7330017089844	 274.4377746582031	 93313.7421875
38817416.0	 278.2741394042969	 294.1523132324219	 95067.2265625
38817508.0	 277.18499755859375	 300.9840393066406	 102709.09375
38817700.0	 284.0555725097656	 284.5821838378906	 91111.1484375
38817796.0	 275.8384094238281	 275.3303527832031	 94349.0859375
38817892.0	 276.59375	 288.50531005859375	 99801.1953125
38817984.0	 276.630126953125	 286.0024108886719	 96282.7890625
38818084.0	 273.853759765625	 288.22698974609375	 111896.9375
38818176.0	 273.0247802734375	 281.0025329589844	 96578.171875
38818276.0	 272.5918884277344	 272.9715270996094	 94705.25
38818368.0	 274.24725341796875	 277.433837890625	 99404.7265625
38818464.0	 276.1735534667969	 292.6803894042969	 109151.9296875
38818752.0	 271.9591064453125	 273.9464111328125	 110102.234375
38818844.0	 272.6553649902344	 282.18450927734375	 111106.5234375
38818936.0	 270.1528625488281	 261.7253112792969	 111679.25
38819036.0	 269.59600830078125	 284.84197998046875	 112920.4140625
38819128.0	 273.2685546875	 283.17083740234375	 121808.953125
38819228.0	 272.8945007324219	 301.9617004394531	 118514.9609375
38819320.0	 277.43218994140625	 297.66943359375	 109348.546875
38819416.0	 276.3338623046875	 282.9481201171875	 115673.1015625
38819516.0	 277.9221496582031	 279.66876220703125	 97760.5625
38819608.0	 276.0743713378906	 281.4533386230469	 109356.75
38819704.0	 271.9505920410156	 286.1151428222656	 104470.1015625
38819800.0	 269.6252136230469	 270.44140625	 103767.2109375
38819892.0	 271.5193176269531	 279.1252746582031	 112833.125
38819992.0	 268.60809326171875	 271.15234375	 102928.6171875
