r [km]	 vr [km/s]	 np [cm-3]	 T [K]
22957808.0	 275.3672790527344	 528.9428100585938	 240789.65625
22956772.0	 277.4508972167969	 521.0232543945312	 246299.65625
22956256.0	 279.45343017578125	 512.1145629882812	 246481.578125
22955738.0	 272.8971252441406	 517.2291870117188	 227226.640625
22955218.0	 301.49334716796875	 456.309326171875	 269472.0625
22954184.0	 266.22802734375	 513.5716552734375	 205763.734375
22952662.0	 270.54913330078125	 473.6869812011719	 176866.328125
22952632.0	 261.8997802734375	 544.2808227539062	 229415.53125
22952114.0	 270.05242919921875	 480.4241027832031	 203590.453125
22951596.0	 272.9985656738281	 519.7351684570312	 231812.359375
22951078.0	 257.84619140625	 529.9057006835938	 214394.125
22950044.0	 274.7189025878906	 511.70330810546875	 235864.9375
22948492.0	 272.3187561035156	 497.1051330566406	 231060.015625
22947976.0	 257.158447265625	 533.4428100585938	 213854.0625
22946940.0	 273.01617431640625	 522.1282348632812	 235895.046875
22946422.0	 259.25177001953125	 477.88079833984375	 170656.5
22946406.0	 258.3535461425781	 536.6262817382812	 214713.765625
22944354.0	 272.1893005371094	 489.12176513671875	 220555.359375
22943322.0	 257.4142761230469	 536.1770629882812	 219599.390625
22942802.0	 256.7837219238281	 503.54833984375	 203954.71875
22942788.0	 261.472900390625	 519.8768310546875	 211774.796875
22942772.0	 259.67596435546875	 501.06842041015625	 205085.421875
22942286.0	 253.1609649658203	 535.3289184570312	 205645.0
22942208.0	 257.4779357910156	 533.6011352539062	 212170.078125
22942192.0	 256.22198486328125	 482.9289245605469	 201328.953125
22941832.0	 259.9638366699219	 562.0335083007812	 227809.703125
22941800.0	 274.16351318359375	 477.5910949707031	 161974.203125
22941254.0	 290.19384765625	 465.1709289550781	 242876.109375
22939702.0	 279.63629150390625	 473.98956298828125	 231083.484375
22939186.0	 285.8096008300781	 478.63214111328125	 226021.65625
22938670.0	 290.4314880371094	 461.9607849121094	 234876.671875
22938152.0	 291.6697692871094	 446.7926025390625	 232628.75
22937636.0	 284.948974609375	 452.11285400390625	 210194.34375
22936600.0	 278.2176208496094	 486.3577880859375	 223420.734375
22936084.0	 279.3181457519531	 479.35986328125	 226498.21875
22935568.0	 289.1368713378906	 476.14410400390625	 230088.734375
22935050.0	 287.76165771484375	 458.6596984863281	 217303.25
22934534.0	 284.3755187988281	 486.3872985839844	 242370.4375
22934470.0	 284.76068115234375	 437.61163330078125	 201889.09375
22934018.0	 283.1109924316406	 444.33734130859375	 201920.46875
22933502.0	 292.0360107421875	 478.6355895996094	 249712.671875
22932984.0	 310.09124755859375	 420.42218017578125	 235831.0625
22932466.0	 303.14532470703125	 445.7968444824219	 236308.703125
22931952.0	 300.8293762207031	 479.69659423828125	 256474.453125
22931436.0	 297.09356689453125	 492.02581787109375	 269270.0
22930402.0	 288.0334777832031	 484.3581848144531	 240528.0
22929886.0	 279.6512756347656	 480.0577087402344	 238512.0
22928884.0	 296.9018859863281	 442.98553466796875	 215096.8125
22928852.0	 291.6951904296875	 455.4341735839844	 230008.109375
22928336.0	 290.37969970703125	 472.0621643066406	 239250.625
22927820.0	 287.8113098144531	 491.3384094238281	 243320.109375
22927302.0	 275.57147216796875	 523.5576171875	 236812.28125
22926788.0	 276.6438293457031	 495.5577697753906	 234844.4375
22926272.0	 275.3912048339844	 536.4636840820312	 247178.625
22923174.0	 295.9864501953125	 481.872802734375	 257354.484375
22922658.0	 291.7830810546875	 466.40875244140625	 247838.375
22921626.0	 289.2780456542969	 488.1343688964844	 244820.765625
22920594.0	 276.1289978027344	 521.6586303710938	 243483.4375
22920078.0	 292.2753601074219	 422.47491455078125	 220039.5625
22918532.0	 289.4561767578125	 477.8594665527344	 245046.015625
22917498.0	 280.0649719238281	 510.8477478027344	 254010.96875
22915436.0	 275.8624572753906	 524.5360717773438	 244512.875
22914920.0	 279.2208557128906	 505.32440185546875	 251257.578125
22914404.0	 277.4189758300781	 508.5055847167969	 255882.84375
22911826.0	 290.3255310058594	 457.2933349609375	 237216.984375
22910312.0	 305.0127868652344	 408.98028564453125	 234892.5625
22910278.0	 315.2563781738281	 422.668701171875	 275384.0625
22909764.0	 305.3230895996094	 422.40325927734375	 247162.25
22909750.0	 310.007568359375	 421.1380920410156	 254496.03125
22908858.0	 302.13604736328125	 415.68841552734375	 223903.40625
22908734.0	 299.8275451660156	 443.7398376464844	 255911.125
22908718.0	 293.8519287109375	 449.4091491699219	 227775.203125
22908220.0	 296.6864013671875	 442.06341552734375	 249867.109375
22908202.0	 306.4299011230469	 429.4351501464844	 250727.671875
22908188.0	 300.0924072265625	 421.5575866699219	 239076.34375
22908046.0	 311.1976013183594	 417.61260986328125	 249804.453125
22908032.0	 311.5800476074219	 393.8098449707031	 228442.4375
22908014.0	 308.97174072265625	 409.169189453125	 242050.90625
22908000.0	 309.7100830078125	 412.4619445800781	 241259.21875
22907702.0	 290.7460632324219	 443.4621276855469	 231736.28125
22907500.0	 300.8579406738281	 434.3972473144531	 244652.5
22907486.0	 300.71337890625	 421.8443298339844	 245767.578125
22907280.0	 307.8128356933594	 402.4095153808594	 224685.5
22907188.0	 289.9281005859375	 457.42236328125	 236319.671875
22906674.0	 297.9588623046875	 441.785888671875	 250150.078125
22906158.0	 293.9814147949219	 437.7554931640625	 240028.0
22905642.0	 292.8487548828125	 432.78515625	 240122.296875
22905128.0	 277.87017822265625	 493.93475341796875	 245184.953125
22904908.0	 318.9720764160156	 396.7628479003906	 241288.8125
22904892.0	 324.3711242675781	 407.7421875	 287636.625
22904612.0	 312.097412109375	 419.3236999511719	 261406.6875
22902800.0	 334.8410339355469	 382.3055419921875	 284754.46875
22902784.0	 335.40679931640625	 378.177001953125	 269461.5
22902674.0	 325.4539794921875	 402.6026611328125	 258175.78125
22902660.0	 326.20684814453125	 397.2850646972656	 290226.40625
22902550.0	 339.9096374511719	 367.1255798339844	 293891.65625
22902440.0	 337.2673645019531	 380.0697021484375	 274839.15625
22902426.0	 339.7938232421875	 399.5898742675781	 291861.0625
22902412.0	 341.5201110839844	 349.8011474609375	 254227.59375
22902176.0	 331.912109375	 390.68597412109375	 266159.625
22902068.0	 321.6908264160156	 406.30609130859375	 265019.0
22902036.0	 335.1693420410156	 377.6520080566406	 283633.78125
22901958.0	 309.8917236328125	 400.2779235839844	 232719.640625
22901942.0	 311.1954345703125	 448.33258056640625	 271224.5625
22901520.0	 299.26934814453125	 436.01458740234375	 254153.859375
22901086.0	 307.87591552734375	 415.72601318359375	 245186.6875
22901036.0	 318.3760986328125	 384.84857177734375	 243866.390625
22901006.0	 303.3472900390625	 396.4708251953125	 221261.109375
22900802.0	 300.70599365234375	 420.7110595703125	 238200.8125
22900788.0	 298.56976318359375	 445.6293640136719	 243066.71875
22900770.0	 313.5314025878906	 403.08184814453125	 266076.9375
22900756.0	 309.0852966308594	 403.1016540527344	 225991.109375
22900726.0	 306.77703857421875	 398.205810546875	 232789.046875
22900632.0	 301.4166564941406	 401.4807434082031	 216592.734375
22900522.0	 315.3465881347656	 409.6724548339844	 250180.046875
22900490.0	 308.02130126953125	 369.3636474609375	 210703.015625
22899460.0	 274.68304443359375	 468.72747802734375	 220121.03125
22898430.0	 255.39883422851562	 482.04638671875	 193788.75
22898118.0	 254.1427459716797	 517.8992919921875	 206329.4375
22898104.0	 255.37979125976562	 507.1603698730469	 206453.734375
22898088.0	 255.45681762695312	 494.81634521484375	 204597.25
22898072.0	 256.6567687988281	 495.2410888671875	 197852.03125
22897916.0	 246.2390594482422	 495.1975402832031	 196187.421875
22897526.0	 246.79595947265625	 541.264404296875	 197252.984375
22897512.0	 245.82220458984375	 491.44378662109375	 185310.609375
22897494.0	 251.17880249023438	 476.7219543457031	 169519.9375
22897434.0	 246.65203857421875	 502.7685241699219	 193469.71875
22897402.0	 246.5789337158203	 518.9291381835938	 212462.234375
22897384.0	 249.8283233642578	 524.1743774414062	 204183.75
22896918.0	 253.0040740966797	 525.9540405273438	 218841.453125
22896886.0	 250.1317138671875	 478.97613525390625	 183764.71875
22896698.0	 252.92103576660156	 507.77532958984375	 215475.578125
22896684.0	 256.5224609375	 492.5882873535156	 195978.671875
22896372.0	 253.9690704345703	 496.5544738769531	 200129.078125
22896138.0	 248.15606689453125	 493.0043029785156	 191525.390625
22896122.0	 249.27984619140625	 503.44329833984375	 197739.484375
22895918.0	 248.97467041015625	 483.0353698730469	 169479.84375
22895904.0	 250.5397186279297	 502.6046142578125	 186523.109375
22895888.0	 244.69374084472656	 475.8514099121094	 181059.921875
22895842.0	 246.85107421875	 534.4450073242188	 213661.953125
22895342.0	 251.28604125976562	 493.7962341308594	 189428.890625
22895326.0	 248.90826416015625	 497.961669921875	 182235.828125
22895310.0	 244.20712280273438	 484.6993713378906	 180374.65625
22895124.0	 256.89019775390625	 500.6102600097656	 211017.953125
22895108.0	 251.966552734375	 478.1962585449219	 199624.546875
22895094.0	 255.34523010253906	 492.95123291015625	 198910.921875
22894344.0	 287.9770812988281	 408.6663513183594	 200042.046875
22894312.0	 277.77496337890625	 460.6668395996094	 225578.34375
22893284.0	 265.7001037597656	 501.1606750488281	 230401.28125
22892768.0	 261.6690979003906	 489.7095642089844	 209884.984375
22891224.0	 268.03131103515625	 482.10894775390625	 193737.28125
22890710.0	 272.6893005371094	 485.9923095703125	 208555.0625
22890196.0	 275.433837890625	 480.57147216796875	 224722.578125
22889680.0	 295.0433654785156	 430.937255859375	 234011.90625
22889168.0	 289.5575256347656	 437.7310791015625	 220395.90625
22888684.0	 294.2101745605469	 426.03936767578125	 218871.234375
22888654.0	 289.496826171875	 454.7953796386719	 227720.96875
22888434.0	 295.1272888183594	 448.92779541015625	 226228.109375
22888418.0	 297.48858642578125	 435.8591613769531	 223857.609375
22888138.0	 297.1091003417969	 422.7928771972656	 249724.3125
22887622.0	 299.82574462890625	 436.76702880859375	 258879.765625
22887608.0	 302.0122985839844	 424.9935302734375	 233677.09375
22887576.0	 306.7679748535156	 395.13336181640625	 217024.25
22887468.0	 310.406005859375	 403.3009338378906	 249393.625
22887452.0	 310.6122131347656	 385.9112548828125	 220471.53125
22887436.0	 311.15692138671875	 412.7666320800781	 253478.390625
22887188.0	 306.6149597167969	 409.7811279296875	 251534.578125
22887172.0	 306.50238037109375	 413.40875244140625	 232108.515625
22887108.0	 302.453857421875	 444.5550842285156	 271872.625
22887094.0	 306.5290832519531	 411.60198974609375	 239438.6875
22887062.0	 308.5213317871094	 388.62860107421875	 220399.453125
22887048.0	 307.9521484375	 406.4586486816406	 223358.75
22887032.0	 307.6974182128906	 411.30364990234375	 226242.90625
22887000.0	 306.8071594238281	 422.0501708984375	 242450.734375
22886986.0	 310.40325927734375	 400.6169128417969	 233203.96875
22886954.0	 304.7068786621094	 406.5154113769531	 222951.765625
22886938.0	 307.68792724609375	 405.184814453125	 231716.84375
22886594.0	 313.5250549316406	 391.9757995605469	 240264.265625
22886564.0	 310.19427490234375	 398.6950988769531	 232681.859375
22886548.0	 311.9220275878906	 392.68157958984375	 230270.109375
22886254.0	 311.6577453613281	 408.2228698730469	 253666.09375
22886238.0	 308.79522705078125	 406.91632080078125	 235015.671875
22886190.0	 307.05767822265625	 421.46435546875	 248115.5625
22886174.0	 307.12774658203125	 399.0291442871094	 228101.328125
22886158.0	 305.41290283203125	 413.3864440917969	 218337.796875
22886082.0	 311.7720947265625	 407.0287170410156	 258498.484375
22885846.0	 319.58544921875	 406.9600524902344	 254976.1875
22885832.0	 322.7108154296875	 389.42828369140625	 243639.171875
22885488.0	 314.56024169921875	 412.8282775878906	 248574.5625
22885474.0	 317.8485412597656	 422.00994873046875	 283866.9375
22885456.0	 324.9897766113281	 380.8310546875	 240544.4375
22885318.0	 317.3919677734375	 408.9905700683594	 251191.890625
22885302.0	 320.3503723144531	 392.3399658203125	 235420.234375
22885224.0	 320.4346618652344	 404.6368103027344	 262850.78125
22885208.0	 324.5232238769531	 382.9286804199219	 230643.8125
22885178.0	 325.8393859863281	 379.749267578125	 231668.703125
22885160.0	 323.0324401855469	 397.6434326171875	 249137.78125
22885146.0	 325.7265930175781	 393.63763427734375	 249256.765625
22885052.0	 312.2883605957031	 415.20220947265625	 254058.484375
22884944.0	 313.4052734375	 395.7095947265625	 223177.359375
22884928.0	 316.88250732421875	 426.9833068847656	 285681.0625
22884864.0	 312.4046936035156	 416.60845947265625	 263345.25
22884850.0	 315.2525329589844	 406.3439025878906	 238388.90625
22884818.0	 313.8446044921875	 402.87548828125	 243675.09375
22884538.0	 314.13226318359375	 430.3320617675781	 276893.78125
22884522.0	 316.1717834472656	 391.7376403808594	 230651.5625
22884024.0	 289.87841796875	 454.7173156738281	 233021.609375
22883510.0	 275.9920349121094	 507.3309020996094	 222819.421875
22882996.0	 288.2242736816406	 462.97955322265625	 225846.0625
22882980.0	 292.4332275390625	 444.7491760253906	 215920.375
22882482.0	 290.799072265625	 448.6059875488281	 234252.171875
22881998.0	 305.04547119140625	 424.1756896972656	 233356.9375
22881968.0	 296.12298583984375	 412.6401672363281	 231044.953125
22881952.0	 303.08758544921875	 521.4216918945312	 271930.40625
22881452.0	 315.7348327636719	 453.07855224609375	 280320.96875
22880938.0	 324.4306640625	 424.58709716796875	 302186.46875
22879912.0	 294.7622375488281	 503.9150695800781	 255839.59375
22879396.0	 317.40576171875	 479.14508056640625	 296233.375
22878884.0	 300.7207946777344	 482.0391540527344	 272890.34375
22878370.0	 294.1882629394531	 500.9322509765625	 256392.734375
22877856.0	 280.9483642578125	 532.965576171875	 261642.71875
22876906.0	 303.9061279296875	 422.7152404785156	 232558.09375
22876316.0	 289.7183532714844	 448.5810241699219	 227653.71875
22875800.0	 275.22882080078125	 537.6900024414062	 238892.578125
22875286.0	 287.10638427734375	 489.0441589355469	 237543.703125
22874772.0	 294.505859375	 479.6980895996094	 262396.0625
22874260.0	 290.7391357421875	 460.7969665527344	 242327.578125
22872718.0	 259.86004638671875	 499.33966064453125	 218647.5625
22872702.0	 257.6850280761719	 508.54815673828125	 215729.578125
22872686.0	 256.4931640625	 520.9057006835938	 225176.09375
22872234.0	 259.2850646972656	 513.056884765625	 214934.71875
22872204.0	 258.3959655761719	 514.4085693359375	 201240.09375
22872188.0	 258.2659912109375	 505.9862365722656	 212744.71875
22871690.0	 257.98583984375	 511.1171875	 217350.984375
22871176.0	 255.76524353027344	 510.17364501953125	 213711.859375
22870772.0	 255.0540008544922	 568.5528564453125	 234484.3125
22870756.0	 265.464111328125	 565.4779052734375	 247882.0625
22870664.0	 270.7750244140625	 456.7872619628906	 217635.15625
22870150.0	 298.8234558105469	 457.7602844238281	 283183.15625
22869638.0	 253.72727966308594	 502.17449951171875	 203872.328125
22869124.0	 257.2929382324219	 516.1582641601562	 218287.21875
22869106.0	 257.3127136230469	 482.23779296875	 214577.015625
22869092.0	 257.6538391113281	 526.4223022460938	 242235.453125
22868610.0	 279.9238586425781	 512.55224609375	 258480.984375
22868096.0	 275.7685241699219	 490.5068054199219	 240481.703125
22866042.0	 259.15093994140625	 531.40576171875	 227861.296875
22864534.0	 261.0366516113281	 496.06646728515625	 222557.234375
22863476.0	 270.2408142089844	 458.7022705078125	 205197.65625
22858890.0	 260.5887145996094	 533.22998046875	 243330.734375
22857352.0	 277.2940673828125	 405.94671630859375	 150328.71875
22857320.0	 277.38104248046875	 468.1195983886719	 239910.0625
22828126.0	 245.0476531982422	 504.5905456542969	 201118.8125
22827614.0	 259.77001953125	 532.1810302734375	 256472.328125
22807178.0	 275.13299560546875	 489.7574768066406	 242519.15625
22806668.0	 276.7565002441406	 476.28936767578125	 244695.65625
22796976.0	 256.5603332519531	 523.495361328125	 220498.3125
22794938.0	 282.8114318847656	 503.83892822265625	 286008.15625
22793406.0	 292.80340576171875	 427.5126647949219	 244652.15625
22790350.0	 283.6402282714844	 496.85357666015625	 268561.375
22782710.0	 296.50897216796875	 472.33575439453125	 270550.25
22782200.0	 277.50128173828125	 434.4049072265625	 231311.296875
22781692.0	 273.1186218261719	 448.8306884765625	 218633.890625
22780164.0	 272.7914733886719	 449.8207702636719	 218575.265625
22779146.0	 295.6316223144531	 434.8304748535156	 261232.484375
22778158.0	 285.81915283203125	 444.6048889160156	 221964.25
22777618.0	 275.7520446777344	 466.4436950683594	 231025.109375
22774566.0	 295.862060546875	 449.5392150878906	 255178.734375
22759822.0	 296.8110656738281	 455.9711608886719	 264108.9375
22759314.0	 307.65850830078125	 402.8517150878906	 247959.453125
22759300.0	 300.7925109863281	 447.64508056640625	 260053.0
22756268.0	 274.773193359375	 482.66632080078125	 235472.046875
22754744.0	 278.30218505859375	 454.4043273925781	 233059.3125
22748654.0	 257.0817565917969	 491.96240234375	 217730.203125
22748144.0	 274.6321105957031	 479.3164978027344	 241196.453125
22691982.0	 244.61500549316406	 549.7417602539062	 231169.953125
22685928.0	 243.54608154296875	 521.0546264648438	 226201.921875
22642162.0	 291.2568664550781	 406.3553161621094	 244369.546875
22627116.0	 275.4388427734375	 471.6340026855469	 238048.390625
22776596.0	 241.9007110595703	 531.9050903320312	 78310.078125
