START:	 57.20000000000054
END:	 57.300000000000544

r [km]	 vr [km/s]	 np [cm-3]	 T [K]
39794124.0	 295.1168212890625	 426.4659423828125	 56361.28125
39794212.0	 292.5939636230469	 433.4515686035156	 53793.625
39794304.0	 293.2185363769531	 445.5454406738281	 55719.0
39794392.0	 294.6505432128906	 430.3073425292969	 51403.80859375
39794480.0	 294.23785400390625	 433.78387451171875	 54404.0859375
39794568.0	 293.3142395019531	 441.50311279296875	 56238.1953125
39794656.0	 293.6728820800781	 436.5137023925781	 51975.34765625
39794748.0	 295.8272399902344	 435.6313171386719	 54869.3984375
39794832.0	 295.237548828125	 430.7461853027344	 59176.82421875
39794924.0	 294.04168701171875	 430.9999084472656	 52227.0078125
39795012.0	 294.4233093261719	 425.36968994140625	 56697.9921875
39795100.0	 294.5147705078125	 425.0453796386719	 53041.32421875
39795188.0	 292.96099853515625	 446.1990661621094	 56819.56640625
39795368.0	 294.7850646972656	 431.09967041015625	 51249.8203125
39795456.0	 294.71160888671875	 427.4850158691406	 57024.20703125
39795544.0	 295.0662841796875	 432.6044921875	 57180.94140625
39795632.0	 295.57470703125	 431.7669677734375	 54961.859375
39795724.0	 295.4215393066406	 434.9011535644531	 54641.39453125
39795812.0	 296.1378479003906	 433.9985656738281	 55360.51953125
39795900.0	 296.8162536621094	 421.7435302734375	 50354.0703125
39795992.0	 295.00726318359375	 434.4957275390625	 52429.81640625
39796080.0	 294.1952209472656	 441.0526428222656	 52935.125
39796168.0	 295.15570068359375	 438.9273376464844	 54684.828125
39796256.0	 295.48699951171875	 438.6192932128906	 54347.49609375
39796348.0	 295.2706298828125	 430.5341491699219	 51294.859375
39796440.0	 295.1762390136719	 439.29638671875	 51181.3125
39796528.0	 297.36370849609375	 438.4914855957031	 52981.63671875
39796616.0	 296.4808349609375	 438.56463623046875	 49799.234375
39796704.0	 294.6111145019531	 438.5702819824219	 51227.34765625
39796796.0	 295.2246398925781	 450.62994384765625	 53699.1875
39796884.0	 293.58978271484375	 426.9081726074219	 47363.19921875
39796972.0	 291.6031494140625	 433.2611083984375	 49389.0078125
39797060.0	 291.19476318359375	 441.3134765625	 52114.9453125
39797148.0	 291.7312316894531	 440.64404296875	 51866.23046875
39797240.0	 293.3132019042969	 439.84033203125	 50725.0234375
39797328.0	 290.1170654296875	 455.6988525390625	 55436.51171875
39797416.0	 291.2171936035156	 444.78515625	 52751.18359375
39797504.0	 292.0495910644531	 441.88153076171875	 51344.84765625
39797596.0	 294.0188903808594	 440.5316467285156	 52703.5234375
39797684.0	 292.6703186035156	 434.413330078125	 49651.171875
39797772.0	 294.44146728515625	 438.6509094238281	 50149.3359375
39797860.0	 294.1567687988281	 446.3033142089844	 52424.15234375
39797952.0	 294.2151184082031	 444.1526184082031	 49965.69140625
39798040.0	 294.216552734375	 443.6651306152344	 49915.82421875
39798128.0	 292.0032043457031	 443.6669616699219	 49545.6953125
39798304.0	 292.1240234375	 454.329345703125	 47432.44921875
39798396.0	 293.2210388183594	 456.2332763671875	 50639.8046875
39798484.0	 292.2447509765625	 437.64556884765625	 47171.46875
39798576.0	 293.6215515136719	 439.1138000488281	 48715.23828125
39798660.0	 292.9688720703125	 436.24658203125	 46799.09375
39798752.0	 291.55535888671875	 440.48577880859375	 47539.12890625
39798840.0	 290.2022399902344	 451.6978454589844	 50294.76171875
39798928.0	 289.86102294921875	 447.6931457519531	 48936.5625
39799020.0	 290.306396484375	 455.19921875	 51118.91796875
39799112.0	 289.87127685546875	 440.2596435546875	 47882.40625
39799200.0	 289.1065368652344	 442.5498046875	 48725.4921875
39799288.0	 289.61383056640625	 451.28411865234375	 49381.61328125
39799376.0	 290.1012878417969	 451.51116943359375	 49095.796875
39799468.0	 290.0517883300781	 446.6076354980469	 47398.03125
39799552.0	 291.037109375	 455.2294921875	 48830.171875
39799644.0	 289.6560974121094	 445.3087158203125	 47108.22265625
39799732.0	 288.5877990722656	 442.5320129394531	 47656.81640625
39799820.0	 290.31280517578125	 452.72296142578125	 48093.15234375
39799912.0	 290.2929992675781	 451.2726135253906	 49783.84375
39800000.0	 288.5530090332031	 448.0387878417969	 48625.453125
39800088.0	 288.43060302734375	 456.9630432128906	 50615.57421875
39800176.0	 290.92364501953125	 444.56390380859375	 47502.30078125
39800268.0	 288.7520751953125	 447.2935485839844	 48264.59375
39800356.0	 290.0216979980469	 449.9963073730469	 47682.43359375
39800444.0	 290.23443603515625	 443.5939636230469	 48984.296875
39800532.0	 290.14794921875	 452.19775390625	 52621.7734375
39800620.0	 290.7268981933594	 446.4336853027344	 49334.57421875
39800712.0	 290.7223815917969	 453.4457092285156	 53122.125
39800800.0	 291.1793212890625	 440.3433837890625	 50341.91015625
39800888.0	 289.94854736328125	 448.6861267089844	 51933.83203125
39800976.0	 292.0169372558594	 447.30853271484375	 53441.79296875
39801068.0	 289.86981201171875	 443.9119873046875	 51914.10546875
39801244.0	 291.1817321777344	 444.8580627441406	 49617.43359375
39801332.0	 289.978759765625	 444.4143371582031	 52598.40234375
39801420.0	 289.404541015625	 449.41229248046875	 54195.1953125
39801512.0	 289.4608154296875	 439.2823181152344	 49824.828125
39801600.0	 288.5777893066406	 447.549072265625	 52626.51171875
39801688.0	 288.951904296875	 448.7237548828125	 54310.2265625
39801780.0	 288.3134765625	 449.3747253417969	 54653.328125
39801872.0	 288.1240539550781	 456.0460205078125	 54925.2265625
39801960.0	 288.5511474609375	 450.2856750488281	 53232.46875
39802048.0	 287.8880920410156	 450.4515686035156	 55334.53125
39802136.0	 288.73870849609375	 445.8257751464844	 53771.04296875
39802228.0	 288.3673095703125	 451.0872497558594	 55022.578125
39802316.0	 288.46844482421875	 456.0386047363281	 55356.4765625
39802404.0	 290.3102111816406	 451.8857727050781	 54326.01171875
39802492.0	 287.3502502441406	 456.3438720703125	 56259.92578125
39802580.0	 287.75677490234375	 465.9299621582031	 57232.81640625
39802672.0	 289.1925964355469	 459.3265380859375	 56863.3046875
39802760.0	 290.3836669921875	 447.81072998046875	 53381.05859375
39802848.0	 288.9128112792969	 455.8136291503906	 55429.48046875
39802940.0	 288.8478698730469	 449.30206298828125	 54172.140625
39803028.0	 288.2879333496094	 460.6861267089844	 54002.3203125
39803116.0	 288.0143127441406	 456.4623107910156	 56749.671875
39803204.0	 288.83984375	 454.61883544921875	 53501.83984375
39803292.0	 287.65106201171875	 461.47979736328125	 54863.90234375
39803380.0	 288.0771179199219	 459.2784118652344	 55567.32421875
39803472.0	 288.52947998046875	 458.2119445800781	 56003.359375
39803560.0	 289.2301330566406	 452.4439392089844	 53640.890625
39803648.0	 289.360107421875	 456.602294921875	 54664.04296875
39803740.0	 288.60443115234375	 456.0703430175781	 55081.8203125
39803828.0	 288.3109436035156	 452.4208984375	 54890.6015625
39803916.0	 288.8506164550781	 455.7947998046875	 55915.640625
39804004.0	 289.18255615234375	 457.1426086425781	 54811.1328125
39804180.0	 290.2130432128906	 448.3111267089844	 51023.44921875
39804268.0	 289.9703369140625	 452.714111328125	 54450.3671875
39804360.0	 288.710205078125	 461.4546813964844	 55621.42578125
39804448.0	 289.0479431152344	 457.03485107421875	 56231.48046875
39804536.0	 288.6454162597656	 453.37786865234375	 56458.5078125
39804628.0	 289.2237243652344	 452.5860900878906	 54401.98046875
39804720.0	 287.97900390625	 457.0658874511719	 57294.83203125
39804808.0	 287.0140075683594	 447.6969299316406	 55626.45703125
39804900.0	 287.6860656738281	 457.0823974609375	 56707.4921875
39804988.0	 288.19512939453125	 454.520751953125	 56011.3515625
39805076.0	 288.1667175292969	 454.682373046875	 54351.79296875
39805164.0	 287.4316101074219	 457.2333068847656	 56444.87890625
39805256.0	 288.0723876953125	 460.06915283203125	 57587.30078125
39805344.0	 287.96478271484375	 459.39105224609375	 56183.02734375
39805432.0	 288.3539733886719	 454.5751647949219	 56862.9453125
39805520.0	 287.7774353027344	 460.63909912109375	 55802.75
39805608.0	 287.94683837890625	 459.3751525878906	 55060.9140625
39805696.0	 287.3887634277344	 457.73956298828125	 56420.96484375
39805784.0	 287.1875915527344	 456.9444885253906	 54735.7734375
39805876.0	 287.587646484375	 454.09503173828125	 53816.48828125
39805964.0	 287.4087829589844	 458.58721923828125	 56311.671875
39806052.0	 286.85400390625	 455.7203063964844	 54906.94921875
39806144.0	 287.3837585449219	 455.6353759765625	 54349.5546875
39806232.0	 286.70452880859375	 452.4787902832031	 53911.51171875
39806320.0	 286.52349853515625	 460.7583923339844	 54356.12109375
39806408.0	 286.777587890625	 458.79278564453125	 54410.7109375
39806496.0	 286.40740966796875	 464.18243408203125	 56197.6953125
39806588.0	 287.7121276855469	 449.83868408203125	 52710.30859375
39806676.0	 285.50921630859375	 459.1733093261719	 57610.6015625
39806764.0	 286.36273193359375	 455.5451965332031	 56486.37890625
39806852.0	 285.4683837890625	 451.5704040527344	 54803.11328125
39806940.0	 285.2251892089844	 453.239013671875	 54554.31640625
39807120.0	 286.7052917480469	 451.0025634765625	 52011.20703125
39807208.0	 286.6616516113281	 455.83489990234375	 53893.015625
39807296.0	 287.05145263671875	 453.3985595703125	 53530.51953125
39807388.0	 287.13262939453125	 448.611328125	 52169.9375
39807476.0	 287.2911071777344	 459.69073486328125	 56486.109375
39807564.0	 286.9622497558594	 457.9406433105469	 55782.625
39807656.0	 287.673095703125	 449.88134765625	 54860.96875
39807744.0	 287.79803466796875	 452.66156005859375	 55375.55859375
39807836.0	 287.3288269042969	 454.2364196777344	 55218.27734375
39807924.0	 287.766845703125	 458.1847229003906	 54863.8515625
39808016.0	 288.3104248046875	 455.2428894042969	 53139.52734375
39808104.0	 288.5849914550781	 451.2884521484375	 53663.34765625
39808192.0	 288.18701171875	 448.9018859863281	 52531.91796875
39808280.0	 287.8731384277344	 450.61468505859375	 54425.9765625
39808368.0	 289.0268859863281	 455.2828674316406	 53587.15234375
39808456.0	 288.1558532714844	 456.59088134765625	 56685.109375
39808548.0	 288.3437194824219	 457.4126892089844	 53442.0390625
39808636.0	 287.36309814453125	 446.5633544921875	 54514.91796875
39808724.0	 288.0352783203125	 458.10552978515625	 56615.44140625
39808816.0	 287.39959716796875	 454.5521545410156	 54502.8828125
39808904.0	 286.69384765625	 460.9000244140625	 56650.38671875
39808992.0	 287.5564270019531	 455.59759521484375	 55459.61328125
39809080.0	 287.2649230957031	 453.9013671875	 55803.59375
39809168.0	 286.3291931152344	 456.0190124511719	 56891.51953125
39809260.0	 287.1459045410156	 453.6662902832031	 54245.23828125
39809348.0	 287.1905822753906	 451.8169860839844	 55001.91015625
39809440.0	 286.48291015625	 450.99688720703125	 55694.703125
39809528.0	 286.80767822265625	 458.62432861328125	 57302.9296875
39809616.0	 287.9087219238281	 450.3323059082031	 53782.125
39809704.0	 287.73883056640625	 448.9463195800781	 55218.6015625
39809792.0	 288.381591796875	 449.4574890136719	 55093.1875
39809880.0	 288.27520751953125	 443.51171875	 51067.26171875
39810060.0	 288.5556945800781	 448.2732238769531	 52271.6328125
39810148.0	 288.75836181640625	 453.0946960449219	 54600.89453125
39810236.0	 289.06451416015625	 453.0120849609375	 55060.00390625
39810328.0	 289.0647888183594	 454.1236267089844	 56553.02734375
39810416.0	 290.0191955566406	 446.74005126953125	 52989.4921875
39810504.0	 288.83575439453125	 457.7314147949219	 60294.078125
39810592.0	 289.2105712890625	 452.6352233886719	 54665.40234375
39810680.0	 289.58551025390625	 444.3139953613281	 54665.22265625
39810772.0	 289.8438415527344	 447.12615966796875	 53855.96484375
39810860.0	 289.6026611328125	 454.17840576171875	 55231.44140625
39810948.0	 289.967529296875	 448.7738037109375	 54645.69921875
39811036.0	 289.89544677734375	 456.8103942871094	 57101.4296875
39811124.0	 291.0343322753906	 446.645751953125	 53025.9609375
39811220.0	 290.1899719238281	 451.4089660644531	 53465.859375
39811308.0	 290.0469055175781	 454.2600402832031	 55967.38671875
39811396.0	 290.7146301269531	 438.9988098144531	 52685.42578125
39811488.0	 290.36444091796875	 451.94256591796875	 53793.2265625
39811576.0	 289.7890930175781	 450.7762451171875	 55374.67578125
39811664.0	 289.0668640136719	 453.4454345703125	 54767.9140625
39811752.0	 290.0191650390625	 450.1104736328125	 54175.0390625
39811844.0	 290.2099304199219	 446.169189453125	 52576.765625
39811932.0	 288.98870849609375	 450.9450988769531	 54873.1015625
39812020.0	 288.98712158203125	 450.21002197265625	 53642.77734375
39812108.0	 288.8251953125	 450.87811279296875	 57252.78515625
39812196.0	 288.8431396484375	 440.1018371582031	 53328.2265625
39812288.0	 289.42529296875	 444.1951904296875	 53855.87109375
39812376.0	 288.5638122558594	 451.273193359375	 56793.5078125
39812464.0	 288.970458984375	 449.13336181640625	 55392.45703125
39812552.0	 289.707275390625	 437.8242492675781	 53517.84765625
39812640.0	 288.4292907714844	 455.931640625	 58401.625
39812732.0	 289.06268310546875	 449.5978088378906	 56421.44140625
39812820.0	 289.7467346191406	 441.3160095214844	 53596.6953125
39813000.0	 289.94732666015625	 445.6368408203125	 52054.828125
39813088.0	 289.5574645996094	 453.3291015625	 57427.58984375
39813176.0	 290.3205261230469	 452.3508605957031	 55912.7890625
39813264.0	 289.8948059082031	 454.3747863769531	 57319.296875
39813352.0	 290.6075134277344	 454.2890625	 56435.33984375
39813440.0	 289.6011962890625	 452.9650573730469	 55924.74609375
39813532.0	 289.88079833984375	 450.2369079589844	 55935.07421875
39813620.0	 289.7441711425781	 453.47802734375	 56930.359375
39813708.0	 289.5884704589844	 450.9029541015625	 55362.26953125
39813800.0	 289.480712890625	 458.1001892089844	 56908.09375
39813888.0	 289.6502990722656	 451.55084228515625	 57350.5625
39813976.0	 289.81842041015625	 450.99359130859375	 55170.59765625
39814064.0	 289.18365478515625	 452.1703796386719	 56200.2109375
39814152.0	 289.8685302734375	 446.83831787109375	 52797.9921875
39814244.0	 288.7231140136719	 451.5823059082031	 55214.63671875
39814332.0	 288.83758544921875	 455.89617919921875	 56295.09375
39814420.0	 288.934326171875	 454.1399230957031	 57678.02734375
39814512.0	 289.0530090332031	 455.4031066894531	 57445.70703125
39814600.0	 289.53350830078125	 452.4275207519531	 54072.8984375
39814688.0	 289.9234619140625	 448.46124267578125	 54190.12890625
39814776.0	 288.9598083496094	 454.689453125	 59109.3984375
39814868.0	 290.13470458984375	 449.36407470703125	 55756.79296875
39814960.0	 288.63372802734375	 454.45159912109375	 58888.00390625
39815048.0	 287.9808349609375	 451.2789306640625	 55136.10546875
39815136.0	 287.4082946777344	 453.0325012207031	 56475.8359375
39815224.0	 287.9697570800781	 450.8905944824219	 56589.171875
39815312.0	 290.7093811035156	 446.14141845703125	 54825.40234375
39815404.0	 286.3492431640625	 454.1843566894531	 58349.828125
39815492.0	 287.28558349609375	 457.61724853515625	 58082.80078125
39815580.0	 288.0613708496094	 453.82379150390625	 57772.7265625
39815672.0	 287.621337890625	 451.0117492675781	 55388.3125
39815756.0	 286.5989990234375	 463.6052551269531	 58909.4296875
39815936.0	 288.0122375488281	 447.8720397949219	 49918.3046875
39816024.0	 288.0755920410156	 453.2184753417969	 55474.15625
39816116.0	 287.9026184082031	 460.99786376953125	 56191.07421875
39816204.0	 287.81396484375	 463.25250244140625	 57700.140625
39816292.0	 287.8355407714844	 451.0696105957031	 54538.69921875
39816380.0	 287.76776123046875	 455.3855285644531	 54673.79296875
39816472.0	 287.37957763671875	 456.1117248535156	 56267.28125
39816560.0	 287.43896484375	 455.3034973144531	 53750.34375
39816648.0	 286.96832275390625	 460.03265380859375	 56233.890625
39816736.0	 287.5325622558594	 458.21099853515625	 55355.68359375
39816828.0	 287.8414611816406	 456.3258361816406	 55565.2734375
39816916.0	 287.57232666015625	 454.5310974121094	 57268.7109375
39817004.0	 286.2858581542969	 459.9914855957031	 55729.1875
39817092.0	 286.3570556640625	 454.2417907714844	 53884.81640625
39817184.0	 286.8993225097656	 451.2582702636719	 56794.01953125
39817268.0	 285.9174499511719	 460.14215087890625	 56556.73046875
39817360.0	 286.3345947265625	 459.3841552734375	 55808.2734375
39817452.0	 285.2205810546875	 453.1881103515625	 55049.86328125
39817536.0	 285.8784484863281	 459.3693542480469	 57853.0625
39817628.0	 285.403076171875	 458.8093566894531	 57931.5078125
39817716.0	 285.20928955078125	 461.00732421875	 57542.15625
39817804.0	 286.00628662109375	 456.5654296875	 57547.41015625
39817892.0	 286.0620422363281	 469.6201171875	 60997.68359375
39817980.0	 287.664794921875	 458.2523498535156	 56792.125
39818072.0	 286.90509033203125	 457.3230285644531	 58402.40234375
39818160.0	 286.3368835449219	 456.5784912109375	 56081.9765625
39818252.0	 285.1109313964844	 464.9187316894531	 60048.47265625
39818340.0	 285.9617614746094	 458.06011962890625	 54978.05078125
39818428.0	 286.35028076171875	 457.2537841796875	 55545.6171875
39818516.0	 287.20166015625	 454.3752746582031	 57278.6171875
39818604.0	 287.14044189453125	 454.55560302734375	 57639.3046875
39818696.0	 287.7889709472656	 452.6067810058594	 56074.796875
39818872.0	 287.7082214355469	 452.3066101074219	 52471.265625
39818960.0	 287.8088073730469	 453.04058837890625	 55961.53125
39819048.0	 289.6284484863281	 461.777587890625	 59670.71875
39819140.0	 289.6643371582031	 451.81396484375	 55830.359375
39819232.0	 289.2242431640625	 453.725830078125	 56426.8203125
39819320.0	 290.5587158203125	 459.6304931640625	 54316.34765625
39819412.0	 290.7432861328125	 454.04071044921875	 54560.6640625
39819500.0	 289.06072998046875	 462.3954162597656	 56321.8671875
39819588.0	 289.2088928222656	 451.32623291015625	 56315.46875
39819676.0	 288.9317321777344	 456.25457763671875	 58378.94921875
39819764.0	 290.12408447265625	 449.3242492675781	 55644.47265625
39819852.0	 289.8795166015625	 449.4017639160156	 57021.51171875
39819944.0	 290.9259338378906	 454.5106506347656	 59080.3984375
39820032.0	 291.066162109375	 449.4079284667969	 54656.50390625
39820120.0	 290.809326171875	 451.9356384277344	 55706.515625
39820208.0	 290.68798828125	 446.594970703125	 56160.9921875
39820300.0	 291.25164794921875	 443.8841857910156	 55428.234375
39820384.0	 291.73077392578125	 447.81488037109375	 57188.77734375
39820476.0	 291.6391906738281	 454.5377502441406	 56869.06640625
39820568.0	 291.60662841796875	 452.460693359375	 54967.66015625
39820656.0	 291.3868103027344	 443.9421081542969	 53586.875
39820744.0	 290.7218017578125	 455.2690124511719	 55487.03125
39820832.0	 291.9870300292969	 451.80194091796875	 57383.3515625
39820920.0	 292.30548095703125	 444.7721252441406	 55100.7109375
39821012.0	 292.1885070800781	 456.5423889160156	 55782.890625
39821100.0	 291.3284912109375	 459.0162353515625	 58074.80859375
39821188.0	 292.6971435546875	 453.01116943359375	 55031.48046875
39821276.0	 290.86993408203125	 456.20416259765625	 55394.8671875
39821368.0	 291.6181640625	 454.37152099609375	 54898.1015625
39821456.0	 291.5159606933594	 456.4417724609375	 55189.4453125
39821544.0	 292.22686767578125	 456.1087646484375	 54350.41015625
39821632.0	 292.11358642578125	 452.9186096191406	 54708.00390625
39821812.0	 292.63616943359375	 442.6968688964844	 51910.45703125
39821900.0	 292.1841125488281	 448.72296142578125	 53353.7109375
39821988.0	 292.661865234375	 446.6713562011719	 55479.07421875
39822076.0	 291.9736328125	 456.3161926269531	 56748.0390625
39822164.0	 293.2173767089844	 453.1170959472656	 55999.78515625
39822256.0	 293.0354309082031	 456.4789123535156	 57668.26953125
39822344.0	 292.6586608886719	 446.8460388183594	 54648.28125
39822432.0	 292.7626953125	 455.4016418457031	 56478.11328125
39822524.0	 292.95916748046875	 447.8646545410156	 54384.34375
39822612.0	 292.4166564941406	 454.0497741699219	 56163.89453125
39822700.0	 292.3945007324219	 455.9127502441406	 57548.29296875
39822792.0	 291.1268615722656	 453.9268798828125	 57573.671875
39822880.0	 290.3773498535156	 453.7273254394531	 56798.41015625
39822968.0	 290.0917053222656	 466.1220397949219	 56874.78125
39823056.0	 290.5398864746094	 458.873779296875	 55628.12109375
39823148.0	 290.11181640625	 456.9732666015625	 56657.69921875
39823236.0	 289.6910095214844	 455.9798583984375	 56002.7265625
39823324.0	 289.4238586425781	 459.2881164550781	 57465.8125
39823412.0	 289.3184509277344	 462.39849853515625	 55778.10546875
39823500.0	 290.2036437988281	 459.64990234375	 58063.27734375
39823592.0	 291.5996398925781	 457.5747985839844	 56277.96875
39823680.0	 292.2406005859375	 448.4103698730469	 53318.5703125
39823768.0	 291.9947204589844	 447.3050537109375	 54203.25390625
39823856.0	 292.0984191894531	 449.8994445800781	 56918.1796875
39823944.0	 290.16632080078125	 456.8447265625	 56831.453125
39824036.0	 289.94708251953125	 452.4797058105469	 57654.1171875
39824124.0	 291.1084289550781	 450.8387756347656	 54782.05859375
39824212.0	 290.7674255371094	 455.9575500488281	 55779.046875
39824304.0	 290.7923583984375	 446.9625244140625	 54316.84375
39824396.0	 290.2519836425781	 447.8587951660156	 55553.515625
39824484.0	 290.50970458984375	 443.04840087890625	 54123.48046875
39824572.0	 290.37042236328125	 442.0560607910156	 56132.38671875
39824748.0	 291.2254333496094	 440.7993469238281	 53393.484375
39824840.0	 290.7924499511719	 439.70068359375	 54776.01171875
39824928.0	 290.9161071777344	 440.0109558105469	 53248.1171875
39825020.0	 291.0899963378906	 443.17022705078125	 54854.15234375
39825108.0	 290.2764892578125	 444.2259216308594	 55285.76953125
39825196.0	 290.25665283203125	 443.46649169921875	 55099.56640625
39825284.0	 290.20892333984375	 447.2070007324219	 54853.87890625
39825372.0	 289.8488464355469	 447.2752685546875	 56725.1796875
39825464.0	 290.24591064453125	 444.2312316894531	 56052.24609375
39825552.0	 289.8631286621094	 441.5943908691406	 54141.13671875
39825640.0	 289.75250244140625	 439.00762939453125	 54806.84765625
39825728.0	 289.82769775390625	 444.2570495605469	 54251.078125
39825816.0	 289.937255859375	 439.8594055175781	 54984.33203125
39825908.0	 289.2987060546875	 447.6570129394531	 56924.6328125
39825996.0	 290.0013122558594	 443.02880859375	 54531.92578125
39826084.0	 289.5685119628906	 440.53875732421875	 55962.1875
39826176.0	 288.2316589355469	 444.8332214355469	 54722.5390625
39826264.0	 286.78314208984375	 451.4572448730469	 57591.69140625
39826352.0	 286.21282958984375	 446.31488037109375	 56487.9921875
39826440.0	 286.3247375488281	 448.47479248046875	 56908.6171875
39826528.0	 286.936279296875	 448.2536315917969	 56119.3125
39826620.0	 284.9672546386719	 453.4111022949219	 57835.66796875
39826708.0	 286.58837890625	 454.8943176269531	 57371.88671875
39826796.0	 284.82501220703125	 456.8026428222656	 57214.49609375
39826884.0	 291.01373291015625	 466.1031799316406	 58433.6328125
39826972.0	 290.0505676269531	 455.9245300292969	 58703.16015625
39827064.0	 290.99444580078125	 449.2818298339844	 56001.23828125
39827152.0	 290.9083251953125	 453.1191711425781	 55070.9609375
39827244.0	 292.0597229003906	 449.7277526855469	 54683.30859375
39827332.0	 290.39422607421875	 448.6456298828125	 54673.65625
39827420.0	 289.97576904296875	 446.9176940917969	 53124.8515625
39827508.0	 290.5085754394531	 450.458740234375	 55350.66796875
39827684.0	 290.7685241699219	 439.61273193359375	 50772.57421875
39827776.0	 287.76641845703125	 458.4215393066406	 56490.8203125
39827864.0	 287.8214416503906	 459.8828430175781	 56585.1875
39827952.0	 287.9649353027344	 454.1773376464844	 55562.9375
39828040.0	 288.82537841796875	 450.60986328125	 55434.59375
39828132.0	 290.3139343261719	 462.9552917480469	 55314.15234375
39828220.0	 290.5642395019531	 449.47772216796875	 54388.55078125
39828308.0	 290.1075439453125	 451.08935546875	 55738.70703125
39828400.0	 289.1158142089844	 455.64434814453125	 56150.84765625
39828488.0	 287.96270751953125	 455.4959716796875	 56281.62109375
39828576.0	 287.4154968261719	 444.8193359375	 54064.8984375
39828664.0	 287.1980895996094	 451.4220275878906	 53613.6015625
39828752.0	 287.3887634277344	 458.205810546875	 57587.5
39828840.0	 287.86602783203125	 454.7141418457031	 57096.453125
39828932.0	 287.8174743652344	 461.16796875	 58122.38671875
39829020.0	 287.3703308105469	 459.9175720214844	 55081.11328125
39829108.0	 287.9451599121094	 457.37335205078125	 56546.4921875
39829196.0	 288.418212890625	 452.6965637207031	 55576.3125
39829288.0	 288.0777893066406	 459.59173583984375	 55859.45703125
39829376.0	 288.6407470703125	 454.7850646972656	 55155.5234375
39829468.0	 288.17510986328125	 454.9382629394531	 55482.7109375
39829556.0	 289.1390686035156	 455.3327941894531	 54555.1796875
39829644.0	 287.9634094238281	 449.430908203125	 53749.39453125
39829732.0	 286.71160888671875	 452.88262939453125	 56443.953125
39829820.0	 286.84466552734375	 454.58770751953125	 57422.97265625
39829912.0	 287.68743896484375	 448.25787353515625	 55822.87109375
39830000.0	 286.9173278808594	 451.45660400390625	 56132.52734375
39830088.0	 287.22607421875	 449.3059387207031	 58327.5546875
39830176.0	 286.7909851074219	 461.3761291503906	 58334.3984375
39830268.0	 287.7245178222656	 450.6133117675781	 57580.15625
39830356.0	 287.2903747558594	 459.1631164550781	 56502.43359375
39830444.0	 286.3228454589844	 453.4673767089844	 55449.17578125
39830624.0	 288.0611572265625	 454.8898620605469	 52957.859375
39830712.0	 287.5014953613281	 449.9661865234375	 55474.52734375
39830800.0	 287.0612487792969	 454.5455322265625	 55547.546875
39830888.0	 287.2539978027344	 457.93218994140625	 56208.19921875
39830976.0	 286.7499084472656	 459.36602783203125	 56988.48046875
39831068.0	 286.17877197265625	 464.46661376953125	 56666.60546875
39831160.0	 286.46875	 457.82427978515625	 56118.59765625
39831248.0	 285.7444763183594	 461.712158203125	 59044.828125
39831336.0	 287.083251953125	 460.7764892578125	 57143.60546875
39831428.0	 287.45806884765625	 458.8393249511719	 54317.62109375
39831516.0	 287.98699951171875	 454.7769775390625	 53895.26953125
39831604.0	 288.38458251953125	 462.94287109375	 56753.75
39831696.0	 288.12841796875	 464.7574768066406	 57332.0859375
39831784.0	 287.24200439453125	 458.6036682128906	 57328.64453125
39831872.0	 286.84228515625	 458.66180419921875	 58615.5546875
39831960.0	 287.3171691894531	 455.38726806640625	 55044.42578125
39832048.0	 286.33929443359375	 463.6340026855469	 59252.88671875
39832140.0	 286.43115234375	 456.5735778808594	 58343.0625
39832228.0	 287.1858825683594	 460.9876403808594	 57092.046875
39832316.0	 286.4032897949219	 464.80047607421875	 58902.08984375
39832404.0	 287.9431457519531	 457.9014587402344	 56948.9765625
39832496.0	 287.2754211425781	 448.59967041015625	 55173.03125
39832584.0	 286.9342956542969	 459.2681884765625	 57356.4921875
39832672.0	 286.61334228515625	 460.4097595214844	 58366.70703125
39832760.0	 287.8606872558594	 459.0094299316406	 54732.75390625
39832852.0	 287.2799987792969	 448.31683349609375	 55447.9921875
39832940.0	 287.3785095214844	 455.5147705078125	 55952.5078125
39833028.0	 287.67462158203125	 450.5224609375	 53878.73828125
39833116.0	 288.6825256347656	 444.74713134765625	 54229.70703125
39833204.0	 289.28765869140625	 448.9071044921875	 54792.671875
39833296.0	 288.0005187988281	 448.2127685546875	 56054.14453125
39833384.0	 287.8041687011719	 451.80767822265625	 56829.265625
39833560.0	 287.0012512207031	 445.3571472167969	 50553.03515625
39833652.0	 286.4126281738281	 456.6122131347656	 56252.109375
39833740.0	 289.515625	 461.9042053222656	 57211.3046875
39833828.0	 288.9404296875	 453.7377014160156	 56803.75390625
39833920.0	 287.96990966796875	 443.88616943359375	 54782.01953125
39834008.0	 288.26220703125	 455.5922546386719	 57007.21875
39834096.0	 288.4080505371094	 455.93865966796875	 57214.109375
39834188.0	 289.090576171875	 453.3829040527344	 55861.75
39834272.0	 288.7060546875	 454.4005432128906	 55613.625
39834364.0	 288.5310974121094	 463.107421875	 58006.62109375
39834452.0	 289.7192687988281	 457.9925231933594	 55654.9140625
39834540.0	 288.00689697265625	 460.80828857421875	 57405.1796875
39834632.0	 289.57220458984375	 461.1608581542969	 57665.64453125
39834720.0	 293.0909729003906	 445.88311767578125	 56952.58984375
39834808.0	 289.2388000488281	 446.9056091308594	 57830.8203125
39834896.0	 289.58184814453125	 459.3365478515625	 57975.59375
39834984.0	 287.8099365234375	 461.9389343261719	 58075.27734375
39835076.0	 286.7138671875	 470.1230163574219	 60583.421875
39835164.0	 287.9806213378906	 471.90057373046875	 58328.44140625
39835252.0	 285.11138916015625	 473.2464904785156	 58529.75
39835340.0	 290.6650085449219	 450.04290771484375	 54100.20703125
39835428.0	 289.4024658203125	 454.9710998535156	 55141.12109375
39835520.0	 289.70965576171875	 455.87127685546875	 53503.0625
39835608.0	 287.4158630371094	 456.6976013183594	 55188.86328125
39835696.0	 288.1306457519531	 458.6513671875	 54567.64453125
39835788.0	 287.1543273925781	 456.8149108886719	 54431.84375
39835876.0	 282.8310241699219	 469.6930847167969	 58808.26171875
39835964.0	 284.8533630371094	 464.63128662109375	 59044.875
39836052.0	 284.60150146484375	 462.4416198730469	 58231.8515625
39836144.0	 283.814208984375	 467.90826416015625	 60101.55859375
39836232.0	 286.8791198730469	 462.81829833984375	 55025.72265625
39836320.0	 285.6147766113281	 465.23297119140625	 58232.42578125
39836496.0	 285.6036682128906	 466.28814697265625	 56970.65625
39836588.0	 285.626220703125	 467.2266845703125	 60944.1015625
39836676.0	 285.5576477050781	 463.8576354980469	 58722.30078125
39836764.0	 285.1068115234375	 464.7248229980469	 59034.06640625
39836856.0	 284.9231872558594	 467.9082336425781	 59671.03125
39836944.0	 285.310791015625	 464.3551330566406	 59940.5078125
39837032.0	 285.3822937011719	 463.0390625	 60860.7265625
39837120.0	 285.89593505859375	 458.8929138183594	 59039.515625
39837212.0	 285.7769470214844	 465.86279296875	 58637.65625
39837300.0	 285.55548095703125	 464.6338195800781	 58754.33984375
39837388.0	 284.9591064453125	 461.3280029296875	 57259.3125
39837476.0	 284.7990417480469	 468.2449035644531	 58485.140625
39837564.0	 284.80145263671875	 471.8758850097656	 61117.6640625
39837652.0	 285.5494689941406	 451.1448669433594	 57094.30078125
39837744.0	 284.81549072265625	 448.9784240722656	 57916.26953125
39837832.0	 283.7458190917969	 455.3282775878906	 55861.1953125
39837920.0	 283.3063049316406	 467.40167236328125	 58687.25
39838012.0	 283.37200927734375	 459.3959045410156	 57057.1875
39838096.0	 283.4626770019531	 468.95904541015625	 58072.5546875
39838188.0	 283.33599853515625	 459.1584167480469	 56990.65234375
39838280.0	 287.8847961425781	 462.1743469238281	 56908.6875
39838368.0	 288.3646545410156	 455.9951171875	 55405.19921875
39838456.0	 288.47760009765625	 456.89398193359375	 55394.95703125
39838544.0	 288.7220764160156	 455.9935302734375	 54494.91015625
39838632.0	 286.2520446777344	 452.2588806152344	 54803.51171875
39838724.0	 284.49444580078125	 464.27764892578125	 58310.26171875
39838812.0	 283.7266540527344	 456.5150451660156	 56940.02734375
39838900.0	 284.1537170410156	 464.6325378417969	 60083.08203125
39838992.0	 283.30670166015625	 456.6133117675781	 57943.37890625
39839080.0	 283.3816223144531	 463.04217529296875	 58896.57421875
39839168.0	 283.47186279296875	 460.41473388671875	 57587.48828125
39839256.0	 283.6210632324219	 460.5098876953125	 57855.703125
39839436.0	 282.9598083496094	 456.20172119140625	 56173.125
39839524.0	 283.68170166015625	 462.1103820800781	 59258.53515625
39839612.0	 284.23394775390625	 464.68377685546875	 58349.3671875
39839700.0	 284.4239196777344	 463.3182067871094	 58234.65625
39839792.0	 283.05029296875	 467.5970458984375	 61681.4609375
39839880.0	 283.1697692871094	 461.2400817871094	 58835.671875
39839968.0	 281.5903625488281	 462.6456604003906	 59887.5078125
39840056.0	 282.2749938964844	 457.6712646484375	 58018.875
39840148.0	 281.8846740722656	 458.9465637207031	 58921.234375
39840232.0	 282.1102294921875	 459.51617431640625	 59285.90625
39840324.0	 282.2100524902344	 453.9944763183594	 57710.640625
39840412.0	 281.1069030761719	 461.98797607421875	 61520.796875
39840500.0	 281.2717590332031	 458.0350646972656	 59345.92578125
39840592.0	 283.03778076171875	 462.4410095214844	 59601.86328125
39840680.0	 284.2953796386719	 461.1324462890625	 58321.34765625
39840768.0	 284.6087951660156	 463.2874755859375	 57572.59765625
39840860.0	 284.8865661621094	 455.7083435058594	 56607.7265625
39840948.0	 284.351318359375	 458.4801940917969	 57632.3828125
39841036.0	 285.15045166015625	 461.7514343261719	 58899.96875
39841124.0	 283.89117431640625	 454.3052978515625	 56787.17578125
39841216.0	 284.0196533203125	 458.2814025878906	 56384.53125
39841304.0	 284.6112976074219	 458.8465881347656	 57983.796875
39841392.0	 283.1588439941406	 460.604248046875	 58796.61328125
39841480.0	 285.9120788574219	 466.76092529296875	 58907.1171875
39841568.0	 286.2576599121094	 461.7861022949219	 57144.1171875
39841660.0	 286.51824951171875	 462.289794921875	 56496.671875
39841748.0	 286.2396240234375	 460.8205261230469	 56497.03125
39841836.0	 286.34173583984375	 468.0825500488281	 57593.46484375
39841928.0	 286.1145935058594	 466.48809814453125	 58888.16796875
39842016.0	 286.3431701660156	 463.7435302734375	 57080.6640625
39842104.0	 287.50885009765625	 462.5103759765625	 55366.8046875
39842192.0	 287.3443298339844	 460.8576354980469	 56840.28515625
39842368.0	 287.93292236328125	 456.2560729980469	 51696.42578125
39842460.0	 287.6562805175781	 463.7259521484375	 57629.8671875
39842548.0	 287.0552978515625	 463.0310974121094	 57118.359375
39842636.0	 286.6844787597656	 463.6983337402344	 55444.8125
39842724.0	 285.0018615722656	 467.0780944824219	 56988.12890625
39842816.0	 284.65289306640625	 466.5899963378906	 56111.6796875
39842908.0	 284.2760925292969	 469.1385803222656	 57881.31640625
39842996.0	 285.068115234375	 464.7939147949219	 57925.69921875
39843084.0	 284.3111572265625	 471.0857238769531	 58464.15234375
39843172.0	 285.4540710449219	 463.321533203125	 56864.54296875
39843260.0	 285.4603576660156	 464.2451477050781	 56190.73828125
39843348.0	 284.3976135253906	 474.1513366699219	 57588.5859375
39843440.0	 283.9851379394531	 466.09210205078125	 58226.66015625
39843528.0	 284.04595947265625	 468.5193786621094	 58738.36328125
39843616.0	 284.0284118652344	 462.682861328125	 56594.0703125
39843704.0	 284.2956848144531	 463.6890563964844	 57601.3359375
39843796.0	 285.3464660644531	 462.22808837890625	 56350.83984375
39843884.0	 284.462646484375	 465.9930419921875	 57658.69140625
39843972.0	 283.9869384765625	 458.7822265625	 55893.64453125
39844064.0	 283.9067077636719	 463.6937561035156	 56951.6953125
39844148.0	 283.8326721191406	 471.96893310546875	 59880.34375
39844240.0	 284.829345703125	 462.7770690917969	 56662.75
39844328.0	 284.2955627441406	 465.31060791015625	 58439.60546875
39844416.0	 284.39276123046875	 461.6922302246094	 56224.87890625
39844508.0	 284.0544128417969	 464.14947509765625	 57483.95703125
39844596.0	 284.41143798828125	 466.5976257324219	 58133.97265625
39844684.0	 284.77178955078125	 459.4144287109375	 56272.0625
39844772.0	 284.20391845703125	 462.0333251953125	 57221.2421875
39844860.0	 283.9096374511719	 467.67669677734375	 59446.08203125
39844952.0	 284.32769775390625	 463.89605712890625	 55602.4921875
39845044.0	 283.8508605957031	 470.514404296875	 60187.24609375
39845132.0	 284.04681396484375	 467.49676513671875	 56101.234375
39845308.0	 283.4476318359375	 456.9622802734375	 54831.78515625
39845396.0	 283.24932861328125	 469.88311767578125	 58650.671875
39845488.0	 283.6578369140625	 465.5470275878906	 58555.1484375
39845576.0	 283.9877624511719	 465.9737854003906	 57651.890625
39845664.0	 283.5896911621094	 463.8096923828125	 58000.83203125
39845752.0	 283.1137390136719	 463.7137451171875	 57559.56640625
39845840.0	 283.1569519042969	 461.5262756347656	 57139.91015625
39845932.0	 282.9037170410156	 461.576171875	 56859.5703125
39846020.0	 283.2558288574219	 463.02197265625	 56915.10546875
39846108.0	 282.3782653808594	 460.9169921875	 56354.34765625
39846196.0	 282.6380310058594	 459.1553039550781	 56551.37890625
39846284.0	 282.3575439453125	 466.755126953125	 57890.109375
39846376.0	 283.6847229003906	 459.651123046875	 55692.12890625
39846464.0	 283.1792907714844	 465.4851379394531	 56855.8671875
39846552.0	 283.76318359375	 464.8858947753906	 57419.8671875
39846644.0	 284.7921447753906	 463.3164978027344	 55297.78125
39846732.0	 284.7078552246094	 459.81195068359375	 55869.09765625
39846820.0	 285.443603515625	 462.04345703125	 55013.55078125
39846912.0	 285.7464294433594	 460.0611877441406	 56462.16015625
39846996.0	 285.67431640625	 460.00714111328125	 57164.19921875
39847088.0	 285.4189758300781	 466.5923156738281	 60489.96875
39847176.0	 285.5577392578125	 459.0894775390625	 55009.96484375
39847264.0	 286.4196472167969	 453.2746887207031	 54138.265625
39847356.0	 285.9951171875	 456.881103515625	 55441.76953125
39847444.0	 286.47235107421875	 456.9668884277344	 53934.7578125
39847532.0	 286.8226623535156	 450.7303466796875	 53862.00390625
39847624.0	 287.00384521484375	 455.958984375	 53946.9296875
39847712.0	 286.369384765625	 460.4466552734375	 57893.99609375
39847800.0	 286.4519348144531	 456.0348815917969	 54820.046875
39847888.0	 286.68963623046875	 459.6850280761719	 56134.8984375
39847980.0	 286.85052490234375	 449.4728698730469	 53305.03515625
39848068.0	 286.6575012207031	 451.0374450683594	 54689.7734375
39848244.0	 286.9198913574219	 443.4875183105469	 50838.5703125
39848332.0	 285.6700439453125	 445.6170654296875	 51808.7421875
39848424.0	 284.5606689453125	 457.0921936035156	 56301.7421875
39848512.0	 285.3671569824219	 452.9489440917969	 54808.62109375
39848600.0	 284.787841796875	 456.84088134765625	 56565.85546875
39848688.0	 284.5479431152344	 450.4847106933594	 54398.34765625
39848780.0	 284.3290710449219	 456.6220397949219	 54847.31640625
39848868.0	 283.71697998046875	 441.65338134765625	 52297.21484375
39848956.0	 283.3780517578125	 447.9486083984375	 52625.85546875
39849044.0	 283.81658935546875	 453.2980651855469	 54471.421875
39849132.0	 283.60223388671875	 449.1401062011719	 52113.58203125
39849224.0	 283.83331298828125	 445.48291015625	 52471.3359375
39849312.0	 285.5567321777344	 452.43017578125	 53089.21484375
39849400.0	 285.1288146972656	 460.2712707519531	 54945.2578125
39849492.0	 284.991455078125	 448.699951171875	 53190.0546875
39849580.0	 285.40447998046875	 448.6211853027344	 53381.3984375
39849668.0	 285.9774475097656	 447.52349853515625	 52878.03125
39849760.0	 286.8725891113281	 452.6990661621094	 55568.21875
39849848.0	 287.74072265625	 437.4281311035156	 53494.73046875
39849936.0	 287.5096435546875	 447.7857666015625	 55816.18359375
39850024.0	 288.04632568359375	 442.3362121582031	 54862.36328125
39850112.0	 288.6778869628906	 448.1363220214844	 55300.06640625
39850204.0	 286.67138671875	 464.2532958984375	 60269.0078125
39850292.0	 288.2242736816406	 426.2962341308594	 59802.12890625
39850380.0	 288.0801086425781	 433.54351806640625	 60793.83984375
39850472.0	 288.38653564453125	 435.2242126464844	 61504.87890625
39850560.0	 288.40655517578125	 429.89544677734375	 60088.99609375
39850648.0	 288.24786376953125	 430.123779296875	 58721.1796875
39850736.0	 285.9434814453125	 457.4442138671875	 60214.140625
39850824.0	 288.84649658203125	 427.8022155761719	 58253.1015625
39850916.0	 288.4673156738281	 432.5377197265625	 60808.234375
39851004.0	 286.72991943359375	 434.1476135253906	 61244.47265625
39851180.0	 286.742431640625	 443.56707763671875	 57442.1875
39851272.0	 287.0813903808594	 420.4929504394531	 57185.171875
39851360.0	 287.526123046875	 432.8720703125	 57348.5234375
39851448.0	 285.3745422363281	 437.6931457519531	 57508.421875
39851536.0	 285.04278564453125	 438.3550109863281	 60543.49609375
39851624.0	 289.14459228515625	 422.2012939453125	 55724.5703125
39851716.0	 287.79144287109375	 412.6224670410156	 54904.69921875
39851804.0	 285.7662048339844	 438.756103515625	 57379.8125
39851896.0	 287.1524963378906	 436.5525207519531	 57800.90234375
39851984.0	 289.1339111328125	 434.6397705078125	 58750.93359375
39852072.0	 289.5849914550781	 424.009033203125	 57513.61328125
39852160.0	 289.8081359863281	 421.2211608886719	 56370.87890625
39852252.0	 289.5185241699219	 424.0038757324219	 57323.5
39852340.0	 289.5987243652344	 429.352294921875	 57149.76171875
39852428.0	 289.7079772949219	 426.5257873535156	 57682.109375
39852516.0	 289.5376892089844	 428.75347900390625	 58593.0234375
39852604.0	 290.2330627441406	 432.988525390625	 57536.078125
39852696.0	 289.99176025390625	 425.9194641113281	 61169.421875
39852784.0	 290.804443359375	 426.83905029296875	 58087.0390625
39852872.0	 290.5346374511719	 421.4569396972656	 55482.390625
39852960.0	 290.24713134765625	 426.684814453125	 58227.09375
39853052.0	 290.7648620605469	 427.9810485839844	 55767.92578125
39853140.0	 290.1694641113281	 422.4259338378906	 56769.06640625
39853228.0	 290.2314147949219	 428.77349853515625	 60126.1015625
39853320.0	 289.3937072753906	 428.3797302246094	 55489.17578125
39853404.0	 288.2931213378906	 432.01727294921875	 57617.73046875
39853496.0	 288.9705505371094	 434.272705078125	 60377.12109375
39853584.0	 289.2852478027344	 433.2948913574219	 59105.296875
39853672.0	 289.1375427246094	 433.57183837890625	 57870.4375
39853764.0	 287.45794677734375	 442.3227233886719	 58545.83984375
39853852.0	 287.0841369628906	 452.43768310546875	 60946.875
39853940.0	 289.89019775390625	 426.9952087402344	 58622.8125
39854120.0	 289.2793884277344	 430.60101318359375	 56236.48828125
39854208.0	 287.4885559082031	 441.0667724609375	 61088.6328125
39854300.0	 287.53253173828125	 438.4223327636719	 64194.40234375
39854384.0	 288.0609130859375	 434.8197021484375	 58628.9296875
39854476.0	 287.6377258300781	 438.1410217285156	 60242.16015625
39854564.0	 287.9329833984375	 435.2571105957031	 60344.46484375
39854652.0	 287.7097473144531	 436.06097412109375	 60939.3359375
39854744.0	 287.7899475097656	 437.2588195800781	 59479.078125
39854832.0	 286.5666198730469	 440.3447570800781	 60333.6484375
39854920.0	 285.4624938964844	 444.5700378417969	 60562.44140625
39855012.0	 284.41998291015625	 453.61627197265625	 59697.2421875
39855096.0	 284.3652038574219	 453.1433410644531	 58706.16015625
39855188.0	 284.66070556640625	 448.78753662109375	 58992.7734375
39855276.0	 285.6046447753906	 463.03558349609375	 58524.84765625
39855364.0	 286.2416076660156	 449.8258361816406	 59021.17578125
39855456.0	 285.9048156738281	 446.7869873046875	 57776.5625
39855544.0	 287.6041259765625	 443.798095703125	 55748.578125
39855632.0	 285.1440124511719	 440.0625305175781	 55913.96875
39855720.0	 284.0145568847656	 442.0622863769531	 56035.48828125
39855808.0	 284.2821350097656	 449.1542663574219	 57025.8203125
39855896.0	 284.0887451171875	 448.5101623535156	 57048.484375
39855988.0	 283.49908447265625	 446.7178039550781	 57022.83984375
39856076.0	 282.7657165527344	 449.2232360839844	 58981.44140625
39856168.0	 282.356201171875	 448.018310546875	 57317.36328125
39856256.0	 282.247314453125	 455.9497985839844	 58910.96484375
39856344.0	 282.8494873046875	 453.12811279296875	 59146.63671875
39856436.0	 283.3298645019531	 451.26416015625	 59169.21484375
39856524.0	 284.38824462890625	 453.5584716796875	 59501.1953125
39856612.0	 285.970947265625	 446.62115478515625	 57943.52734375
39856700.0	 285.6038818359375	 449.01165771484375	 58599.390625
39856788.0	 285.7265625	 452.0878601074219	 57747.90625
39856880.0	 286.3717956542969	 452.20013427734375	 59780.28515625
39857056.0	 286.98309326171875	 437.97412109375	 51994.4765625
39857144.0	 286.4454345703125	 453.11297607421875	 57534.671875
39857232.0	 286.9073181152344	 446.556884765625	 55092.6484375
39857324.0	 286.9962158203125	 449.3069763183594	 57303.37890625
39857412.0	 287.0164794921875	 445.4591369628906	 55719.9296875
39857500.0	 287.98980712890625	 447.251708984375	 55438.234375
39857588.0	 287.401123046875	 450.9132080078125	 56059.109375
39857676.0	 286.240234375	 447.62005615234375	 56577.5390625
39857768.0	 286.3000793457031	 454.8050842285156	 56725.42578125
39857856.0	 286.8797302246094	 445.3786315917969	 55089.73828125
39857944.0	 286.22186279296875	 456.4418029785156	 57878.73828125
39858036.0	 287.26104736328125	 449.5517883300781	 57910.203125
39858124.0	 287.4906311035156	 444.7582702636719	 56457.65234375
39858212.0	 286.836669921875	 443.5361328125	 56596.25
39858304.0	 287.0267333984375	 449.3853759765625	 57855.41015625
39858392.0	 287.0341796875	 450.60162353515625	 58671.65625
39858480.0	 284.2424621582031	 448.52117919921875	 56462.44921875
39858568.0	 285.8701171875	 452.8994140625	 60136.74609375
39858660.0	 284.9570007324219	 444.6298828125	 58410.1171875
39858748.0	 286.75	 447.5163879394531	 56995.6328125
39858836.0	 286.9653015136719	 450.1409912109375	 57247.15234375
39858924.0	 285.3421630859375	 451.5121765136719	 59390.84375
39859016.0	 284.09808349609375	 450.83856201171875	 56578.64453125
39859104.0	 282.4666748046875	 454.1437683105469	 57473.04296875
39859192.0	 283.4090576171875	 454.4355163574219	 58253.53125
39859280.0	 283.072509765625	 453.0422668457031	 56853.9921875
39859372.0	 283.5350036621094	 452.2153015136719	 58097.94140625
39859460.0	 284.2080078125	 451.6872863769531	 60854.74609375
39859548.0	 284.78399658203125	 442.2909240722656	 60592.546875
39859636.0	 284.1693420410156	 449.9017028808594	 59756.77734375
39859728.0	 284.28765869140625	 452.1088562011719	 59271.546875
39859816.0	 284.5661315917969	 450.9443664550781	 61877.91796875
39859996.0	 285.4915466308594	 429.69085693359375	 53718.03125
39860084.0	 285.6780700683594	 442.5938415527344	 57433.0234375
39860172.0	 285.6682434082031	 435.2773742675781	 55663.37109375
39860260.0	 285.7136535644531	 446.38507080078125	 59247.16796875
39860348.0	 285.14239501953125	 444.2302551269531	 58133.375
39860436.0	 287.2331848144531	 447.17572021484375	 59948.90234375
39860528.0	 286.97528076171875	 439.4431457519531	 57521.1640625
39860616.0	 287.16436767578125	 440.4928283691406	 59584.14453125
39860708.0	 286.0571594238281	 446.9369812011719	 62797.265625
39860796.0	 287.5166015625	 447.98406982421875	 57679.32421875
39860884.0	 289.1625061035156	 442.1639709472656	 55095.24609375
39860972.0	 287.8315124511719	 440.7293701171875	 56379.85546875
39861064.0	 286.709716796875	 445.2345275878906	 59646.66015625
39861152.0	 284.8416442871094	 442.99688720703125	 55424.35546875
39861240.0	 284.2618408203125	 459.5561218261719	 60426.15234375
39861328.0	 283.8608703613281	 449.69842529296875	 53136.05078125
39861420.0	 283.62225341796875	 452.7179260253906	 55707.84375
39861508.0	 282.65338134765625	 450.2738037109375	 54668.41015625
39861596.0	 283.51617431640625	 455.31610107421875	 56235.046875
39861680.0	 284.38519287109375	 449.9117126464844	 52951.6953125
39861768.0	 283.80120849609375	 449.0817565917969	 52617.3515625
39861860.0	 283.2935485839844	 446.5400695800781	 52639.3671875
39861948.0	 282.6292724609375	 447.92755126953125	 53007.1171875
39862036.0	 282.8790283203125	 447.60870361328125	 52654.29296875
39862124.0	 282.1221618652344	 459.6292724609375	 54865.44921875
39862216.0	 282.9859313964844	 451.42132568359375	 54014.41015625
39862304.0	 282.8081970214844	 457.4877014160156	 55061.21484375
39862392.0	 283.48699951171875	 448.6177978515625	 52705.58984375
39862480.0	 283.3146057128906	 448.6449279785156	 53123.9140625
39862568.0	 284.1419372558594	 456.6101379394531	 56354.37109375
39862660.0	 284.47998046875	 454.6600341796875	 53907.03515625
39862748.0	 283.0233154296875	 456.17333984375	 55108.41796875
39862928.0	 284.4771728515625	 446.48162841796875	 51060.5546875
39863016.0	 285.56512451171875	 454.3905029296875	 54206.015625
39863104.0	 284.5148010253906	 460.0035400390625	 57009.77734375
39863196.0	 284.0072326660156	 456.06036376953125	 54527.27734375
39863284.0	 285.1510314941406	 449.08099365234375	 53554.6484375
39863372.0	 283.5717468261719	 454.2726745605469	 55740.1796875
39863460.0	 283.3006896972656	 452.4100036621094	 53935.453125
39863552.0	 281.9946594238281	 454.2873229980469	 56346.21484375
