START:	 55.80000000000052
END:	 55.900000000000524

r [km]	 vr [km/s]	 np [cm-3]	 T [K]
38820132.0	 275.7894592285156	 500.9681091308594	 87162.9375
38820224.0	 277.6882629394531	 511.9026184082031	 90534.84375
38820312.0	 277.2827453613281	 509.07366943359375	 86541.6796875
38820400.0	 276.9217224121094	 514.4552612304688	 92434.8515625
38820492.0	 276.4861145019531	 491.3772277832031	 89598.0
38820580.0	 276.9441833496094	 510.4023742675781	 93353.640625
38820672.0	 276.6743469238281	 505.9573059082031	 91291.0859375
38820760.0	 276.5812072753906	 511.81988525390625	 92013.4453125
38820852.0	 276.6794738769531	 508.8244934082031	 92365.0703125
38820944.0	 276.45220947265625	 507.6001892089844	 88689.1875
38821036.0	 276.33349609375	 513.0805053710938	 93180.71875
38821124.0	 277.2200927734375	 511.42462158203125	 91567.421875
38821212.0	 276.2382507324219	 527.1127319335938	 98342.28125
38821304.0	 276.1920471191406	 503.00482177734375	 88921.390625
38821396.0	 275.3997802734375	 499.4061584472656	 87605.6953125
38821484.0	 275.7769470214844	 492.8470153808594	 82782.8828125
38821576.0	 275.3876953125	 494.1137390136719	 81908.5234375
38821664.0	 275.2860107421875	 497.8943176269531	 84890.1875
38821756.0	 273.6352844238281	 488.5075378417969	 83669.6328125
38821844.0	 273.1293640136719	 491.1855163574219	 84108.796875
38821932.0	 274.0859680175781	 492.5506896972656	 78125.3125
38822024.0	 274.87066650390625	 494.8089904785156	 80686.46875
38822116.0	 273.1305847167969	 480.37115478515625	 78062.359375
38822204.0	 272.8988037109375	 481.0884094238281	 76380.5234375
38822296.0	 273.9891662597656	 472.22857666015625	 74152.2578125
38822384.0	 273.8594665527344	 470.7304992675781	 72983.7109375
38822476.0	 272.9090576171875	 481.67230224609375	 80236.7890625
38822564.0	 273.189208984375	 475.9425354003906	 73125.234375
38822656.0	 273.6269226074219	 480.21832275390625	 78631.3984375
38822744.0	 272.66998291015625	 485.3109436035156	 77942.75
38822832.0	 273.3186950683594	 475.269287109375	 70927.3671875
38822924.0	 272.7557373046875	 486.6503601074219	 80320.2421875
38823104.0	 273.93792724609375	 472.2371520996094	 72267.375
38823192.0	 273.4949951171875	 481.41375732421875	 78744.7734375
38823284.0	 273.5022277832031	 476.1705627441406	 74259.84375
38823372.0	 273.5760192871094	 485.7641296386719	 76125.078125
38823464.0	 273.9958801269531	 474.00836181640625	 74117.7109375
38823552.0	 274.3285217285156	 476.5565490722656	 76406.765625
38823644.0	 275.6134338378906	 480.1465148925781	 79384.0625
38823736.0	 275.7700500488281	 481.4501037597656	 83377.6953125
38823828.0	 275.2139892578125	 480.1973571777344	 81439.796875
38823916.0	 274.5506286621094	 462.09686279296875	 73519.7734375
38824004.0	 271.88922119140625	 486.1435241699219	 76601.859375
38824096.0	 272.1347961425781	 484.2506103515625	 76822.46875
38824188.0	 272.4818115234375	 483.3337707519531	 76297.0234375
38824276.0	 273.6877746582031	 482.0286560058594	 77260.5625
38824364.0	 272.921875	 485.3800354003906	 75588.5078125
38824456.0	 272.6358642578125	 483.99383544921875	 76743.875
38824548.0	 273.07568359375	 470.3501281738281	 72295.15625
38824632.0	 273.0531311035156	 475.5563659667969	 76203.3984375
38824724.0	 272.3030700683594	 474.39727783203125	 74259.078125
38824816.0	 271.60394287109375	 483.6138000488281	 80228.671875
38824908.0	 270.9322509765625	 489.4987487792969	 81694.1484375
38824996.0	 272.2369079589844	 478.6147766113281	 77268.3125
38825088.0	 272.2075500488281	 482.51904296875	 78411.953125
38825176.0	 272.50323486328125	 477.40740966796875	 75219.875
38825264.0	 272.7652893066406	 474.5208435058594	 76335.2109375
38825356.0	 272.9207763671875	 486.07122802734375	 80091.1796875
38825448.0	 273.6250915527344	 477.4638671875	 74798.515625
38825536.0	 273.2714538574219	 476.4822692871094	 76896.359375
38825624.0	 273.06268310546875	 475.194091796875	 76001.0390625
38825716.0	 272.50445556640625	 479.5565185546875	 78395.6015625
38825804.0	 271.9923400878906	 486.79876708984375	 78007.1328125
38825896.0	 272.7242126464844	 479.8819274902344	 74804.9765625
38826076.0	 272.0989990234375	 496.70904541015625	 82090.9921875
38826168.0	 272.21478271484375	 494.5540771484375	 77983.328125
38826256.0	 271.00225830078125	 496.12615966796875	 82162.5078125
38826344.0	 271.0098876953125	 496.6803894042969	 84288.3046875
38826436.0	 271.9195556640625	 488.7493896484375	 76542.4921875
38826528.0	 272.2209167480469	 494.1968078613281	 77989.2734375
38826620.0	 272.0458984375	 492.7170104980469	 79389.984375
38826708.0	 271.85723876953125	 492.0708923339844	 82619.3984375
38826796.0	 272.44207763671875	 484.27203369140625	 76773.9296875
38826888.0	 271.8109130859375	 491.5682678222656	 78649.2578125
38826976.0	 271.8295593261719	 495.3656005859375	 81565.8671875
38827064.0	 271.970458984375	 494.6110534667969	 81460.1875
38827156.0	 273.0475769042969	 490.1807861328125	 77971.1015625
38827248.0	 272.21392822265625	 492.2424621582031	 81397.6171875
38827332.0	 271.09375	 480.91741943359375	 79512.765625
38827424.0	 270.1666564941406	 481.82379150390625	 84139.234375
38827516.0	 271.22039794921875	 490.6470947265625	 83020.4921875
38827608.0	 271.43707275390625	 485.1670227050781	 82933.8515625
38827696.0	 271.3179626464844	 494.40179443359375	 85725.78125
38827788.0	 272.3653869628906	 492.5065612792969	 83442.890625
38827880.0	 273.2912292480469	 491.1040344238281	 81698.921875
38827968.0	 274.1737060546875	 491.65814208984375	 81513.03125
38828056.0	 272.7438049316406	 491.91229248046875	 80856.1328125
38828148.0	 272.4847106933594	 486.0321350097656	 80046.484375
38828236.0	 272.9400329589844	 484.70159912109375	 77773.8046875
38828328.0	 272.6797180175781	 479.3077087402344	 78774.4140625
38828416.0	 272.2776184082031	 487.38519287109375	 82175.3984375
38828504.0	 272.0643310546875	 483.2087097167969	 80773.5390625
38828596.0	 272.5108947753906	 489.8277893066406	 81520.0
38828688.0	 271.8046875	 485.0408630371094	 80734.921875
38828776.0	 271.2952575683594	 488.5426940917969	 81921.234375
38828868.0	 272.1414489746094	 483.2808532714844	 81166.640625
38829052.0	 273.715576171875	 471.1378173828125	 72524.9296875
38829136.0	 273.4400939941406	 481.82830810546875	 73934.875
38829228.0	 273.1080017089844	 491.2972412109375	 78479.9921875
38829320.0	 273.57861328125	 485.5705261230469	 77353.84375
38829408.0	 272.8421630859375	 488.4495849609375	 80896.25
38829496.0	 273.9679260253906	 488.34515380859375	 76783.09375
38829588.0	 274.6744384765625	 486.3897705078125	 77316.9921875
38829680.0	 274.78973388671875	 487.5804748535156	 76849.5078125
38829768.0	 274.42388916015625	 487.56597900390625	 79091.1171875
38829856.0	 274.2734680175781	 494.80706787109375	 80503.765625
38829948.0	 274.7181396484375	 495.98187255859375	 78252.3203125
38830040.0	 274.776123046875	 502.4355163574219	 78643.453125
38830128.0	 274.23583984375	 504.9625549316406	 82336.234375
38830216.0	 274.7879943847656	 497.33251953125	 78650.734375
38830308.0	 274.5653991699219	 498.7479553222656	 80933.9140625
38830400.0	 274.12005615234375	 498.430908203125	 81461.2109375
38830488.0	 274.2698974609375	 500.83856201171875	 83220.265625
38830576.0	 274.5855407714844	 495.8974914550781	 78623.9140625
38830668.0	 274.8138122558594	 495.11322021484375	 77184.3671875
38830756.0	 274.9253845214844	 502.8270568847656	 80648.03125
38830848.0	 274.4296875	 504.173583984375	 79520.9609375
38830940.0	 274.09619140625	 492.6410827636719	 80008.5859375
38831028.0	 274.0180969238281	 492.9926452636719	 76222.75
38831116.0	 275.0481872558594	 496.21173095703125	 76564.5390625
38831208.0	 274.19647216796875	 491.7894592285156	 77705.3671875
38831300.0	 274.588623046875	 503.68408203125	 78925.84375
38831392.0	 274.8703918457031	 500.9441223144531	 79405.15625
38831476.0	 274.6299133300781	 501.1719055175781	 77160.5625
38831568.0	 274.6452331542969	 496.0339050292969	 77622.5625
38831660.0	 274.3210144042969	 498.84234619140625	 81315.390625
38831752.0	 274.814697265625	 493.0828552246094	 77343.5234375
38831840.0	 274.5191345214844	 494.9439697265625	 76633.6171875
38832020.0	 275.0697021484375	 486.61859130859375	 74687.5859375
38832112.0	 274.9984130859375	 485.9150390625	 75191.8515625
38832200.0	 275.1119384765625	 497.0487060546875	 79191.5078125
38832292.0	 275.28997802734375	 495.8421630859375	 76651.609375
38832380.0	 275.14996337890625	 494.4665222167969	 77047.5234375
38832468.0	 274.6708068847656	 493.97222900390625	 81366.359375
38832560.0	 275.28057861328125	 492.36199951171875	 76093.34375
38832648.0	 275.4136047363281	 495.0180969238281	 76243.1953125
38832740.0	 274.61328125	 487.7989807128906	 76288.0234375
38832828.0	 274.2634582519531	 490.92218017578125	 75477.6640625
38832920.0	 274.6162414550781	 498.9019470214844	 81211.9609375
38833012.0	 274.9847717285156	 491.7820129394531	 77420.234375
38833104.0	 275.3531799316406	 493.20782470703125	 78748.25
38833188.0	 276.3880920410156	 510.8288269042969	 86190.9609375
38833280.0	 275.6905517578125	 502.2315979003906	 84008.0703125
38833372.0	 278.2456970214844	 523.0699462890625	 84136.4140625
38833464.0	 277.4358825683594	 510.6803283691406	 82287.9765625
38833548.0	 281.4786071777344	 542.4569702148438	 89344.578125
38833640.0	 282.9256286621094	 550.1245727539062	 92208.984375
38833732.0	 283.0832824707031	 542.1219482421875	 87964.1640625
38833820.0	 281.9638977050781	 537.2911376953125	 86752.5390625
38833908.0	 282.70684814453125	 543.25390625	 88701.21875
38834000.0	 282.0928649902344	 547.3243408203125	 91498.6875
38834092.0	 281.6793212890625	 535.6326293945312	 88193.59375
38834180.0	 283.1356201171875	 552.3170166015625	 91214.03125
38834268.0	 283.27789306640625	 552.4124145507812	 91007.2734375
38834360.0	 283.8009338378906	 554.4838256835938	 89955.390625
38834452.0	 284.16046142578125	 547.9802856445312	 90251.265625
38834540.0	 284.4593200683594	 544.1978149414062	 90814.9609375
38834632.0	 285.8826904296875	 534.3875732421875	 82128.8359375
38834720.0	 285.96728515625	 541.9896850585938	 87456.0625
38834812.0	 285.49066162109375	 546.8223876953125	 90400.2734375
38834992.0	 288.1449890136719	 546.2294311523438	 84781.203125
38835080.0	 288.0322265625	 553.1640014648438	 87671.4921875
38835168.0	 289.6551818847656	 544.9207153320312	 83996.578125
38835260.0	 289.6011657714844	 540.2318115234375	 82303.6328125
38835352.0	 289.1745300292969	 551.9134521484375	 87405.2734375
38835444.0	 289.00018310546875	 552.7230834960938	 85758.34375
38835528.0	 289.2553405761719	 540.5519409179688	 83718.890625
38835620.0	 289.1374816894531	 545.3327026367188	 85475.7421875
38835712.0	 289.8980712890625	 545.9024047851562	 83311.6640625
38835800.0	 289.66741943359375	 541.8231811523438	 83675.2421875
38835892.0	 289.6646728515625	 536.3817749023438	 82406.1953125
38835980.0	 289.947998046875	 547.2078857421875	 83805.9375
38836072.0	 290.07183837890625	 543.960693359375	 83254.3671875
38836164.0	 289.64019775390625	 541.7985229492188	 83350.59375
38836248.0	 289.2648010253906	 539.9862060546875	 81296.7890625
38836340.0	 289.6678161621094	 544.4217529296875	 80714.2109375
38836432.0	 288.8653259277344	 536.4227294921875	 80931.3046875
38836520.0	 288.3551330566406	 545.6685180664062	 85354.8359375
38836612.0	 288.6164855957031	 542.5140991210938	 81777.2890625
38836700.0	 289.108154296875	 542.6765747070312	 83526.265625
38836792.0	 289.12408447265625	 554.2286376953125	 86042.1015625
38836880.0	 288.80230712890625	 551.964599609375	 88545.1796875
38836972.0	 289.2479248046875	 547.5277709960938	 85988.25
38837060.0	 289.3904113769531	 548.3200073242188	 84518.9921875
38837156.0	 289.5180969238281	 552.9376831054688	 84045.078125
38837240.0	 289.6668701171875	 542.9277954101562	 83321.203125
38837332.0	 290.0428161621094	 543.9739990234375	 82815.40625
38837424.0	 289.6356201171875	 531.250732421875	 80805.5625
38837512.0	 289.5771789550781	 537.9718627929688	 80173.3515625
38837604.0	 289.1588134765625	 537.7594604492188	 82235.859375
38837696.0	 288.5505065917969	 539.1430053710938	 84278.6640625
38837784.0	 288.7308349609375	 545.9663696289062	 82551.1015625
38837960.0	 288.6025695800781	 546.7488403320312	 85333.1640625
38838052.0	 288.1484375	 555.7781982421875	 89815.9375
38838144.0	 288.1755676269531	 552.4085083007812	 87582.2421875
38838232.0	 287.9875183105469	 552.266845703125	 87549.734375
38838324.0	 288.4920654296875	 554.0703735351562	 85302.390625
38838416.0	 288.8664245605469	 554.6436767578125	 87597.4921875
38838504.0	 288.9067077636719	 550.9016723632812	 87668.5078125
38838592.0	 289.9719543457031	 544.087890625	 83407.5625
38838684.0	 289.5364990234375	 549.69091796875	 88780.109375
38838772.0	 290.18914794921875	 550.8762817382812	 86762.078125
38838860.0	 290.1101379394531	 551.5989990234375	 84871.9140625
38838952.0	 289.9747314453125	 550.2322387695312	 89148.15625
38839044.0	 290.5269775390625	 542.6344604492188	 83663.453125
38839132.0	 290.49658203125	 540.0906982421875	 79655.484375
38839220.0	 290.306884765625	 546.1366577148438	 83705.1640625
38839312.0	 290.0600280761719	 542.2302856445312	 85966.7734375
38839404.0	 290.26409912109375	 545.0414428710938	 84601.6484375
38839496.0	 290.1722717285156	 548.2655029296875	 84282.9453125
38839584.0	 289.8260192871094	 550.7805786132812	 86824.796875
38839672.0	 290.3504638671875	 548.0625610351562	 83518.3515625
38839764.0	 290.129150390625	 546.4953002929688	 85892.765625
38839852.0	 290.46478271484375	 545.0733032226562	 85305.875
38839944.0	 290.5590515136719	 548.00439453125	 82586.4375
38840036.0	 290.1961669921875	 545.4168090820312	 84842.4375
38840124.0	 290.26904296875	 544.7320556640625	 86672.5703125
38840212.0	 290.4128723144531	 544.5538940429688	 84073.6875
38840304.0	 290.801025390625	 542.1707153320312	 83136.21875
38840396.0	 290.5167541503906	 544.7600708007812	 84091.25
38840484.0	 290.2674560546875	 548.6246948242188	 85817.171875
38840572.0	 289.84857177734375	 548.5880737304688	 88887.6484375
38840664.0	 289.5481872558594	 541.4400024414062	 84652.1171875
38840756.0	 289.3094177246094	 548.7988891601562	 87661.4296875
38840932.0	 290.0213623046875	 541.8270874023438	 84697.3203125
38841024.0	 289.4707336425781	 552.517578125	 89037.7421875
38841116.0	 290.76800537109375	 542.091064453125	 82747.8671875
38841200.0	 290.536376953125	 536.5353393554688	 81397.53125
38841292.0	 289.8990478515625	 540.3230590820312	 81871.4609375
38841384.0	 289.8230285644531	 545.8199462890625	 83803.296875
38841476.0	 290.03253173828125	 540.7592163085938	 80194.53125
38841564.0	 289.9173278808594	 543.6021728515625	 83918.171875
38841652.0	 289.7060241699219	 545.561279296875	 83175.8203125
38841744.0	 289.18157958984375	 548.9068603515625	 88422.5390625
38841836.0	 290.088134765625	 544.9539184570312	 83994.78125
38841924.0	 290.3554382324219	 549.00244140625	 85570.296875
38842012.0	 289.5006103515625	 556.4739990234375	 87896.1171875
38842104.0	 289.9596252441406	 546.6608276367188	 84921.2109375
38842192.0	 289.6625061035156	 546.3311157226562	 85792.625
38842284.0	 290.199951171875	 543.70849609375	 84044.9921875
38842376.0	 289.9811706542969	 543.8945922851562	 86745.5703125
38842464.0	 290.4977111816406	 544.432861328125	 83927.5078125
38842556.0	 290.1602478027344	 547.873779296875	 86524.0
38842644.0	 289.5935974121094	 544.731201171875	 88317.171875
38842736.0	 290.033447265625	 546.7786254882812	 84413.140625
38842824.0	 290.5359802246094	 542.5790405273438	 82949.765625
38842912.0	 291.01544189453125	 540.4114990234375	 80176.796875
38843004.0	 290.6446838378906	 539.8292846679688	 81909.46875
38843096.0	 290.89599609375	 536.143798828125	 80686.265625
38843184.0	 290.81378173828125	 542.4971923828125	 82973.0546875
38843276.0	 291.125	 538.3314819335938	 80534.84375
38843364.0	 290.3775939941406	 542.635498046875	 82623.6875
38843456.0	 291.0704650878906	 539.4432373046875	 80048.109375
38843544.0	 291.14544677734375	 537.3018798828125	 82694.84375
38843636.0	 290.7295227050781	 541.4255981445312	 82616.578125
38843724.0	 291.11151123046875	 534.1812744140625	 80279.9921875
38843904.0	 290.8670654296875	 538.994384765625	 83086.8671875
38843992.0	 290.79541015625	 544.9078369140625	 85842.4140625
38844084.0	 290.8404235839844	 543.4891357421875	 85353.109375
38844172.0	 291.7090759277344	 533.52734375	 77507.296875
38844264.0	 290.32452392578125	 539.0594482421875	 83025.78125
38844356.0	 290.6197204589844	 535.2744140625	 84106.640625
38844448.0	 291.0682067871094	 534.4578247070312	 78997.7265625
38844532.0	 291.5824279785156	 537.3605346679688	 79120.734375
38844624.0	 292.0008850097656	 531.1286010742188	 76972.234375
38844716.0	 291.6507263183594	 539.8619995117188	 82616.1953125
38844804.0	 290.9068908691406	 540.5323486328125	 81649.1640625
38844892.0	 290.4835205078125	 543.0695190429688	 82526.9296875
38844984.0	 289.7291564941406	 538.6035766601562	 80994.96875
38845076.0	 290.1480712890625	 538.8087158203125	 81975.2890625
38845160.0	 290.7764587402344	 536.9645385742188	 81154.1171875
38845256.0	 290.1488342285156	 535.2045288085938	 80872.5078125
38845348.0	 289.8212890625	 540.3776245117188	 83222.53125
38845436.0	 290.7615661621094	 532.9666748046875	 79999.5078125
38845524.0	 290.49676513671875	 543.140380859375	 82457.03125
38845616.0	 290.47698974609375	 533.9112548828125	 81554.1484375
38845708.0	 290.1335144042969	 537.3872680664062	 82339.1875
38845792.0	 290.07666015625	 535.9703979492188	 82226.359375
38845884.0	 290.54852294921875	 533.1336059570312	 78776.0546875
38845976.0	 289.7801818847656	 536.3347778320312	 83965.9921875
38846068.0	 290.11260986328125	 536.080810546875	 81462.6015625
38846156.0	 289.8567810058594	 542.9840698242188	 84003.9296875
38846248.0	 289.1288146972656	 534.914306640625	 85772.484375
38846336.0	 289.7022705078125	 536.1287231445312	 81434.875
38846428.0	 289.29608154296875	 536.2478637695312	 82733.921875
38846516.0	 289.5966796875	 541.699951171875	 83314.5390625
38846604.0	 289.1495666503906	 541.704345703125	 85468.7578125
38846696.0	 289.4725341796875	 540.4383544921875	 83995.2734375
38846876.0	 289.33331298828125	 534.3233032226562	 83045.6875
38846968.0	 288.66290283203125	 543.960693359375	 86482.4921875
38847060.0	 288.6506652832031	 540.4450073242188	 84998.9609375
38847144.0	 287.4073181152344	 524.9109497070312	 83552.375
38847236.0	 285.9848937988281	 512.1510620117188	 79980.421875
38847328.0	 286.7411193847656	 527.3916015625	 82799.171875
38847416.0	 285.63739013671875	 527.351806640625	 81982.515625
38847504.0	 286.434326171875	 522.643798828125	 83114.7265625
38847596.0	 285.6920471191406	 520.35986328125	 82073.546875
38847688.0	 285.88470458984375	 518.3992919921875	 80304.78125
38847772.0	 285.9237976074219	 524.4265747070312	 82741.8671875
38847868.0	 285.21429443359375	 531.5752563476562	 82896.515625
38847960.0	 284.5201110839844	 541.3151245117188	 89161.359375
38848048.0	 285.3098449707031	 526.2391967773438	 80825.046875
38848136.0	 285.1207580566406	 521.8867797851562	 85495.546875
38848228.0	 284.6665344238281	 526.0401000976562	 84537.4921875
38848320.0	 284.08026123046875	 526.4910278320312	 83153.4609375
38848404.0	 284.31011962890625	 524.8311767578125	 81311.65625
38848496.0	 283.5315246582031	 532.44189453125	 85352.984375
38848588.0	 283.5518493652344	 531.3322143554688	 80669.40625
38848680.0	 283.117431640625	 527.380859375	 84722.1796875
38848768.0	 282.58001708984375	 512.830078125	 81017.8203125
38848856.0	 280.9132995605469	 518.380859375	 81533.7265625
38848948.0	 281.13470458984375	 539.7133178710938	 90896.828125
38849040.0	 280.7797546386719	 532.5372314453125	 89078.0546875
38849128.0	 282.73681640625	 531.5899047851562	 88643.6328125
38849216.0	 283.0119934082031	 548.637939453125	 92605.859375
38849308.0	 283.4063415527344	 545.1283569335938	 91638.1015625
38849396.0	 284.3052673339844	 556.3706665039062	 94181.796875
38849488.0	 284.4386901855469	 533.62255859375	 89856.7109375
38849580.0	 282.8245544433594	 547.4539184570312	 93307.6796875
38849668.0	 283.3699645996094	 533.9205322265625	 90645.8984375
38849848.0	 284.0563049316406	 533.1690063476562	 89162.8125
38849936.0	 282.4637145996094	 541.235107421875	 96565.265625
38850028.0	 279.47210693359375	 537.09326171875	 91908.8359375
38850116.0	 278.25787353515625	 524.4347534179688	 89769.1484375
38850208.0	 279.6554870605469	 522.5070190429688	 87612.8046875
38850300.0	 282.91070556640625	 532.1834106445312	 89953.5234375
38850384.0	 280.9935607910156	 547.4627075195312	 95687.359375
38850476.0	 280.2201232910156	 532.019775390625	 88219.0234375
38850568.0	 278.31427001953125	 515.548583984375	 85722.4375
38850656.0	 278.8116760253906	 526.0148315429688	 85393.0546875
38850748.0	 279.3392639160156	 511.9390869140625	 85361.3203125
38850840.0	 279.7042541503906	 505.3757629394531	 79754.0546875
38850928.0	 280.7816162109375	 535.772705078125	 90176.921875
38851016.0	 279.93023681640625	 511.47076416015625	 84502.1796875
38851108.0	 279.1143798828125	 518.5598754882812	 83682.578125
38851200.0	 278.6622009277344	 511.1318054199219	 85942.765625
38851288.0	 279.1070556640625	 511.43756103515625	 85299.8125
38851376.0	 279.78875732421875	 520.3157348632812	 86079.4453125
38851468.0	 281.0976867675781	 516.3190307617188	 83168.703125
38851560.0	 279.68829345703125	 515.319580078125	 83221.9453125
38851648.0	 279.9886474609375	 503.99346923828125	 80371.6171875
38851736.0	 279.65570068359375	 523.7720947265625	 87774.40625
38851828.0	 281.7699890136719	 537.517578125	 91041.359375
38851920.0	 282.55389404296875	 528.0426635742188	 88887.0234375
38852008.0	 285.8309631347656	 525.8534545898438	 84200.9609375
38852100.0	 284.955322265625	 529.150146484375	 87645.0546875
38852188.0	 284.7342834472656	 535.3175659179688	 90227.609375
38852276.0	 285.56646728515625	 531.4862670898438	 86434.3828125
38852368.0	 286.2402038574219	 533.0150146484375	 88228.96875
38852460.0	 287.4434509277344	 519.12255859375	 84582.125
38852548.0	 286.77166748046875	 530.6461181640625	 87653.484375
38852636.0	 286.44207763671875	 525.8401489257812	 87159.0
38852820.0	 285.9947204589844	 530.75390625	 86387.7890625
38852912.0	 285.7309875488281	 540.78271484375	 91192.1015625
38852996.0	 285.5198669433594	 543.7743530273438	 91075.0859375
38853088.0	 286.4404602050781	 534.0404052734375	 88800.015625
38853180.0	 286.5368957519531	 530.5130615234375	 90292.2890625
38853268.0	 287.1367492675781	 514.062255859375	 82672.796875
38853360.0	 286.09991455078125	 532.1395874023438	 87146.1875
38853448.0	 286.32025146484375	 529.2823486328125	 87521.7421875
38853540.0	 286.4332275390625	 517.60888671875	 81596.7421875
38853628.0	 287.5906066894531	 515.41162109375	 81164.6484375
38853720.0	 287.09027099609375	 525.711669921875	 85857.65625
38853812.0	 286.69873046875	 522.4714965820312	 87620.2578125
38853896.0	 286.8726806640625	 520.4325561523438	 87585.296875
38853988.0	 285.5306701660156	 517.2822265625	 84990.2265625
38854080.0	 285.9654541015625	 520.0287475585938	 82905.828125
38854172.0	 285.8639221191406	 534.9835815429688	 92117.1328125
38854256.0	 287.4371032714844	 527.5242919921875	 84439.4609375
38854348.0	 286.7184143066406	 518.042236328125	 84098.0859375
38854440.0	 286.68695068359375	 521.8389282226562	 85536.2890625
38854528.0	 287.136962890625	 522.7072143554688	 83828.71875
38854620.0	 287.1955871582031	 522.5281372070312	 83594.46875
38854708.0	 286.6086730957031	 534.8427734375	 88874.8359375
38854800.0	 287.88934326171875	 532.5308227539062	 85529.9609375
38854888.0	 286.67218017578125	 537.7846069335938	 90852.3125
38854980.0	 287.40679931640625	 534.06201171875	 86810.171875
38855068.0	 287.62689208984375	 529.1503295898438	 85281.8203125
38855156.0	 287.9692077636719	 523.8580322265625	 82021.0625
38855248.0	 286.6175537109375	 535.58154296875	 86932.7890625
38855340.0	 287.3551330566406	 527.5325317382812	 88256.578125
38855432.0	 287.438232421875	 530.6834716796875	 85983.9765625
38855516.0	 287.83160400390625	 529.5277099609375	 83970.1640625
38855608.0	 287.61444091796875	 534.0701293945312	 88687.71875
38855788.0	 287.6755065917969	 524.8809204101562	 86080.515625
38855876.0	 287.0550537109375	 533.1226196289062	 85151.8984375
38855968.0	 287.0266418457031	 511.11968994140625	 80780.4609375
38856060.0	 285.8804016113281	 511.40179443359375	 82496.8671875
38856148.0	 284.8611755371094	 510.01947021484375	 81697.5703125
38856240.0	 283.1361999511719	 521.7362060546875	 85844.65625
38856332.0	 283.36822509765625	 512.3104858398438	 84463.5859375
38856420.0	 282.7316589355469	 496.675048828125	 81952.5625
38856508.0	 282.2622985839844	 503.2884826660156	 76610.3046875
38856600.0	 281.1166076660156	 519.5519409179688	 85307.796875
38856692.0	 282.5660705566406	 529.6288452148438	 88460.8984375
38856776.0	 280.02716064453125	 523.4545288085938	 85727.3984375
38856868.0	 280.10162353515625	 504.4916076660156	 78121.5703125
38856960.0	 281.1420593261719	 496.5795593261719	 75796.5625
38857052.0	 281.2489013671875	 519.3443603515625	 82126.171875
38857140.0	 281.3433837890625	 508.51373291015625	 82196.0703125
38857232.0	 281.5957946777344	 503.1394348144531	 82567.59375
38857320.0	 281.4444580078125	 505.1589050292969	 80885.453125
38857408.0	 280.08648681640625	 515.5198974609375	 82668.4765625
38857496.0	 281.8142395019531	 521.428466796875	 84915.8125
38857588.0	 281.08746337890625	 515.8839111328125	 86182.34375
38857680.0	 281.06182861328125	 520.1693725585938	 84597.4765625
38857768.0	 282.60589599609375	 519.7322387695312	 85509.90625
38857860.0	 282.1805725097656	 529.4478759765625	 85802.984375
38857952.0	 282.4673156738281	 523.539306640625	 83844.4609375
38858036.0	 283.77520751953125	 523.1625366210938	 81088.3359375
38858128.0	 284.3448791503906	 523.1873779296875	 83728.84375
38858220.0	 285.06060791015625	 538.3992309570312	 88381.6171875
38858308.0	 284.3332214355469	 532.5437622070312	 83585.375
38858396.0	 285.3556213378906	 522.0044555664062	 82664.1953125
38858488.0	 284.73992919921875	 522.6185913085938	 81023.6796875
38858580.0	 284.4501037597656	 518.4053344726562	 81350.6640625
38858760.0	 285.6860656738281	 508.90557861328125	 76818.8828125
38858852.0	 284.77630615234375	 520.8382568359375	 81689.140625
38858940.0	 286.7041931152344	 523.8582153320312	 80606.9375
38859028.0	 287.8157958984375	 512.1106567382812	 75224.4140625
38859120.0	 287.0550537109375	 508.882080078125	 75454.0234375
38859212.0	 286.3453369140625	 523.8535766601562	 79119.140625
38859300.0	 286.8280334472656	 517.829345703125	 77283.1015625
38859392.0	 285.8942565917969	 515.3098754882812	 80602.84375
38859480.0	 286.5658264160156	 512.2808227539062	 76580.640625
38859572.0	 288.1380920410156	 514.8592529296875	 80460.78125
38859660.0	 290.23388671875	 528.0885009765625	 80027.921875
38859748.0	 289.7657470703125	 536.150146484375	 84771.3046875
38859840.0	 291.4490051269531	 523.1453857421875	 83371.546875
38859928.0	 291.3295593261719	 524.0420532226562	 79287.46875
38860020.0	 291.93975830078125	 520.5557861328125	 78853.875
38860112.0	 291.3609924316406	 523.887939453125	 79757.8359375
38860204.0	 292.8412780761719	 526.5938110351562	 78922.8359375
38860288.0	 291.47491455078125	 523.2330322265625	 80422.3125
38860380.0	 292.172607421875	 520.1776123046875	 75480.1640625
38860472.0	 291.08978271484375	 528.2063598632812	 79869.1328125
38860560.0	 289.82672119140625	 530.997314453125	 82687.671875
38860648.0	 289.6966247558594	 531.9549560546875	 84035.578125
38860740.0	 288.6657409667969	 538.1504516601562	 84973.0625
38860832.0	 289.16229248046875	 536.6927490234375	 82696.5859375
38860916.0	 289.7212829589844	 546.0736083984375	 85995.765625
38861008.0	 290.78399658203125	 526.77294921875	 78036.03125
38861100.0	 291.13134765625	 526.090576171875	 78929.53125
38861188.0	 291.40673828125	 526.6704711914062	 76708.0
38861280.0	 289.8648376464844	 529.6812744140625	 81418.0859375
38861372.0	 289.3650207519531	 540.0532836914062	 85520.75
38861464.0	 288.4285583496094	 542.7225952148438	 84745.15625
38861548.0	 290.65863037109375	 534.0333251953125	 79757.984375
38861732.0	 288.4826965332031	 529.8565063476562	 83164.53125
38861820.0	 288.37896728515625	 539.91162109375	 84346.6328125
38861912.0	 288.11328125	 548.5469970703125	 86929.171875
38862000.0	 287.52044677734375	 549.6919555664062	 90247.5234375
38862092.0	 287.51898193359375	 547.3607177734375	 89685.0859375
38862176.0	 286.77337646484375	 554.3385009765625	 87747.6484375
38862268.0	 287.306884765625	 556.2236938476562	 87329.96875
38862360.0	 287.93267822265625	 541.6000366210938	 84809.875
38862448.0	 287.42608642578125	 546.6158447265625	 87532.390625
38862540.0	 288.6144714355469	 549.23828125	 86777.4140625
38862632.0	 289.3560791015625	 533.3694458007812	 83962.25
38862720.0	 288.6185302734375	 537.737060546875	 84999.296875
38862812.0	 288.2801513671875	 537.8074340820312	 83786.21875
38862900.0	 289.2529602050781	 545.5171508789062	 85765.328125
38862992.0	 288.9940490722656	 539.7809448242188	 83376.3203125
38863076.0	 290.189453125	 527.2381591796875	 78470.8125
38863168.0	 285.1212158203125	 548.6884155273438	 94194.9296875
38863260.0	 285.1328125	 546.047119140625	 86694.375
38863352.0	 284.4831237792969	 551.8046875	 93357.7421875
38863440.0	 283.434326171875	 543.1880493164062	 93181.640625
38863532.0	 282.4299011230469	 536.4073486328125	 90298.359375
38863620.0	 282.4269714355469	 559.7761840820312	 96410.6328125
38863708.0	 280.8074645996094	 527.2161254882812	 90138.1796875
38863800.0	 279.71771240234375	 531.902587890625	 90072.3125
38863892.0	 279.4937438964844	 530.9822998046875	 89605.84375
38863980.0	 280.48858642578125	 541.4164428710938	 92484.1953125
38864072.0	 281.3691711425781	 548.0050048828125	 93923.265625
38864164.0	 281.5748291015625	 545.66162109375	 94013.015625
38864252.0	 279.0325927734375	 519.3727416992188	 88011.671875
38864340.0	 280.7803649902344	 539.9491577148438	 91461.2421875
38864428.0	 279.5155334472656	 528.3670654296875	 92552.484375
38864520.0	 278.8660583496094	 510.6631164550781	 82066.0625
38864700.0	 280.7319030761719	 523.5830688476562	 89233.0
38864792.0	 279.14306640625	 519.599609375	 89031.1015625
38864884.0	 277.63720703125	 516.960693359375	 88672.328125
38864968.0	 278.807861328125	 524.9240112304688	 89985.1953125
38865060.0	 279.54864501953125	 533.659912109375	 92332.4296875
38865152.0	 280.9798583984375	 539.4539184570312	 92927.578125
38865240.0	 281.3482971191406	 536.0316162109375	 91847.1484375
38865328.0	 281.12213134765625	 533.4054565429688	 92615.09375
38865420.0	 279.2032165527344	 530.3455810546875	 92854.859375
38865512.0	 278.8617248535156	 524.195068359375	 89247.6953125
38865600.0	 282.5395202636719	 559.1444091796875	 96690.5390625
38865692.0	 283.3789367675781	 548.4091186523438	 94579.8125
38865780.0	 281.58050537109375	 537.128173828125	 94223.4140625
38865868.0	 281.4711608886719	 552.3877563476562	 100283.765625
38865960.0	 281.2843017578125	 541.0696411132812	 94104.359375
38866052.0	 281.65362548828125	 541.1324462890625	 94559.5625
38866144.0	 279.6236267089844	 525.9473876953125	 89440.8984375
38866228.0	 279.43841552734375	 523.698974609375	 92036.1015625
38866320.0	 278.7393798828125	 520.0923461914062	 90227.1015625
38866412.0	 281.8651428222656	 553.6546630859375	 94551.8828125
38866500.0	 278.66241455078125	 542.074462890625	 95874.0078125
38866588.0	 279.06195068359375	 526.3758544921875	 90427.6953125
38866680.0	 279.53350830078125	 519.2451171875	 90911.4765625
38866772.0	 278.7708740234375	 533.5692749023438	 93985.4375
38866860.0	 278.88934326171875	 518.3192138671875	 90360.484375
38866952.0	 279.83038330078125	 526.56396484375	 93072.859375
38867044.0	 279.701171875	 526.90869140625	 91065.46875
38867128.0	 279.7956237792969	 529.8995361328125	 92924.3359375
38867220.0	 278.7513122558594	 531.513916015625	 95778.71875
38867312.0	 278.81549072265625	 535.7151489257812	 99599.78125
38867400.0	 278.6583557128906	 517.739013671875	 90716.0
38867492.0	 277.8790588378906	 526.3960571289062	 95023.6796875
38867672.0	 277.2509460449219	 513.285888671875	 91057.4375
38867760.0	 276.99224853515625	 525.279052734375	 94506.7109375
38867852.0	 277.5899963378906	 520.2546997070312	 92638.5
38867940.0	 277.8410949707031	 525.5775756835938	 92508.40625
38868028.0	 278.5525207519531	 520.130126953125	 91330.546875
38868120.0	 277.83074951171875	 531.4701538085938	 97898.234375
38868212.0	 277.9989013671875	 533.364990234375	 97681.8125
38868304.0	 276.8727722167969	 526.4949340820312	 101794.3984375
38868392.0	 275.2152404785156	 502.75726318359375	 90293.3671875
38868484.0	 275.7283935546875	 512.7938232421875	 94450.3984375
38868572.0	 275.1737976074219	 523.5538940429688	 96885.0390625
38868660.0	 275.1943664550781	 509.4632873535156	 93522.4609375
38868748.0	 274.732177734375	 511.8752136230469	 94176.796875
38868840.0	 274.2312927246094	 524.6515502929688	 95724.6171875
38868932.0	 273.5364990234375	 508.9137268066406	 91386.578125
38869020.0	 274.2778015136719	 502.63214111328125	 88440.5390625
38869112.0	 273.970703125	 501.93035888671875	 88752.90625
38869204.0	 273.5782470703125	 495.80279541015625	 83435.3671875
38869288.0	 275.1509704589844	 510.5513916015625	 91206.1015625
38869380.0	 275.3003234863281	 514.703857421875	 94489.1796875
38869472.0	 274.0488586425781	 509.5153503417969	 92030.71875
38869560.0	 274.2234191894531	 506.8633117675781	 90690.7890625
38869652.0	 274.72735595703125	 500.5394287109375	 82488.4140625
38869744.0	 274.4071960449219	 506.2704772949219	 82234.9375
38869836.0	 275.07891845703125	 503.5531311035156	 82100.6796875
38869920.0	 274.71014404296875	 500.4273376464844	 84752.6484375
38870012.0	 274.7432556152344	 506.1636047363281	 87308.1171875
38870100.0	 274.4472961425781	 505.2047424316406	 86100.578125
38870188.0	 275.5455627441406	 498.779296875	 80623.953125
38870280.0	 275.0892333984375	 495.2911682128906	 79192.8828125
38870372.0	 275.2615966796875	 496.4540100097656	 82076.671875
38870464.0	 276.2552490234375	 510.1730041503906	 87033.921875
38870644.0	 275.4642639160156	 494.1133117675781	 80725.015625
38870732.0	 275.3399658203125	 507.1976318359375	 84421.7734375
38870820.0	 276.68731689453125	 509.84100341796875	 86711.1171875
38870908.0	 275.3585510253906	 508.2922058105469	 85748.7421875
38871000.0	 276.1648864746094	 505.9358215332031	 87688.9375
38871088.0	 275.2146911621094	 503.5027770996094	 86234.2890625
38871180.0	 274.4380187988281	 501.6513977050781	 94689.1640625
38871272.0	 274.1521911621094	 504.1244201660156	 89121.875
38871364.0	 274.8426208496094	 499.1344909667969	 83587.5546875
38871448.0	 274.8334045410156	 491.4834899902344	 84478.4765625
38871540.0	 275.01116943359375	 508.161865234375	 85481.234375
38871632.0	 275.64422607421875	 502.93389892578125	 89071.015625
38871720.0	 274.6726379394531	 497.5903625488281	 84829.2421875
38871812.0	 274.2142333984375	 505.6066589355469	 88847.5859375
38871900.0	 274.86810302734375	 501.6219787597656	 87044.4296875
38871992.0	 274.32928466796875	 492.6547546386719	 83393.796875
38872080.0	 273.8011169433594	 492.68609619140625	 81539.71875
38872172.0	 274.7276916503906	 501.6484375	 89204.9609375
38872264.0	 275.29632568359375	 503.8570251464844	 87710.6796875
38872348.0	 275.24835205078125	 496.8158264160156	 83984.046875
38872440.0	 275.7721862792969	 498.3354187011719	 85600.9921875
38872532.0	 275.29071044921875	 510.1466064453125	 87147.2890625
38872620.0	 274.11334228515625	 493.8233947753906	 82791.4375
38872712.0	 273.249755859375	 490.79058837890625	 83993.28125
38872804.0	 274.0803527832031	 489.0815124511719	 80040.4296875
38872892.0	 273.72833251953125	 487.43048095703125	 82405.0546875
38872980.0	 273.4625244140625	 490.9615173339844	 83317.140625
38873072.0	 273.00299072265625	 489.5951843261719	 80816.3828125
38873164.0	 273.66790771484375	 488.4244384765625	 81269.2578125
38873252.0	 273.1781921386719	 494.0627746582031	 83363.2265625
38873340.0	 273.397216796875	 496.6854248046875	 86415.328125
38873432.0	 272.3760070800781	 494.1904602050781	 84890.484375
38873608.0	 272.68487548828125	 489.2663879394531	 83068.4609375
38873700.0	 272.8060302734375	 487.2445068359375	 80113.0234375
38873792.0	 272.9255676269531	 486.1418762207031	 78535.09375
38873880.0	 274.1751708984375	 482.0950622558594	 76080.5859375
38873972.0	 274.0052490234375	 489.1594543457031	 81107.390625
38874064.0	 273.95941162109375	 499.59130859375	 83417.21875
38874152.0	 274.05853271484375	 493.5121765136719	 80060.8828125
38874240.0	 274.9538269042969	 488.2321472167969	 79521.2265625
38874332.0	 274.38226318359375	 493.7796630859375	 80251.8828125
38874424.0	 274.3638916015625	 489.3770751953125	 77258.734375
38874508.0	 274.1801452636719	 487.880126953125	 78777.0546875
38874600.0	 273.935791015625	 491.4283447265625	 77014.1484375
38874692.0	 274.270751953125	 486.23724365234375	 79019.0078125
38874780.0	 272.9796447753906	 492.8969421386719	 81573.4375
38874872.0	 273.16436767578125	 494.156982421875	 82654.3671875
38874964.0	 273.20965576171875	 483.0770263671875	 80984.8125
38875048.0	 273.34722900390625	 490.82379150390625	 84829.3828125
38875140.0	 274.8287658691406	 485.7217712402344	 78374.9140625
38875232.0	 274.0078430175781	 493.0477600097656	 78543.0546875
38875324.0	 273.8009033203125	 495.8450927734375	 81864.7890625
38875412.0	 273.6236877441406	 499.4583740234375	 84706.71875
38875500.0	 273.949462890625	 492.3938293457031	 80836.5234375
38875592.0	 273.9711608886719	 488.6361083984375	 81607.515625
38875680.0	 273.1095275878906	 483.318115234375	 78455.3359375
38875772.0	 273.6792907714844	 486.182861328125	 81134.40625
38875864.0	 274.53326416015625	 490.17266845703125	 83429.6875
38875956.0	 275.117919921875	 509.2384033203125	 90170.859375
38876040.0	 276.3544006347656	 511.0918273925781	 90174.3984375
38876132.0	 277.3631591796875	 515.2928466796875	 92657.453125
38876224.0	 274.5798034667969	 484.1988220214844	 82431.5625
38876308.0	 273.42376708984375	 481.4813232421875	 83155.203125
38876400.0	 273.4583435058594	 491.5098876953125	 83886.9296875
38876580.0	 273.7920837402344	 483.3485412597656	 79045.59375
38876672.0	 273.7682189941406	 491.773193359375	 81916.59375
38876760.0	 273.7305603027344	 493.3006286621094	 83458.0859375
38876852.0	 274.01531982421875	 491.1709289550781	 84943.171875
38876940.0	 273.5630187988281	 492.83837890625	 81557.0546875
38877032.0	 273.66729736328125	 490.4255065917969	 82109.515625
38877124.0	 273.7447509765625	 492.4355773925781	 83508.96875
38877212.0	 273.481201171875	 494.5999755859375	 85966.2109375
38877300.0	 273.99176025390625	 491.3571472167969	 82758.8515625
38877392.0	 273.24114990234375	 488.3273620605469	 81044.6640625
38877480.0	 273.95941162109375	 495.1491394042969	 81776.5625
38877572.0	 273.61968994140625	 494.9933166503906	 88013.609375
38877664.0	 274.13739013671875	 494.3564453125	 85358.2421875
38877756.0	 274.0694274902344	 492.85968017578125	 85428.53125
38877840.0	 273.8254089355469	 499.9459533691406	 91002.8046875
38877932.0	 274.7214660644531	 492.6255187988281	 83564.8359375
38878024.0	 274.8039855957031	 493.630615234375	 83996.8359375
38878112.0	 274.6794128417969	 507.2552185058594	 90469.4921875
38878200.0	 275.4233093261719	 499.85400390625	 85036.9921875
38878292.0	 275.2317199707031	 496.24957275390625	 83522.515625
38878380.0	 275.736083984375	 499.9889831542969	 82580.9609375
38878472.0	 275.767333984375	 503.0067138671875	 83925.0625
38878564.0	 275.4462890625	 496.84930419921875	 80206.15625
38878652.0	 275.0044250488281	 500.6889953613281	 82861.4375
38878740.0	 274.30206298828125	 497.3638000488281	 82468.703125
38878832.0	 275.0334167480469	 498.5141906738281	 83185.1328125
38878924.0	 275.65423583984375	 509.5631103515625	 89448.8203125
38879008.0	 274.78741455078125	 502.47283935546875	 86355.4609375
38879100.0	 274.8327941894531	 507.30731201171875	 88780.4375
38879192.0	 275.77813720703125	 504.4842224121094	 88209.9609375
38879280.0	 276.6144104003906	 513.4581909179688	 91299.703125
38879372.0	 277.0224304199219	 504.5232849121094	 86519.3125
38879552.0	 280.2210693359375	 522.01806640625	 90663.25
38879640.0	 279.8184814453125	 516.9989013671875	 88772.625
38879732.0	 280.5546875	 523.135009765625	 89498.140625
38879820.0	 280.68963623046875	 526.4019775390625	 84698.2421875
38879908.0	 280.85589599609375	 530.4983520507812	 88433.671875
38880000.0	 278.5559387207031	 521.6576538085938	 87041.46875
38880092.0	 277.662353515625	 501.69805908203125	 84424.015625
38880180.0	 279.1987609863281	 511.69879150390625	 85254.6015625
38880272.0	 280.80377197265625	 522.3504638671875	 84943.75
38880364.0	 281.45550537109375	 514.2274169921875	 80727.0390625
38880456.0	 281.125732421875	 512.6244506835938	 80905.7734375
38880540.0	 280.56121826171875	 526.8180541992188	 84635.890625
38880632.0	 280.513916015625	 519.2821655273438	 85313.6328125
38880724.0	 280.5755615234375	 522.7116088867188	 83601.6328125
38880812.0	 280.9859619140625	 526.00048828125	 87253.1015625
38880900.0	 279.5762023925781	 522.1282958984375	 86226.65625
38880992.0	 280.2747497558594	 523.846923828125	 84310.0703125
38881080.0	 279.53619384765625	 522.058837890625	 85093.28125
38881172.0	 280.20733642578125	 530.0406494140625	 85419.40625
38881264.0	 279.61505126953125	 525.76953125	 84295.640625
38881356.0	 280.277099609375	 524.73193359375	 88079.2578125
38881440.0	 279.36529541015625	 532.296630859375	 95135.7578125
38881532.0	 276.60736083984375	 519.4096069335938	 88341.671875
38881624.0	 277.665283203125	 523.6775512695312	 91948.140625
38881712.0	 274.88226318359375	 514.9271240234375	 88652.8671875
38881804.0	 275.3675231933594	 529.1257934570312	 93862.8828125
38881892.0	 278.0523986816406	 522.9942626953125	 85395.5390625
38881980.0	 281.09271240234375	 526.9201049804688	 85411.3359375
38882068.0	 280.9154357910156	 512.4999389648438	 81663.1484375
38882160.0	 280.73846435546875	 519.8771362304688	 84822.828125
38882252.0	 280.35333251953125	 526.0586547851562	 86109.203125
38882340.0	 280.1612854003906	 522.1098022460938	 84216.734375
38882520.0	 280.5061340332031	 522.3300170898438	 85379.4609375
38882608.0	 279.27423095703125	 518.0064086914062	 84167.3828125
38882700.0	 278.349853515625	 522.768310546875	 86023.109375
38882796.0	 279.59759521484375	 514.0106201171875	 83092.5625
38882880.0	 279.2060241699219	 529.4926147460938	 89649.859375
38882972.0	 278.0389099121094	 514.6574096679688	 86233.578125
38883060.0	 277.3146057128906	 518.8766479492188	 86592.6484375
38883152.0	 276.7860412597656	 526.5345458984375	 91400.703125
38883240.0	 277.0572204589844	 518.7307739257812	 89544.984375
38883332.0	 276.8466796875	 516.6613159179688	 86272.859375
38883424.0	 277.4866027832031	 507.64697265625	 83720.078125
38883512.0	 276.0619201660156	 518.91162109375	 87204.875
38883604.0	 275.1676330566406	 501.7338562011719	 81741.1328125
38883692.0	 275.3053283691406	 504.734375	 83425.1796875
38883780.0	 275.2919616699219	 508.1590881347656	 83824.859375
38883872.0	 274.5751037597656	 505.5876159667969	 82045.953125
38883964.0	 274.8789367675781	 505.6752624511719	 83683.828125
38884048.0	 274.6750183105469	 508.6611328125	 86115.28125
38884140.0	 274.5198669433594	 508.0909118652344	 84147.3671875
38884232.0	 274.9737548828125	 500.63604736328125	 79923.0703125
38884324.0	 274.8020935058594	 502.8962097167969	 82256.71875
38884408.0	 274.9078369140625	 504.7966613769531	 80601.4140625
38884500.0	 274.549560546875	 509.43743896484375	 85674.2890625
38884592.0	 274.44134521484375	 507.2809143066406	 82922.7109375
38884680.0	 274.3756408691406	 497.84759521484375	 80665.671875
38884772.0	 273.8169860839844	 513.3939208984375	 84651.0546875
38884864.0	 274.256591796875	 507.59423828125	 83849.2421875
38884952.0	 274.78173828125	 507.12841796875	 82000.8125
38885040.0	 274.71612548828125	 508.6512145996094	 83144.3515625
38885132.0	 273.92291259765625	 501.73297119140625	 80994.2109375
38885224.0	 273.7478942871094	 512.5070190429688	 84190.3203125
38885308.0	 274.40411376953125	 508.2657775878906	 85813.75
38885492.0	 274.06268310546875	 499.8014831542969	 83388.109375
38885580.0	 274.18658447265625	 506.7550964355469	 80640.65625
38885672.0	 274.3202209472656	 509.8002624511719	 84712.8828125
38885764.0	 273.72320556640625	 504.1230163574219	 83324.78125
38885852.0	 274.0818176269531	 510.1519775390625	 85081.0546875
38885944.0	 274.8461608886719	 499.655029296875	 79582.5703125
38886032.0	 274.2123107910156	 507.6643371582031	 83914.9375
38886120.0	 274.85064697265625	 504.7726135253906	 82098.1328125
38886208.0	 275.12884521484375	 505.530029296875	 81907.5859375
38886300.0	 274.62945556640625	 499.6647644042969	 80730.484375
38886392.0	 274.39788818359375	 507.69921875	 84370.0546875
38886480.0	 274.06256103515625	 506.1168212890625	 84274.53125
38886572.0	 274.4684753417969	 509.462890625	 83607.984375
38886664.0	 274.04229736328125	 506.4948425292969	 83943.0859375
38886748.0	 273.79949951171875	 506.6494445800781	 80540.5546875
38886840.0	 273.9666442871094	 502.816650390625	 80747.0703125
38886932.0	 273.6409912109375	 507.4153137207031	 83407.390625
38887020.0	 273.48992919921875	 499.22357177734375	 82130.9296875
38887112.0	 273.5956115722656	 506.9594421386719	 85061.671875
38887204.0	 274.090087890625	 507.7838439941406	 81176.546875
38887288.0	 273.5981140136719	 502.7126770019531	 82877.6953125
38887380.0	 273.30535888671875	 505.6763916015625	 81875.3515625
38887472.0	 273.5157470703125	 503.2875671386719	 82401.8046875
38887564.0	 272.93572998046875	 501.7730712890625	 82690.1015625
38887648.0	 273.2224426269531	 506.7508544921875	 83527.3046875
38887740.0	 272.9912414550781	 505.1000061035156	 83995.1640625
38887832.0	 272.7882995605469	 500.6446533203125	 81868.578125
38887920.0	 272.84466552734375	 508.34246826171875	 84462.921875
38888008.0	 272.78399658203125	 498.57489013671875	 81069.6015625
38888104.0	 272.34051513671875	 494.131591796875	 79618.9765625
38888192.0	 272.32696533203125	 503.890869140625	 80912.75
38888284.0	 272.2159729003906	 502.6000671386719	 84034.1171875
38888464.0	 272.69189453125	 490.8979797363281	 78542.9453125
38888552.0	 272.2388000488281	 497.64190673828125	 79448.734375
38888640.0	 272.3506164550781	 497.8528137207031	 78323.265625
38888732.0	 272.4302978515625	 500.6589660644531	 81606.421875
38888820.0	 271.5278015136719	 504.08099365234375	 86279.5
38888912.0	 272.6739501953125	 499.71942138671875	 81116.2421875
38889004.0	 272.4407653808594	 502.04345703125	 81891.1875
38889092.0	 272.628662109375	 503.70050048828125	 82132.8984375
38889180.0	 272.4444885253906	 502.70672607421875	 82572.1796875
38889272.0	 272.8959655761719	 503.59259033203125	 83080.0
38889360.0	 271.7137145996094	 510.11480712890625	 89103.2109375
38889448.0	 272.3626708984375	 503.11309814453125	 85740.34375
38889540.0	 273.2088928222656	 504.1265563964844	 84621.15625
38820084.0	 267.91094970703125	 260.56103515625	 96717.75
38820180.0	 269.73419189453125	 277.4397888183594	 103757.625
38820276.0	 269.5472106933594	 266.3590393066406	 102088.8203125
38820368.0	 272.2283630371094	 291.910888671875	 110234.484375
38820468.0	 271.92852783203125	 260.5924072265625	 87335.8046875
38820560.0	 271.51251220703125	 267.9699401855469	 94724.8046875
38820660.0	 272.0592346191406	 277.1610107421875	 119858.3359375
38820752.0	 271.99151611328125	 267.9876708984375	 108006.390625
38820848.0	 274.7084655761719	 274.13653564453125	 115296.0859375
38820944.0	 272.4603271484375	 286.86474609375	 111421.6640625
38821040.0	 273.51007080078125	 291.08514404296875	 117985.9140625
38821136.0	 272.8844299316406	 276.27825927734375	 116632.03125
38821232.0	 270.6480712890625	 281.1489562988281	 116342.765625
38821328.0	 272.2017517089844	 274.6895446777344	 109657.015625
38821420.0	 271.8372497558594	 292.8616027832031	 102632.9765625
38821512.0	 276.3355407714844	 264.1661071777344	 103860.6171875
38821612.0	 270.2746887207031	 288.0010986328125	 127511.03125
38821896.0	 270.691650390625	 263.3496398925781	 105080.7421875
38821988.0	 268.8277282714844	 277.3149719238281	 116350.6796875
38822088.0	 273.8614501953125	 270.011474609375	 118817.0390625
38822184.0	 269.447021484375	 264.94281005859375	 95280.5078125
38822280.0	 271.42041015625	 285.2345886230469	 108872.28125
38822372.0	 268.2019348144531	 266.7575378417969	 98080.9921875
38822468.0	 269.43048095703125	 281.2021484375	 113557.65625
38822564.0	 269.8158874511719	 270.7911071777344	 113219.234375
38822660.0	 270.5400085449219	 270.75933837890625	 113964.09375
38822756.0	 269.85198974609375	 262.630126953125	 102474.296875
38822852.0	 269.1795349121094	 272.8382263183594	 115363.59375
38822944.0	 268.6915588378906	 284.2184753417969	 119138.71875
38823040.0	 271.5372619628906	 276.87310791015625	 109581.4296875
38823136.0	 270.5163879394531	 281.09716796875	 106089.625
38823236.0	 270.30181884765625	 269.1625061035156	 96163.4140625
38823328.0	 272.56329345703125	 275.9425048828125	 118493.859375
38823424.0	 271.140625	 267.82232666015625	 111702.5390625
38823520.0	 271.53533935546875	 292.0866394042969	 114916.8984375
38823612.0	 267.0852355957031	 276.78619384765625	 110394.8515625
38823804.0	 270.60516357421875	 283.45269775390625	 111329.921875
38823900.0	 270.5990295410156	 279.669677734375	 103458.828125
38823996.0	 270.00482177734375	 274.16717529296875	 100660.9375
38824088.0	 272.13287353515625	 264.68157958984375	 97913.1875
38824188.0	 271.4901428222656	 266.7422180175781	 97252.703125
38824280.0	 272.1244812011719	 265.8756408691406	 102518.375
38824380.0	 269.119140625	 262.56732177734375	 94897.2421875
38824472.0	 271.7423400878906	 276.3183898925781	 111512.890625
38824568.0	 271.27886962890625	 281.5621337890625	 116660.4609375
38824664.0	 269.9921875	 264.0934143066406	 103996.1171875
38824760.0	 271.2883605957031	 262.49212646484375	 104935.984375
38825044.0	 269.9580383300781	 262.1489562988281	 93633.296875
38825140.0	 269.1646423339844	 278.1768798828125	 103165.296875
38825232.0	 270.0463562011719	 284.9261169433594	 105051.6953125
38825332.0	 271.62139892578125	 274.35302734375	 108352.8125
38825424.0	 269.8296203613281	 269.79583740234375	 105589.1015625
38825520.0	 269.56500244140625	 268.56317138671875	 112287.1171875
38825616.0	 270.95953369140625	 275.6175842285156	 107436.8203125
38825712.0	 271.2431945800781	 281.55206298828125	 112647.6015625
38825808.0	 271.0956115722656	 275.7939147949219	 113252.7890625
38825904.0	 269.8387145996094	 278.453857421875	 105992.0
38825996.0	 270.6954650878906	 286.4007263183594	 118993.453125
38826092.0	 269.5435791015625	 279.046142578125	 101731.390625
38826188.0	 269.62579345703125	 286.7186584472656	 115234.6953125
38826288.0	 269.2666015625	 290.3272399902344	 112285.171875
38826380.0	 270.6552429199219	 265.53778076171875	 101063.375
38826472.0	 269.20794677734375	 285.4337158203125	 119597.21875
38826572.0	 266.65570068359375	 278.4840393066406	 84377.3984375
38826664.0	 270.76702880859375	 279.71875	 107249.890625
38826764.0	 267.6155700683594	 279.84100341796875	 98663.59375
38826856.0	 267.801025390625	 274.6971130371094	 101574.5390625
38826952.0	 269.7264404296875	 269.735107421875	 100267.3828125
38827048.0	 269.1480712890625	 283.7098693847656	 108304.6875
38827140.0	 272.39385986328125	 294.02069091796875	 115268.9765625
38827332.0	 272.4219665527344	 280.90557861328125	 104815.375
38827428.0	 272.36700439453125	 289.07958984375	 124708.40625
38827524.0	 270.95654296875	 277.6788330078125	 109149.4609375
38827616.0	 268.89312744140625	 269.0710144042969	 93329.234375
38827716.0	 270.00250244140625	 259.19647216796875	 91783.8828125
38827812.0	 267.3848876953125	 280.4708251953125	 104271.9765625
38827904.0	 268.2637023925781	 271.8858337402344	 104579.9765625
38828196.0	 268.1450500488281	 276.4241943359375	 100241.640625
38828288.0	 269.6498107910156	 261.6280212402344	 101360.046875
38828380.0	 270.9921569824219	 267.1029052734375	 107653.3984375
38828476.0	 270.0948181152344	 274.0115966796875	 120016.2421875
38828572.0	 270.2289123535156	 287.9845886230469	 116590.25
38828668.0	 270.5496520996094	 293.58111572265625	 111809.0
38828764.0	 270.960693359375	 280.7558898925781	 110951.9140625
38828860.0	 271.3352355957031	 285.80340576171875	 111066.703125
38828956.0	 270.0929260253906	 268.6200866699219	 109749.8984375
38829048.0	 272.04779052734375	 288.55767822265625	 118085.6015625
38829148.0	 271.575439453125	 279.3996276855469	 109048.296875
38829240.0	 271.49127197265625	 276.0648193359375	 105165.109375
38829340.0	 270.9227294921875	 271.75927734375	 112237.3515625
38829432.0	 271.0903015136719	 277.33221435546875	 104711.953125
38829524.0	 272.9263000488281	 275.6603698730469	 102445.328125
38829624.0	 270.6082763671875	 260.6236572265625	 105277.9765625
38829716.0	 270.3471374511719	 269.2535705566406	 109171.1171875
38829908.0	 271.113037109375	 303.3797302246094	 121671.8359375
38830004.0	 272.2154235839844	 276.986328125	 111339.5625
38830100.0	 272.1438903808594	 290.5328063964844	 111298.3125
38830196.0	 269.8083190917969	 285.89056396484375	 110890.53125
38830292.0	 272.1921691894531	 281.2579650878906	 106717.6953125
38830384.0	 271.70599365234375	 278.24432373046875	 99093.15625
38830480.0	 268.3200988769531	 275.0324401855469	 115666.9921875
38830576.0	 270.5292053222656	 288.2743225097656	 113007.84375
38830672.0	 270.1943359375	 294.5295104980469	 114578.3515625
38830768.0	 272.2137451171875	 272.46136474609375	 96808.765625
38830860.0	 273.0700378417969	 284.2547607421875	 117925.9609375
38830956.0	 272.1159362792969	 270.23248291015625	 95373.9765625
38831056.0	 272.69842529296875	 266.72967529296875	 99501.140625
38831340.0	 271.21868896484375	 266.92913818359375	 103786.6015625
38831432.0	 271.02008056640625	 269.1786193847656	 110336.9375
38831532.0	 269.54791259765625	 279.7770080566406	 112401.640625
38831624.0	 270.5195617675781	 275.1551513671875	 104256.625
38831724.0	 270.81341552734375	 280.6590576171875	 111190.15625
38831816.0	 269.9379577636719	 274.3343200683594	 110921.4296875
38831912.0	 269.7416076660156	 264.4826354980469	 98558.875
38832008.0	 271.95806884765625	 295.093505859375	 120139.484375
38832104.0	 271.9989013671875	 280.5644226074219	 111887.46875
38832200.0	 270.99871826171875	 272.15478515625	 103958.6171875
38832292.0	 272.8702392578125	 289.7005920410156	 110149.28125
38832388.0	 274.5633850097656	 276.85546875	 99212.2421875
38832484.0	 274.1036071777344	 280.27752685546875	 113449.6484375
38832580.0	 269.1561279296875	 272.1952819824219	 105285.484375
38832676.0	 271.6864318847656	 300.9591979980469	 111979.40625
38832768.0	 272.9622497558594	 293.36614990234375	 111695.1640625
38832864.0	 272.8559265136719	 274.80169677734375	 98209.9921875
38832960.0	 271.977294921875	 273.43804931640625	 101226.84375
38833056.0	 272.9819641113281	 275.3580627441406	 106063.0078125
38833152.0	 273.5948486328125	 286.46954345703125	 109779.875
38833248.0	 274.80517578125	 278.72637939453125	 103007.8515625
38833344.0	 273.6452331542969	 272.91522216796875	 104565.3671875
38833440.0	 272.0563049316406	 285.5025329589844	 111480.4453125
38833532.0	 272.0039978027344	 288.30853271484375	 100607.1171875
38833628.0	 273.7596130371094	 272.608154296875	 99410.15625
38833724.0	 272.7273864746094	 279.58502197265625	 108659.9375
38833820.0	 274.13494873046875	 267.5463562011719	 97023.71875
38833916.0	 272.0653076171875	 281.6039733886719	 97201.0234375
38834008.0	 272.6199645996094	 283.968994140625	 106293.203125
38834104.0	 271.9691467285156	 271.0799865722656	 103847.8984375
38834200.0	 271.83148193359375	 262.0689392089844	 84409.640625
38834488.0	 272.8631286621094	 272.14984130859375	 98976.7890625
38834580.0	 271.2432861328125	 285.8628234863281	 116533.9140625
38834676.0	 271.0634765625	 269.4563293457031	 100612.5078125
38834772.0	 269.5804748535156	 267.09027099609375	 92110.828125
38834868.0	 272.5460205078125	 275.32867431640625	 106705.765625
38834964.0	 272.0040283203125	 278.7290344238281	 102506.84375
38835056.0	 272.2171325683594	 285.317138671875	 110130.3125
38835152.0	 273.0154113769531	 278.64581298828125	 106727.0859375
38835248.0	 271.6849060058594	 277.66180419921875	 105115.4609375
38835348.0	 270.3885192871094	 271.1385192871094	 107281.6796875
38835440.0	 268.9635314941406	 268.2232971191406	 94937.90625
38835536.0	 272.2655944824219	 276.82476806640625	 104849.0390625
38835632.0	 270.8120422363281	 264.51324462890625	 103381.640625
38835724.0	 271.5960693359375	 282.3795471191406	 110074.671875
38835824.0	 272.1147766113281	 288.5069274902344	 113328.8828125
38836012.0	 271.16778564453125	 297.6421203613281	 103706.765625
38836108.0	 273.0374450683594	 284.0068359375	 108013.96875
38836200.0	 273.0447998046875	 277.79364013671875	 102313.3359375
38836296.0	 271.66845703125	 282.0157470703125	 101833.390625
38836392.0	 271.9668273925781	 274.28271484375	 108876.53125
38836488.0	 271.8355712890625	 269.1591491699219	 103606.2109375
38836584.0	 272.4947204589844	 265.51416015625	 106272.1015625
38836680.0	 271.453857421875	 267.517822265625	 101855.3984375
38836780.0	 272.7868347167969	 285.91278076171875	 111445.375
38836872.0	 270.84429931640625	 267.0583190917969	 112588.1796875
38836964.0	 271.3691101074219	 265.5640563964844	 99941.203125
38837060.0	 273.1797790527344	 263.92156982421875	 94646.5234375
38837156.0	 272.0087585449219	 274.73455810546875	 107586.421875
38837252.0	 272.8388977050781	 275.1627197265625	 102201.1796875
38837348.0	 272.79071044921875	 273.8598937988281	 96044.984375
38837632.0	 272.5733642578125	 287.7054748535156	 109192.390625
38837732.0	 273.7574768066406	 287.8010559082031	 117374.09375
38837824.0	 272.15753173828125	 264.1737060546875	 102055.8203125
38837920.0	 273.7306823730469	 279.7933044433594	 108996.8046875
38838016.0	 271.54937744140625	 272.0072326660156	 104928.3671875
38838108.0	 273.0435485839844	 274.68212890625	 109374.5625
38838204.0	 269.82537841796875	 265.4659118652344	 107195.6953125
38838300.0	 270.12628173828125	 278.1000671386719	 108491.0703125
38838396.0	 270.7356262207031	 264.37664794921875	 100192.7890625
38838496.0	 271.7234191894531	 286.35687255859375	 117339.1875
38838588.0	 271.8624267578125	 262.2940368652344	 97449.6328125
38838684.0	 271.16351318359375	 275.3846130371094	 107102.453125
38838780.0	 270.6846923828125	 284.28106689453125	 109387.4609375
38838872.0	 272.8069763183594	 271.7290344238281	 104190.8203125
38838968.0	 272.7251892089844	 267.4447021484375	 100028.984375
38839064.0	 272.1668701171875	 275.1763000488281	 102107.5703125
38839160.0	 272.6669006347656	 289.560546875	 109952.984375
38839256.0	 273.066162109375	 272.44183349609375	 100871.328125
38839348.0	 271.7483215332031	 274.7718200683594	 103467.9140625
38839448.0	 273.3002014160156	 284.1382141113281	 96818.09375
38839540.0	 272.9671325683594	 270.09954833984375	 100459.5234375
38839632.0	 269.2176513671875	 271.3911437988281	 102583.3125
38839732.0	 273.5865783691406	 264.4771423339844	 90145.625
38839828.0	 271.0034484863281	 267.31036376953125	 96098.25
38839924.0	 273.0455322265625	 263.7831115722656	 93833.5703125
38840016.0	 272.9826354980469	 269.63446044921875	 104319.7578125
38840108.0	 270.6837158203125	 293.7681884765625	 114119.234375
38840208.0	 269.3200378417969	 269.80926513671875	 113982.1328125
38840304.0	 269.0752868652344	 267.4332275390625	 111884.4453125
38840400.0	 268.48846435546875	 267.16864013671875	 89340.3359375
38840492.0	 268.1638488769531	 275.6867980957031	 100134.6484375
38840780.0	 274.7174987792969	 268.91790771484375	 91812.0859375
38840876.0	 278.8169250488281	 303.73736572265625	 85821.2109375
38840972.0	 278.61553955078125	 295.0627136230469	 92241.9609375
38841064.0	 276.4370422363281	 285.3279724121094	 81411.6640625
38841160.0	 281.3880310058594	 299.5842590332031	 83696.3125
38841256.0	 281.8370666503906	 289.5417175292969	 85760.6796875
38841352.0	 283.3836975097656	 296.4800720214844	 83643.1171875
38841448.0	 270.2984619140625	 275.4930419921875	 95961.8515625
38841540.0	 279.3238220214844	 285.85858154296875	 81791.4296875
38841640.0	 279.874755859375	 299.3367614746094	 85139.2421875
38841732.0	 279.2539978027344	 295.331298828125	 86308.3671875
38841832.0	 276.61199951171875	 289.0039367675781	 86452.2421875
38841924.0	 276.0420837402344	 291.63677978515625	 86190.171875
38842116.0	 283.09564208984375	 260.1363525390625	 71268.53125
38842212.0	 271.62591552734375	 280.0728759765625	 89989.2265625
38842304.0	 277.9449768066406	 288.26068115234375	 88085.625
38842400.0	 274.49517822265625	 292.7549743652344	 87328.453125
38842496.0	 276.2610778808594	 324.9571228027344	 96384.359375
38842596.0	 279.3727111816406	 294.85626220703125	 91394.8203125
38842688.0	 277.2132568359375	 286.6851806640625	 85085.9140625
38842780.0	 281.50360107421875	 308.8285827636719	 86454.1015625
38842880.0	 278.47796630859375	 295.2877502441406	 94145.5234375
38842972.0	 278.88861083984375	 313.5498352050781	 89348.046875
38843068.0	 282.9757995605469	 290.8332824707031	 84092.5546875
38843164.0	 283.55194091796875	 273.5154724121094	 68564.1953125
38843256.0	 282.3960266113281	 301.47509765625	 90504.765625
38843356.0	 278.7843017578125	 287.5487365722656	 90522.8671875
38843448.0	 274.9261474609375	 290.4643859863281	 84673.7890625
38843548.0	 274.8482360839844	 292.3708190917969	 103097.0546875
38843644.0	 275.52423095703125	 289.1973876953125	 80308.0390625
38843928.0	 272.8689270019531	 279.1136779785156	 86421.609375
38844024.0	 272.3878173828125	 286.9619140625	 89561.6953125
38844116.0	 272.2021484375	 279.5396728515625	 89962.90625
38844212.0	 272.442138671875	 276.4267883300781	 90136.140625
38844308.0	 270.6843566894531	 286.2071838378906	 98254.1015625
38844404.0	 274.0316467285156	 277.96881103515625	 99343.34375
38844500.0	 278.28778076171875	 289.8043518066406	 83620.953125
38844596.0	 275.3120422363281	 239.4734344482422	 113429.5859375
38844688.0	 295.251953125	 266.5007629394531	 88584.765625
38844788.0	 298.39227294921875	 266.4486999511719	 60235.81640625
38844880.0	 295.5295715332031	 294.0732116699219	 69522.671875
38844972.0	 295.5056457519531	 284.7884826660156	 71232.5859375
38845072.0	 295.1648254394531	 312.0317077636719	 96568.6484375
38845164.0	 292.43798828125	 288.1488342285156	 72304.734375
38845260.0	 289.9440612792969	 287.1387023925781	 81788.7265625
38845356.0	 291.42950439453125	 290.13043212890625	 70139.625
38845452.0	 286.9331970214844	 319.8980407714844	 90812.1796875
38845552.0	 291.62353515625	 288.88421630859375	 74714.734375
38845644.0	 292.3246765136719	 300.3528747558594	 77877.796875
38845740.0	 292.4496765136719	 295.5111083984375	 82002.3203125
38845836.0	 288.8608703613281	 296.8913269042969	 71518.71875
38845928.0	 285.4585266113281	 288.7532653808594	 90427.6796875
38846024.0	 283.6088562011719	 296.7366638183594	 96767.9453125
38846120.0	 290.6893615722656	 281.09722900390625	 72524.78125
38846216.0	 288.08837890625	 309.4396667480469	 94468.2421875
38846312.0	 302.0240173339844	 280.01898193359375	 69457.5
38846404.0	 297.0593566894531	 279.1222839355469	 71291.8203125
38846504.0	 294.7437438964844	 295.99639892578125	 76100.46875
38846596.0	 285.1713562011719	 297.19000244140625	 88247.6875
38846692.0	 286.5185241699219	 271.3078918457031	 71403.484375
38846788.0	 281.34259033203125	 285.0979309082031	 89498.0859375
38847072.0	 289.6163330078125	 274.7518005371094	 68495.8203125
38847168.0	 310.0166320800781	 293.5658874511719	 57502.546875
38847264.0	 309.5154113769531	 278.1582336425781	 55307.625
38847360.0	 306.623046875	 283.9681091308594	 56600.3046875
38847456.0	 308.22711181640625	 261.30242919921875	 45117.46484375
38847552.0	 307.0218505859375	 272.0069274902344	 52873.92578125
38847644.0	 302.802490234375	 278.572509765625	 54772.7109375
38847744.0	 304.90130615234375	 274.89251708984375	 53984.93359375
38847836.0	 304.0557861328125	 286.4869689941406	 56723.42578125
38847932.0	 303.15948486328125	 289.83697509765625	 61774.38671875
38848028.0	 304.09979248046875	 291.0491027832031	 65023.203125
38848216.0	 300.67193603515625	 296.364013671875	 67450.2265625
38848312.0	 300.5009460449219	 281.6643981933594	 59632.70703125
38848404.0	 300.85125732421875	 295.8445129394531	 61726.42578125
38848504.0	 291.795166015625	 290.4991149902344	 77434.9609375
38848596.0	 292.2101745605469	 329.7512512207031	 86708.0546875
38848696.0	 303.3060302734375	 253.2129669189453	 55379.94140625
38848792.0	 292.44012451171875	 268.24517822265625	 62611.32421875
38848884.0	 287.04620361328125	 301.8232116699219	 85725.296875
38848980.0	 288.0030517578125	 278.13970947265625	 69304.4765625
38849076.0	 288.37115478515625	 273.1027526855469	 64956.55078125
38849172.0	 288.60089111328125	 291.7749938964844	 69757.984375
38849264.0	 287.0315856933594	 288.65185546875	 79432.9453125
38849360.0	 289.037353515625	 276.4984130859375	 66880.96875
38849460.0	 287.4560241699219	 280.4291687011719	 66784.328125
38849552.0	 285.26837158203125	 289.76751708984375	 83070.6328125
38849648.0	 285.5769348144531	 286.6022033691406	 80120.8125
38849744.0	 280.09405517578125	 275.3337097167969	 75236.453125
38849836.0	 277.9368591308594	 288.2062072753906	 82866.7109375
38849936.0	 276.61041259765625	 249.67005920410156	 79259.4921875
38850220.0	 278.1619567871094	 273.2233581542969	 81788.453125
38850312.0	 276.4964904785156	 263.0909729003906	 71298.40625
38850412.0	 274.7950134277344	 279.79656982421875	 91289.1171875
38850508.0	 276.0688171386719	 267.4274597167969	 76124.6328125
38850600.0	 276.5827941894531	 270.27001953125	 84570.9140625
38850696.0	 270.65643310546875	 287.06024169921875	 88881.0859375
38850792.0	 274.859375	 301.1995849609375	 93566.7578125
38850888.0	 276.4791259765625	 305.0992431640625	 86509.625
38850984.0	 282.05120849609375	 282.3624267578125	 81389.5
38851076.0	 282.2066650390625	 281.10162353515625	 78997.0546875
38851176.0	 282.3686828613281	 287.2695617675781	 85524.2265625
38851268.0	 274.5445861816406	 267.25909423828125	 91961.2890625
38851364.0	 276.0263366699219	 279.3926696777344	 83561.8203125
38851460.0	 280.7567138671875	 292.1485900878906	 85937.421875
38851552.0	 291.5573425292969	 273.53497314453125	 71817.3828125
38851652.0	 291.36859130859375	 270.648193359375	 63659.13671875
38851744.0	 289.1770935058594	 278.9833984375	 73620.578125
38851840.0	 287.04443359375	 282.86822509765625	 76458.7109375
38851936.0	 292.9381408691406	 268.17303466796875	 72271.4765625
38852028.0	 291.9751892089844	 268.2203063964844	 72047.84375
38852128.0	 291.90435791015625	 268.529296875	 76937.84375
38852220.0	 289.39117431640625	 267.6220703125	 69275.2890625
38852320.0	 290.7313232421875	 272.775146484375	 67847.015625
38852416.0	 288.822021484375	 272.016357421875	 68903.3203125
38852508.0	 282.8947448730469	 281.4922180175781	 90093.0625
38852600.0	 283.45233154296875	 287.6054382324219	 84702.4296875
38852700.0	 284.3402099609375	 275.8887023925781	 73337.3671875
38852792.0	 281.9795837402344	 280.4847412109375	 84190.546875
38852888.0	 284.3771667480469	 299.3847961425781	 86047.453125
38852984.0	 280.3711853027344	 296.4698486328125	 90995.8125
38853080.0	 282.42816162109375	 296.6462097167969	 82893.265625
38853368.0	 279.5073547363281	 276.0633850097656	 88269.7265625
38853460.0	 274.9786376953125	 274.7833251953125	 81255.9296875
38853556.0	 275.0457763671875	 272.6266174316406	 95803.3828125
38853652.0	 282.7608337402344	 271.6853942871094	 75077.6484375
38853748.0	 281.2257995605469	 290.7252502441406	 95563.7109375
38853840.0	 283.20550537109375	 284.5165100097656	 89142.0390625
38853940.0	 280.0428771972656	 266.4412841796875	 87090.609375
38854032.0	 276.1204528808594	 252.4109649658203	 80380.0546875
38854132.0	 266.84576416015625	 271.38494873046875	 88767.3984375
38854320.0	 283.4181213378906	 313.59539794921875	 89279.7578125
38854416.0	 281.4332275390625	 307.92816162109375	 93147.46875
38854512.0	 285.6781921386719	 283.9122619628906	 81496.765625
38854608.0	 285.0373229980469	 290.75164794921875	 81520.828125
38854700.0	 284.56878662109375	 276.8226318359375	 86440.7109375
38854796.0	 279.24798583984375	 286.7110900878906	 80041.2890625
38854892.0	 279.7678527832031	 287.96893310546875	 82358.71875
38854988.0	 274.14312744140625	 293.6774597167969	 93831.09375
38855080.0	 289.6029052734375	 313.88885498046875	 70039.421875
38855180.0	 288.1556091308594	 303.22430419921875	 63595.609375
38855272.0	 288.7667236328125	 291.66461181640625	 69599.3125
38855368.0	 293.4803771972656	 279.9804992675781	 55825.7109375
38855464.0	 290.354248046875	 334.04290771484375	 68303.8046875
38855556.0	 285.4925231933594	 300.2000427246094	 73110.421875
38855652.0	 291.95123291015625	 299.46356201171875	 65687.9375
38855748.0	 290.62115478515625	 303.7662353515625	 66958.9921875
38855848.0	 289.65472412109375	 306.44915771484375	 67950.5625
38855940.0	 288.8574523925781	 316.3814697265625	 74291.40625
38856036.0	 291.5186767578125	 299.1429443359375	 59839.15625
38856132.0	 293.64031982421875	 304.6015319824219	 60625.7578125
38856228.0	 292.2428283691406	 315.2773132324219	 67937.90625
38856416.0	 317.5706481933594	 282.9346008300781	 126205.8046875
38856512.0	 314.8151550292969	 263.8987121582031	 63286.78125
38856612.0	 311.3735656738281	 269.16473388671875	 70755.421875
38856704.0	 311.884765625	 265.7327575683594	 60860.33984375
38856796.0	 311.6905517578125	 267.5950622558594	 67306.234375
38856896.0	 307.6575927734375	 275.0341491699219	 68403.0625
38857084.0	 307.27166748046875	 282.7021179199219	 76459.6015625
38857180.0	 320.92669677734375	 236.81809997558594	 76838.09375
38857272.0	 319.4062805175781	 268.3079833984375	 81326.3671875
38857372.0	 318.9482421875	 249.2849578857422	 67630.0859375
38857464.0	 322.6874084472656	 249.44760131835938	 69353.359375
38857560.0	 324.6123352050781	 242.08798217773438	 64228.71875
38857660.0	 323.2596130371094	 252.7556915283203	 71945.0625
38857752.0	 323.5948791503906	 230.1028289794922	 58959.96484375
38857848.0	 325.3402404785156	 253.6453094482422	 96562.921875
38857944.0	 331.62249755859375	 231.8536376953125	 73764.296875
38858036.0	 333.024169921875	 224.5556640625	 82440.078125
38858132.0	 334.00726318359375	 232.37857055664062	 119950.15625
38858228.0	 310.30206298828125	 274.0218505859375	 52334.35546875
38858320.0	 313.72454833984375	 255.60479736328125	 58818.10546875
38858420.0	 315.7987365722656	 261.3578186035156	 68358.7265625
38858512.0	 310.7154235839844	 272.0166320800781	 70057.6015625
38858612.0	 311.0975646972656	 270.2804260253906	 64081.3125
38858704.0	 310.1261901855469	 259.9280700683594	 63621.73046875
38858800.0	 306.64361572265625	 277.3948059082031	 69623.4921875
38858896.0	 307.0360107421875	 280.6190490722656	 64816.65234375
38858992.0	 308.3172912597656	 278.34490966796875	 67275.84375
38859088.0	 310.8417053222656	 272.0670471191406	 67681.7578125
38859180.0	 307.23333740234375	 275.5138854980469	 65543.4296875
38859276.0	 307.0057373046875	 278.2347106933594	 63875.37109375
38859376.0	 303.4896545410156	 266.53765869140625	 59125.92578125
38859560.0	 301.4944763183594	 282.6717529296875	 135547.46875
38859660.0	 308.9040222167969	 268.9241943359375	 65112.3671875
38859752.0	 311.4894104003906	 286.5334167480469	 67604.28125
38859852.0	 312.2012939453125	 283.87872314453125	 58061.26171875
38859944.0	 315.050537109375	 258.9822082519531	 65578.78125
38860040.0	 309.4418640136719	 270.28375244140625	 57904.140625
38860136.0	 304.0716857910156	 270.4123229980469	 54468.41796875
38860228.0	 303.76934814453125	 285.52117919921875	 60681.390625
38860420.0	 308.6100769042969	 273.8046569824219	 67612.71875
38860516.0	 313.1487121582031	 272.6728210449219	 68057.125
38860612.0	 308.6800231933594	 269.2040100097656	 62920.515625
38860708.0	 307.0594177246094	 284.6408386230469	 71356.9453125
38860800.0	 310.00445556640625	 268.199951171875	 63984.60546875
38860896.0	 308.8179016113281	 270.55517578125	 61328.9453125
38860992.0	 309.4792175292969	 267.1329650878906	 62312.02734375
38861092.0	 310.1853942871094	 268.1454162597656	 66744.984375
38861184.0	 309.3314208984375	 280.8611755371094	 70439.46875
38861280.0	 311.6545104980469	 259.6474304199219	 56946.0390625
38861376.0	 311.51690673828125	 274.2437438964844	 68539.2421875
38861468.0	 312.9918212890625	 267.33758544921875	 62015.859375
38861564.0	 313.2792053222656	 266.7625732421875	 62104.3359375
38861660.0	 311.62518310546875	 264.3959655761719	 64584.96484375
38861756.0	 309.5380554199219	 284.873291015625	 83984.3515625
38861852.0	 312.1575012207031	 268.6239013671875	 66545.75
38861948.0	 309.7558288574219	 272.9020690917969	 67483.15625
38862140.0	 308.5489501953125	 272.822021484375	 60754.57421875
38862324.0	 305.511962890625	 281.5303955078125	 62351.828125
38862424.0	 304.65924072265625	 280.0224304199219	 77615.859375
38862516.0	 309.806640625	 271.46392822265625	 70725.4375
38862708.0	 300.4925842285156	 262.16705322265625	 115221.0546875
38862804.0	 300.88726806640625	 293.24078369140625	 70480.4921875
38862900.0	 299.7176513671875	 278.4471130371094	 69249.8828125
38862996.0	 304.8200988769531	 273.05633544921875	 74047.640625
38863088.0	 308.0528869628906	 280.0411682128906	 56202.88671875
38863188.0	 307.9786682128906	 275.6293029785156	 57090.60546875
38863280.0	 302.3725280761719	 277.8345947265625	 53831.1328125
38863380.0	 299.8199462890625	 298.4660339355469	 60927.7265625
38863472.0	 300.84149169921875	 284.536376953125	 57698.296875
38863564.0	 300.81805419921875	 288.9425048828125	 58721.5078125
38863664.0	 298.212646484375	 278.5643310546875	 55055.8984375
38863760.0	 295.17462158203125	 305.0147399902344	 61870.78125
38863856.0	 300.24072265625	 302.01434326171875	 59320.0546875
38863948.0	 300.5728454589844	 295.1684265136719	 62943.94921875
38864040.0	 300.7084045410156	 297.6959533691406	 54745.12890625
38864140.0	 297.1128234863281	 304.87664794921875	 71115.640625
38864232.0	 294.0322265625	 291.6219177246094	 55302.90625
38864328.0	 292.34210205078125	 299.7076721191406	 59829.30859375
38864428.0	 291.9818420410156	 287.6742858886719	 63649.19921875
38864520.0	 296.5463562011719	 283.6695861816406	 67922.6640625
38864616.0	 309.5823669433594	 277.9102783203125	 61264.47265625
38864712.0	 308.96588134765625	 283.5321350097656	 66346.25
38864808.0	 306.6884765625	 285.0640563964844	 69724.390625
38864904.0	 303.2212829589844	 289.5712585449219	 70078.6484375
38864996.0	 302.76177978515625	 287.36676025390625	 78263.0703125
38865092.0	 300.2777404785156	 268.2557067871094	 61634.6953125
38865188.0	 304.5802001953125	 284.6083068847656	 64219.8515625
38865280.0	 307.7361755371094	 247.98692321777344	 51555.41015625
38865380.0	 303.35174560546875	 278.1908264160156	 65460.9296875
38865476.0	 300.02001953125	 281.5565490722656	 64431.59765625
38865568.0	 299.0940856933594	 285.563720703125	 71279.8046875
38865664.0	 300.4642028808594	 281.1474609375	 65776.6015625
38865852.0	 294.4562683105469	 313.4493713378906	 124143.953125
38865948.0	 299.66473388671875	 297.901611328125	 96489.8125
38866044.0	 308.1701354980469	 267.064697265625	 60505.92578125
38866144.0	 303.179931640625	 257.3658752441406	 46721.875
38866236.0	 306.294677734375	 278.402099609375	 56048.96875
38866332.0	 307.80853271484375	 275.6711120605469	 63682.45703125
38866524.0	 308.8071594238281	 266.6255798339844	 61828.40234375
38866616.0	 308.3231506347656	 278.8542175292969	 64589.96875
38866712.0	 304.7744445800781	 273.0849914550781	 62850.93359375
38866808.0	 308.8600769042969	 281.1035461425781	 59119.1328125
38866904.0	 309.3264465332031	 273.55096435546875	 59552.05859375
38866996.0	 309.32318115234375	 273.4000244140625	 57765.21875
38867092.0	 307.7472839355469	 281.5235290527344	 66809.4453125
38867192.0	 308.0443115234375	 274.0833435058594	 59332.39453125
38867284.0	 308.3312072753906	 277.52191162109375	 61579.94921875
38867376.0	 309.846435546875	 274.11572265625	 59499.77734375
38867476.0	 311.0728454589844	 264.5550231933594	 53993.46484375
38867568.0	 309.95025634765625	 271.7724304199219	 59595.23828125
38867664.0	 304.8175964355469	 284.0884094238281	 65439.85546875
38867760.0	 304.9267578125	 288.61871337890625	 59957.0
38867856.0	 306.21392822265625	 286.7899169921875	 57776.80859375
38867952.0	 306.3348388671875	 292.111328125	 63714.9609375
38868048.0	 306.3958435058594	 275.76611328125	 57452.75390625
38868144.0	 306.5190124511719	 280.15948486328125	 58273.14453125
38868240.0	 307.0998840332031	 276.08709716796875	 56837.46484375
38868332.0	 309.47332763671875	 275.5107727050781	 56995.125
38868432.0	 308.9267578125	 273.62017822265625	 57872.85546875
38868524.0	 307.15179443359375	 282.4181213378906	 61159.609375
38868616.0	 308.5997314453125	 273.7981872558594	 54510.1953125
38868716.0	 306.49298095703125	 275.6849060058594	 61122.1640625
38868812.0	 305.76751708984375	 295.0172424316406	 63560.7109375
38869000.0	 305.3485107421875	 277.41656494140625	 87567.0546875
38869096.0	 309.630859375	 280.6722412109375	 58101.11328125
38869192.0	 311.1634826660156	 276.3598327636719	 53973.08203125
38869284.0	 310.5433044433594	 277.8905334472656	 60282.1953125
38869380.0	 312.9058532714844	 278.3893127441406	 61203.85546875
38869480.0	 311.6045227050781	 264.0868835449219	 59341.92578125
38869572.0	 309.48602294921875	 270.4711608886719	 61834.86328125
38869668.0	 312.1977233886719	 282.1147155761719	 63879.16015625
38869764.0	 308.60986328125	 295.4532775878906	 66697.171875
38869860.0	 310.44879150390625	 265.8536376953125	 68258.8828125
38869956.0	 311.0421447753906	 268.1842346191406	 64352.13671875
38870048.0	 310.9298095703125	 269.9717712402344	 66673.1953125
38870144.0	 308.79461669921875	 283.9493713378906	 81304.0
38870240.0	 311.76934814453125	 272.454833984375	 72633.2578125
38870336.0	 310.4946594238281	 264.3054504394531	 67002.4765625
38870428.0	 309.431640625	 269.6078186035156	 64083.3984375
38870528.0	 308.21575927734375	 264.1512145996094	 66370.5078125
38870620.0	 304.5519714355469	 285.13128662109375	 69936.3046875
38870716.0	 305.7656555175781	 294.9764709472656	 80392.5703125
38870812.0	 312.4449768066406	 272.1748352050781	 66370.7578125
38870904.0	 312.3638000488281	 262.6388244628906	 66652.1640625
38871000.0	 312.1834716796875	 265.6163635253906	 71929.015625
38871096.0	 312.357177734375	 260.4009094238281	 63218.3984375
38871188.0	 311.62725830078125	 263.1989440917969	 67796.375
38871288.0	 310.9620361328125	 262.6695251464844	 68905.4765625
38871384.0	 314.2540588378906	 258.8439025878906	 69854.5625
38871480.0	 311.4223327636719	 268.2244567871094	 82041.8359375
38871576.0	 313.7577819824219	 257.1120910644531	 71909.4609375
38871668.0	 310.0330810546875	 269.087890625	 78340.5859375
38871764.0	 312.14013671875	 264.9356994628906	 66991.7578125
38871860.0	 312.58721923828125	 267.2944030761719	 67760.28125
38871952.0	 313.45654296875	 264.42437744140625	 70266.765625
38872144.0	 306.5968933105469	 280.05902099609375	 142103.328125
38872240.0	 313.1012878417969	 262.4042053222656	 68077.71875
38872336.0	 312.8052062988281	 262.5679931640625	 65613.875
38872432.0	 312.9246826171875	 262.3638000488281	 65244.53515625
38872620.0	 314.6220397949219	 264.83380126953125	 70388.6171875
38872716.0	 314.80572509765625	 259.7706298828125	 70645.7734375
38872812.0	 314.33038330078125	 254.28965759277344	 62367.87890625
38872908.0	 308.90362548828125	 275.9581604003906	 74064.5546875
38873004.0	 311.5321350097656	 264.30670166015625	 68900.90625
38873100.0	 309.0408630371094	 266.7890930175781	 66288.7890625
38873192.0	 309.717041015625	 258.6981506347656	 61155.69921875
38873292.0	 309.3217468261719	 264.7445068359375	 62753.65625
38873384.0	 309.3629150390625	 264.5629577636719	 59417.40625
38873480.0	 307.07635498046875	 272.794189453125	 68919.25
38873576.0	 308.1767578125	 270.88690185546875	 72136.2421875
38873672.0	 308.209716796875	 283.64605712890625	 76244.1796875
38873764.0	 309.57745361328125	 269.6922912597656	 61556.69140625
38873860.0	 307.382080078125	 279.5553283691406	 63345.11328125
38873956.0	 308.19952392578125	 286.7708740234375	 66795.796875
38874052.0	 307.843994140625	 282.34417724609375	 68362.6796875
38874148.0	 312.102294921875	 264.288818359375	 63104.4765625
38874240.0	 309.3763427734375	 274.744873046875	 59407.390625
38874340.0	 307.7843322753906	 263.9919128417969	 61480.1796875
38874432.0	 316.3712158203125	 254.7647247314453	 62603.11328125
38874528.0	 312.0521545410156	 273.06439208984375	 68732.953125
38874624.0	 318.666259765625	 256.94024658203125	 72742.828125
38874720.0	 317.92181396484375	 256.9662170410156	 64954.03125
38874816.0	 313.92401123046875	 251.27114868164062	 66100.9453125
38874908.0	 310.7233581542969	 269.4828186035156	 67462.875
38875004.0	 311.9823913574219	 272.2975769042969	 68258.328125
38875104.0	 315.4367370605469	 261.0824279785156	 65072.7421875
38875292.0	 306.38580322265625	 290.19598388671875	 90681.609375
38875388.0	 315.7534484863281	 284.51763916015625	 69375.421875
38875480.0	 316.9055480957031	 259.9784851074219	 63196.921875
38875576.0	 314.4772033691406	 266.91302490234375	 63652.71875
38875672.0	 316.272216796875	 267.6334228515625	 65656.421875
38875764.0	 315.1447448730469	 266.4530334472656	 65773.328125
38875864.0	 315.446533203125	 272.2519836425781	 65336.25
38875960.0	 314.06378173828125	 262.7461853027344	 55870.640625
38876052.0	 314.7980651855469	 270.91162109375	 67976.390625
38876148.0	 313.6953430175781	 273.0946044921875	 63531.77734375
38876244.0	 315.9184265136719	 262.8792419433594	 59825.4609375
38876336.0	 314.636474609375	 268.183837890625	 74229.2421875
38876432.0	 317.61907958984375	 260.32757568359375	 65283.96484375
38876532.0	 321.00836181640625	 252.12237548828125	 63424.65625
38876628.0	 322.2822570800781	 254.0294189453125	 69748.9765625
38876724.0	 321.64190673828125	 254.26036071777344	 87625.8125
38876816.0	 323.12689208984375	 256.3330993652344	 74133.2890625
38876912.0	 320.6610412597656	 260.2548522949219	 73974.296875
38877008.0	 318.5445251464844	 267.82281494140625	 87946.078125
38877100.0	 322.58721923828125	 246.83106994628906	 63912.55859375
38877200.0	 321.4205017089844	 260.9365234375	 77942.9375
38877292.0	 321.3437805175781	 257.42950439453125	 73888.6875
38877384.0	 321.2350769042969	 265.6641845703125	 68320.390625
38877484.0	 321.6806640625	 260.5983581542969	 69851.15625
38877580.0	 319.6228332519531	 263.8049621582031	 72334.25
38877676.0	 325.00262451171875	 252.82273864746094	 65059.9140625
38877768.0	 322.2296447753906	 250.0738983154297	 68406.546875
38877864.0	 323.39569091796875	 251.41958618164062	 76396.8515625
38877960.0	 322.3431701660156	 258.3739929199219	 74230.4375
38878052.0	 325.59539794921875	 241.72802734375	 61918.26171875
38878148.0	 325.5718994140625	 249.60498046875	 64095.26171875
38878436.0	 319.27069091796875	 259.3233947753906	 110333.7265625
38878532.0	 322.52545166015625	 264.7624816894531	 64001.61328125
38878724.0	 322.5740661621094	 257.4044494628906	 71949.6640625
38878816.0	 323.0622253417969	 249.18701171875	 64189.91796875
38878912.0	 324.14959716796875	 250.1078338623047	 70183.1484375
38879008.0	 322.52392578125	 242.19900512695312	 59695.75
38879104.0	 321.51837158203125	 269.3378601074219	 68825.375
38879196.0	 322.0406799316406	 252.08572387695312	 67958.1484375
38879296.0	 323.5307922363281	 258.4192199707031	 72629.015625
38879388.0	 321.6075134277344	 265.11376953125	 73111.6328125
38879484.0	 320.8714904785156	 265.14263916015625	 73403.5234375
38879580.0	 319.6039733886719	 276.6431884765625	 90530.6875
38879672.0	 323.7491455078125	 265.39935302734375	 70337.2734375
38879772.0	 319.9351501464844	 267.2065734863281	 93594.3984375
38879864.0	 324.67669677734375	 237.22669982910156	 68052.15625
38879960.0	 321.070068359375	 253.1477508544922	 71324.4296875
38880060.0	 315.8220520019531	 267.88519287109375	 67839.3984375
38880152.0	 319.0270690917969	 258.1968994140625	 59520.6484375
38880244.0	 322.0308837890625	 254.9176788330078	 61710.828125
38880340.0	 318.59613037109375	 265.107666015625	 67266.3984375
38880436.0	 318.7563171386719	 269.17083740234375	 65441.4375
38880536.0	 321.18145751953125	 254.63150024414062	 61554.73828125
38880628.0	 319.6915283203125	 253.36129760742188	 58531.23046875
38880724.0	 318.7786865234375	 259.5709228515625	 59667.1171875
38880820.0	 317.34246826171875	 265.80718994140625	 59151.890625
38880912.0	 318.6935729980469	 260.7140808105469	 58596.7890625
38881008.0	 317.19451904296875	 275.06121826171875	 70424.75
38881104.0	 314.9173583984375	 273.60015869140625	 61321.42578125
38881196.0	 317.0212097167969	 289.9961242675781	 62744.9140625
38881300.0	 320.6380920410156	 252.5269317626953	 50245.515625
38881392.0	 320.5765075683594	 259.43304443359375	 55858.94140625
38881580.0	 310.7616882324219	 280.71954345703125	 101866.0859375
38881676.0	 320.6064147949219	 262.7988586425781	 58845.7890625
38881772.0	 316.582275390625	 272.30865478515625	 56923.6015625
38881868.0	 314.6319274902344	 282.33013916015625	 86816.6796875
38881964.0	 318.7088623046875	 264.69329833984375	 61114.109375
38882056.0	 319.1322326660156	 264.05474853515625	 71276.15625
38882156.0	 319.599853515625	 269.71234130859375	 67208.71875
38882248.0	 322.2055358886719	 265.1644592285156	 71307.2421875
38882344.0	 327.7308044433594	 235.08616638183594	 60273.5234375
38882440.0	 309.47509765625	 298.36181640625	 61820.765625
38882532.0	 309.7156066894531	 289.7367248535156	 53694.03515625
38882632.0	 315.36492919921875	 271.7397155761719	 48105.47265625
38882724.0	 324.3007507324219	 258.5644226074219	 61614.625
38882816.0	 310.57196044921875	 263.151611328125	 60979.3359375
38882916.0	 310.8328552246094	 286.7998962402344	 55027.625
38883012.0	 309.3377685546875	 275.2054443359375	 49424.6328125
38883104.0	 311.0159606933594	 292.13482666015625	 58440.4140625
38883200.0	 312.69085693359375	 278.1251220703125	 52491.4765625
38883296.0	 310.4426574707031	 280.78326416015625	 57088.65625
38883392.0	 309.27728271484375	 286.3831787109375	 79080.8359375
38883488.0	 315.4395751953125	 277.152587890625	 59727.83203125
38883580.0	 316.9888916015625	 280.7798767089844	 61499.75390625
38883680.0	 314.1039123535156	 287.0425720214844	 78190.65625
38883772.0	 315.44122314453125	 271.3833312988281	 52967.16796875
38883868.0	 320.00762939453125	 263.7136535644531	 58542.07421875
38883964.0	 319.7835693359375	 255.51251220703125	 57402.671875
38884056.0	 316.6653747558594	 257.8388366699219	 51636.02734375
38884152.0	 316.4453430175781	 266.0882263183594	 53344.7734375
38884248.0	 314.5966796875	 274.2515869140625	 53802.19921875
38884344.0	 315.95526123046875	 278.17254638671875	 68822.8671875
38884444.0	 322.6152648925781	 258.990966796875	 62045.82421875
38884536.0	 322.24322509765625	 256.36431884765625	 67014.0625
38884820.0	 321.7465515136719	 279.36126708984375	 66679.3984375
38884912.0	 320.17913818359375	 255.70840454101562	 54090.421875
38885012.0	 318.86614990234375	 268.0699157714844	 65424.2109375
38885108.0	 317.6984558105469	 270.2476501464844	 49798.85546875
38885204.0	 316.9690246582031	 275.0887145996094	 53079.62890625
38885300.0	 317.37255859375	 260.99212646484375	 51078.06640625
38885392.0	 316.9208679199219	 273.3177185058594	 56406.07421875
38885492.0	 317.4383239746094	 284.7258605957031	 55210.4921875
38885584.0	 313.9216003417969	 281.6575927734375	 70403.6484375
38885680.0	 316.920166015625	 275.3493347167969	 61708.65625
38885776.0	 313.6168212890625	 281.5572204589844	 57859.60546875
38885868.0	 316.44451904296875	 278.1523132324219	 53873.3359375
38885964.0	 312.38690185546875	 284.3028564453125	 61337.75
38886060.0	 317.0998840332031	 269.7610778808594	 52762.67578125
38886156.0	 311.2532653808594	 281.39862060546875	 51102.33203125
38886248.0	 315.1162109375	 273.78118896484375	 55608.09765625
38886348.0	 314.4892272949219	 271.671630859375	 55145.53125
38886440.0	 315.0567321777344	 273.97235107421875	 62605.90234375
38886536.0	 310.3066101074219	 289.599853515625	 60184.27734375
38886632.0	 312.23663330078125	 278.5494689941406	 62801.84375
38886724.0	 311.20123291015625	 271.609375	 59067.26171875
38886824.0	 310.3528137207031	 275.2511291503906	 66442.3046875
38886920.0	 312.5437316894531	 272.1358337402344	 60110.93359375
38887012.0	 311.1874694824219	 275.46856689453125	 53556.41796875
38887108.0	 311.8897399902344	 278.4900207519531	 59494.5859375
38887204.0	 309.6274719238281	 282.0194396972656	 63426.16015625
38887296.0	 312.8286437988281	 281.15631103515625	 65133.5078125
38887396.0	 310.03570556640625	 288.0092468261719	 63059.9765625
38887492.0	 309.4888610839844	 284.4412841796875	 56360.828125
38887588.0	 308.7278747558594	 279.8578796386719	 59455.15234375
38887680.0	 298.6329650878906	 262.1234130859375	 57150.9921875
38887872.0	 294.0352783203125	 302.9649353027344	 97129.3515625
38887964.0	 292.3705749511719	 347.2001647949219	 81474.46875
38888060.0	 304.1189270019531	 348.0188293457031	 84390.59375
38888160.0	 309.9725646972656	 286.768798828125	 58128.12890625
38888252.0	 319.8271789550781	 261.7901611328125	 76579.2421875
38888344.0	 310.358642578125	 286.4034423828125	 66378.4375
38888444.0	 313.00579833984375	 266.4092102050781	 75925.6171875
38888536.0	 314.20013427734375	 272.8431701660156	 60744.44140625
38888632.0	 313.30804443359375	 261.89532470703125	 51029.8359375
38888728.0	 316.0019836425781	 283.0423889160156	 65839.8515625
38888824.0	 315.25030517578125	 239.9148406982422	 50772.86328125
38888920.0	 301.16778564453125	 323.097900390625	 91482.03125
38889016.0	 321.2175598144531	 270.0955810546875	 89230.4375
38889108.0	 315.1415710449219	 242.2903289794922	 50436.234375
38889204.0	 304.64508056640625	 290.914794921875	 90264.21875
38889300.0	 307.16400146484375	 279.0110778808594	 66767.1328125
38889392.0	 305.76116943359375	 270.8670349121094	 62427.84375
38889492.0	 305.79205322265625	 288.009033203125	 87865.8671875
38889584.0	 304.89208984375	 289.8966369628906	 79348.5859375
