START:	 56.50000000000053
END:	 56.600000000000534

r [km]	 vr [km/s]	 np [cm-3]	 T [K]
39307072.0	 293.74969482421875	 505.23040771484375	 68865.390625
39307156.0	 293.8114318847656	 505.16912841796875	 67296.5625
39307248.0	 294.2784118652344	 504.41778564453125	 66537.1015625
39307336.0	 293.3105163574219	 501.6222229003906	 67006.1484375
39307424.0	 292.9646301269531	 496.87078857421875	 64683.92578125
39307516.0	 293.6296081542969	 504.1144714355469	 68548.515625
39307608.0	 293.6481628417969	 502.2047119140625	 66033.6796875
39307700.0	 293.7916564941406	 504.4637451171875	 66387.0078125
39307784.0	 293.4678955078125	 503.6015625	 66985.3203125
39307872.0	 293.7311706542969	 505.89605712890625	 67188.1171875
39307968.0	 293.4097595214844	 506.91888427734375	 67791.546875
39308052.0	 292.8751525878906	 513.7537841796875	 69002.109375
39308144.0	 292.2508850097656	 506.3498840332031	 66528.84375
39308236.0	 292.2668151855469	 500.3046875	 67592.6328125
39308324.0	 292.4649658203125	 504.3390808105469	 69188.640625
39308412.0	 293.31622314453125	 503.99169921875	 66104.1484375
39308500.0	 292.2364501953125	 502.91851806640625	 68794.859375
39308588.0	 291.94305419921875	 510.35577392578125	 70194.0078125
39308680.0	 291.7953796386719	 507.49200439453125	 69875.765625
39308772.0	 291.51348876953125	 511.719970703125	 69963.3984375
39308860.0	 291.7857666015625	 507.0538330078125	 70694.71875
39308948.0	 292.05914306640625	 491.40740966796875	 63732.57421875
39309128.0	 295.0188293457031	 506.3369140625	 66183.4375
39309216.0	 293.7676696777344	 509.8912658691406	 68996.921875
39309304.0	 293.66961669921875	 513.7130126953125	 69429.3125
39309396.0	 294.03692626953125	 514.250244140625	 68437.96875
39309484.0	 293.899658203125	 523.8995361328125	 75748.4609375
39309576.0	 294.28192138671875	 519.4944458007812	 69852.21875
39309664.0	 294.669677734375	 517.42626953125	 70512.5625
39309752.0	 294.055908203125	 516.4281005859375	 71252.3046875
39309848.0	 293.75274658203125	 515.6814575195312	 70849.6484375
39309932.0	 293.2153015136719	 509.3529968261719	 68141.921875
39310028.0	 292.4664611816406	 511.1176452636719	 69935.5859375
39310116.0	 292.0718994140625	 510.0403747558594	 68456.90625
39310200.0	 294.24090576171875	 521.4458618164062	 70934.53125
39310296.0	 293.885986328125	 512.827392578125	 67799.4765625
39310384.0	 293.66650390625	 518.5526123046875	 71049.34375
39310472.0	 294.0974426269531	 518.154541015625	 71015.375
39310560.0	 293.31427001953125	 520.9691162109375	 72355.7578125
39310652.0	 294.03509521484375	 528.3768310546875	 71945.1953125
39310744.0	 293.430419921875	 515.764404296875	 69510.1640625
39310828.0	 293.9906921386719	 519.5337524414062	 70745.78125
39310920.0	 293.8775634765625	 522.13623046875	 72204.2890625
39311008.0	 294.0100402832031	 527.96240234375	 72627.90625
39311100.0	 293.42431640625	 507.590576171875	 69619.03125
39311188.0	 292.83831787109375	 510.3251037597656	 68575.1953125
39311280.0	 294.5581359863281	 516.8707885742188	 69296.796875
39311364.0	 294.7955627441406	 511.9119567871094	 68564.6328125
39311460.0	 294.5721435546875	 512.642578125	 69103.421875
39311548.0	 293.4061279296875	 508.3026428222656	 69673.375
39311632.0	 294.5694274902344	 513.843017578125	 68978.140625
39311724.0	 294.3173828125	 521.5895385742188	 70161.25
39311812.0	 295.0948791503906	 510.5794677734375	 68732.0859375
39311908.0	 295.32806396484375	 515.0292358398438	 68941.8828125
39312084.0	 297.0154724121094	 523.4842529296875	 68598.59375
39312172.0	 301.3769226074219	 512.8963623046875	 64819.95703125
39312260.0	 301.5345764160156	 501.2525939941406	 58168.18359375
39312352.0	 301.2548522949219	 508.47442626953125	 60292.03515625
39312444.0	 301.6252746582031	 516.8612670898438	 63653.94921875
39312532.0	 303.00128173828125	 502.7268981933594	 59740.91015625
39312620.0	 302.13397216796875	 505.5791320800781	 61338.9765625
39312712.0	 301.4571228027344	 511.46917724609375	 63385.21875
39312800.0	 301.1591491699219	 505.5323181152344	 60811.30078125
39312888.0	 300.6383056640625	 513.4769897460938	 63551.16015625
39312980.0	 300.7152099609375	 507.7246398925781	 60140.66796875
39313072.0	 299.8287048339844	 507.4984130859375	 61095.21484375
39313160.0	 300.34588623046875	 512.2056274414062	 61714.953125
39313248.0	 300.087890625	 512.6516723632812	 61368.10546875
39313340.0	 300.1250305175781	 510.59686279296875	 60524.6875
39313424.0	 299.7152099609375	 514.1138916015625	 62558.2109375
39313512.0	 299.96429443359375	 513.192626953125	 62199.91796875
39313608.0	 298.0740661621094	 514.5955200195312	 64709.546875
39313692.0	 298.9460144042969	 508.834228515625	 62417.89453125
39313788.0	 300.3148498535156	 512.6975708007812	 63030.5
39313876.0	 300.7270202636719	 504.5177307128906	 61686.54296875
39313964.0	 300.8996276855469	 507.9744567871094	 60240.79296875
39314056.0	 300.77880859375	 510.9320068359375	 63218.1015625
39314140.0	 300.4664306640625	 508.4802551269531	 63830.69140625
39314236.0	 301.0151062011719	 504.711669921875	 60680.21484375
39314324.0	 300.2289123535156	 508.90130615234375	 61084.30859375
39314412.0	 299.9895935058594	 501.1020202636719	 61130.46875
39314500.0	 299.75787353515625	 506.7821960449219	 61455.5
39314592.0	 299.07489013671875	 514.5365600585938	 62966.8125
39314676.0	 299.03729248046875	 511.3440246582031	 62442.6484375
39314772.0	 299.2618408203125	 511.9601745605469	 61691.21484375
39314860.0	 299.49908447265625	 508.7332763671875	 60034.69921875
39315040.0	 300.5628967285156	 501.9272155761719	 57598.08203125
39315128.0	 300.1746520996094	 508.1816101074219	 61097.359375
39315220.0	 298.71563720703125	 515.5322265625	 61770.234375
39315308.0	 298.8950500488281	 511.8365173339844	 60391.1328125
39315400.0	 297.2914733886719	 510.1662292480469	 58720.5234375
39315488.0	 299.0921630859375	 519.5863037109375	 63229.19140625
39315576.0	 299.0539245605469	 504.5394287109375	 59167.90234375
39315668.0	 298.8665466308594	 512.9813842773438	 60124.90625
39315756.0	 298.86083984375	 517.069091796875	 61290.1875
39315844.0	 299.31536865234375	 514.1873168945312	 59433.30078125
39315936.0	 299.0257568359375	 510.5127258300781	 60985.24609375
39316024.0	 298.40576171875	 516.0592041015625	 62070.79296875
39316116.0	 298.82208251953125	 516.6354370117188	 61910.80859375
39316204.0	 299.2001647949219	 518.192138671875	 62696.50390625
39316292.0	 298.71002197265625	 521.77392578125	 66776.046875
39316384.0	 300.1500244140625	 502.8632507324219	 60221.296875
39316472.0	 299.9004821777344	 512.3140869140625	 61080.85546875
39316560.0	 299.8667297363281	 509.5235290527344	 59955.85546875
39316652.0	 300.05718994140625	 510.96697998046875	 60482.515625
39316740.0	 299.16778564453125	 512.5773315429688	 61019.12890625
39316832.0	 299.7192687988281	 511.6135559082031	 59798.44140625
39316920.0	 299.5801696777344	 508.8805847167969	 60527.890625
39317004.0	 299.1188049316406	 513.4788208007812	 62686.31640625
39317100.0	 299.5974426269531	 510.1827087402344	 61550.265625
39317188.0	 299.66070556640625	 515.0445556640625	 61330.53515625
39317276.0	 299.4191589355469	 519.9609985351562	 62996.96484375
39317368.0	 298.52117919921875	 502.6370849609375	 59767.70703125
39317456.0	 298.897216796875	 512.5634155273438	 61016.09375
39317548.0	 298.8771667480469	 507.50604248046875	 59570.21484375
39317636.0	 298.54144287109375	 513.1744995117188	 61401.87890625
39317724.0	 298.386474609375	 513.1593017578125	 61975.01953125
39317816.0	 298.9143981933594	 515.25244140625	 60447.32421875
39317996.0	 298.4430236816406	 513.9209594726562	 58557.09765625
39318084.0	 297.97589111328125	 516.0249633789062	 61119.65625
39318172.0	 298.2110290527344	 513.2587280273438	 60406.5
39318264.0	 296.9810791015625	 522.745361328125	 62944.49609375
39318352.0	 297.4985656738281	 524.5383911132812	 62307.734375
39318440.0	 297.60089111328125	 516.2066650390625	 62053.62890625
39318532.0	 297.3210754394531	 527.0668334960938	 66450.046875
39318620.0	 297.1186218261719	 521.2605590820312	 64266.6875
39318712.0	 297.2763977050781	 519.8713989257812	 62436.078125
39318800.0	 297.17303466796875	 520.9909057617188	 64650.53125
39318888.0	 297.58306884765625	 518.5385131835938	 61171.84375
39318980.0	 297.3135986328125	 520.8192138671875	 62528.859375
39319068.0	 296.4764404296875	 525.7028198242188	 67197.96875
39319156.0	 297.10772705078125	 519.2532958984375	 63177.515625
39319248.0	 297.27642822265625	 520.7134399414062	 62956.65625
39319336.0	 297.4712219238281	 519.49560546875	 63066.52734375
39319428.0	 296.8502197265625	 525.4127197265625	 65342.0390625
39319516.0	 297.25286865234375	 514.5343627929688	 62503.75390625
39319604.0	 297.35614013671875	 522.205078125	 62448.90234375
39319696.0	 297.7787170410156	 518.1001586914062	 61507.765625
39319784.0	 297.6242370605469	 515.1294555664062	 62972.2734375
39319876.0	 298.0243225097656	 516.85400390625	 62493.875
39319964.0	 297.72772216796875	 517.48046875	 61406.53515625
39320052.0	 298.03314208984375	 513.364013671875	 61324.26171875
39320144.0	 297.9085388183594	 514.5042724609375	 60770.04296875
39320232.0	 297.93927001953125	 517.3728637695312	 63286.2265625
39320320.0	 298.0011291503906	 513.410400390625	 62464.6015625
39320412.0	 297.65966796875	 518.544189453125	 63149.1328125
39320500.0	 297.7365417480469	 514.2620849609375	 63824.11328125
39320588.0	 297.5844421386719	 521.7918701171875	 65576.40625
39320680.0	 297.9679870605469	 519.080322265625	 63519.234375
39320768.0	 297.9069519042969	 514.5841674804688	 62366.35546875
39320948.0	 298.2126159667969	 514.6063232421875	 60798.07421875
39321036.0	 297.77044677734375	 517.0567016601562	 64441.16015625
39321128.0	 298.50592041015625	 515.7789306640625	 61748.2734375
39321216.0	 298.3458557128906	 512.5900268554688	 61967.0625
39321304.0	 298.584228515625	 515.0540161132812	 62371.36328125
39321396.0	 298.56842041015625	 515.602783203125	 63052.5625
39321484.0	 298.6064758300781	 509.1373291015625	 60502.01171875
39321576.0	 297.95147705078125	 520.66162109375	 64212.796875
39321664.0	 298.1475524902344	 512.199951171875	 62724.73828125
39321752.0	 298.1556091308594	 516.5519409179688	 63546.44140625
39321844.0	 298.83935546875	 510.32659912109375	 61571.0078125
39321932.0	 298.93048095703125	 515.12646484375	 63283.48046875
39322024.0	 299.0990295410156	 507.04766845703125	 62854.0703125
39322112.0	 298.408935546875	 518.3800659179688	 64484.6953125
39322200.0	 298.79669189453125	 515.324951171875	 62854.1015625
39322296.0	 298.76922607421875	 517.26708984375	 63939.35546875
39322380.0	 298.974853515625	 511.3711853027344	 64131.015625
39322468.0	 299.4079284667969	 509.7603759765625	 61743.62890625
39322564.0	 298.676025390625	 513.575927734375	 62662.375
39322648.0	 299.06097412109375	 510.760986328125	 62995.5703125
39322740.0	 298.827880859375	 507.3993835449219	 60582.5625
39322828.0	 297.98388671875	 519.3148803710938	 64871.359375
39322920.0	 298.5677795410156	 511.1585693359375	 63880.80078125
39323008.0	 298.2392578125	 515.5504760742188	 64905.69921875
39323096.0	 298.66448974609375	 515.247314453125	 63558.62890625
39323184.0	 298.56207275390625	 510.472900390625	 62945.6484375
39323276.0	 298.2910461425781	 515.7520751953125	 64679.94140625
39323368.0	 298.85162353515625	 507.0340270996094	 62512.94140625
39323456.0	 298.4262390136719	 515.7518310546875	 64717.71484375
39323544.0	 298.5882873535156	 512.115234375	 62954.140625
39323632.0	 298.380859375	 516.7863159179688	 65168.0390625
39323728.0	 298.20281982421875	 513.5319213867188	 64492.25
39323904.0	 298.3869934082031	 509.9593505859375	 63739.0390625
39323992.0	 298.3773193359375	 518.3292236328125	 64787.17578125
39324080.0	 298.544677734375	 517.3377685546875	 64282.5859375
39324172.0	 298.8760681152344	 509.596923828125	 62817.953125
39324260.0	 299.2862548828125	 509.2884216308594	 62932.86328125
39324348.0	 298.1346435546875	 519.4987182617188	 64694.828125
39324440.0	 298.7318420410156	 510.2928161621094	 61971.44140625
39324532.0	 298.9775085449219	 507.2657470703125	 63732.94140625
39324616.0	 299.177001953125	 505.63165283203125	 62711.7890625
39324712.0	 299.60174560546875	 499.549560546875	 59480.13671875
39324800.0	 299.1650085449219	 512.6167602539062	 63619.2421875
39324892.0	 298.8468322753906	 510.58123779296875	 61903.765625
39324980.0	 298.2923583984375	 514.6627807617188	 64154.0234375
39325068.0	 299.8471984863281	 504.1264343261719	 59661.23046875
39325160.0	 300.3612060546875	 503.42315673828125	 59290.9296875
39325248.0	 299.94696044921875	 507.7685546875	 61616.4140625
39325336.0	 300.3103332519531	 499.65118408203125	 59808.484375
39325428.0	 300.03240966796875	 497.65789794921875	 60171.9375
39325516.0	 300.2972717285156	 497.19464111328125	 58752.546875
39325600.0	 299.9493408203125	 498.7856750488281	 59817.44140625
39325696.0	 300.1134948730469	 502.7146911621094	 59080.04296875
39325784.0	 300.2776794433594	 493.82147216796875	 59179.41796875
39325872.0	 300.1395568847656	 497.1396179199219	 59845.59765625
39325964.0	 299.9640808105469	 497.9119567871094	 59280.54296875
39326052.0	 300.07244873046875	 495.9350891113281	 58851.86328125
39326144.0	 299.81512451171875	 498.1920471191406	 61050.07421875
39326228.0	 299.7866516113281	 497.8404541015625	 58705.94140625
39326320.0	 299.78741455078125	 496.9864196777344	 58563.67578125
39326412.0	 300.12493896484375	 501.0682678222656	 60487.28515625
39326500.0	 300.57098388671875	 499.1146240234375	 59191.18359375
39326588.0	 300.2856750488281	 502.15625	 60283.53515625
39326676.0	 300.2093811035156	 494.0015563964844	 59724.2890625
39326856.0	 300.3651123046875	 498.5389709472656	 58750.68359375
39326948.0	 299.96661376953125	 500.9430847167969	 58892.22265625
39327032.0	 300.49365234375	 495.9302978515625	 58380.59375
39327128.0	 300.7547912597656	 497.7755432128906	 57911.02734375
39327216.0	 300.3882141113281	 499.64111328125	 59490.03515625
39327308.0	 300.16448974609375	 502.3523254394531	 59209.03515625
39327396.0	 300.5228271484375	 495.4465026855469	 58177.25
39327484.0	 300.2133483886719	 498.48675537109375	 58622.28515625
39327576.0	 299.9537658691406	 503.37347412109375	 61169.74609375
39327664.0	 300.2884216308594	 495.3978576660156	 58947.4140625
39327752.0	 300.6411437988281	 497.7928161621094	 59747.828125
39327844.0	 300.22674560546875	 498.18890380859375	 60680.0
39327932.0	 300.9397888183594	 493.9887390136719	 57874.01171875
39328024.0	 300.5058898925781	 496.19970703125	 59608.6328125
39328112.0	 300.6418762207031	 489.95831298828125	 59019.921875
39328200.0	 300.648193359375	 496.9416809082031	 58990.265625
39328292.0	 300.1287536621094	 501.3851318359375	 59167.46484375
39328380.0	 300.64105224609375	 494.29559326171875	 58097.58984375
39328468.0	 299.77679443359375	 505.6534118652344	 59339.8671875
39328560.0	 299.6714172363281	 497.5830383300781	 59025.76953125
39328648.0	 300.0804138183594	 498.1860046386719	 58385.7421875
39328740.0	 300.2923583984375	 500.0329284667969	 59588.49609375
39328828.0	 300.52874755859375	 500.0671691894531	 58322.1015625
39328916.0	 300.0770263671875	 502.6839294433594	 60246.07421875
39329008.0	 300.018310546875	 497.7492980957031	 59570.140625
39329096.0	 299.72039794921875	 501.7721862792969	 60621.3203125
39329184.0	 299.71014404296875	 505.1980895996094	 61232.2890625
39329276.0	 300.5057678222656	 503.4971923828125	 60887.06640625
39329364.0	 300.2391052246094	 498.9659118652344	 61041.32421875
39329452.0	 300.25299072265625	 497.93109130859375	 59991.578125
39329544.0	 300.1204833984375	 503.8270568847656	 62815.20703125
39329632.0	 300.7679138183594	 501.7641906738281	 59072.6328125
39329812.0	 300.328125	 495.63385009765625	 57619.5546875
39329904.0	 300.0437927246094	 499.85662841796875	 60991.796875
39329992.0	 300.01165771484375	 500.50738525390625	 59348.8515625
39330080.0	 298.90283203125	 512.5918579101562	 63781.921875
39330168.0	 299.35504150390625	 502.76617431640625	 59793.7109375
39330264.0	 299.44036865234375	 503.84906005859375	 60564.90234375
39330348.0	 298.7118835449219	 507.01910400390625	 61908.78515625
39330444.0	 298.8580627441406	 510.32562255859375	 63255.04296875
39330528.0	 298.7096252441406	 506.26202392578125	 62220.4140625
39330616.0	 298.7075500488281	 507.5119934082031	 62595.6171875
39330708.0	 299.22222900390625	 507.2141418457031	 62660.515625
39330796.0	 298.9808044433594	 517.1005249023438	 65030.734375
39330884.0	 299.2762756347656	 509.78240966796875	 63209.890625
39330976.0	 300.1902160644531	 506.3407897949219	 61301.2578125
39331064.0	 300.2965087890625	 499.8719482421875	 59946.859375
39331156.0	 299.8025207519531	 510.823974609375	 62572.078125
39331248.0	 299.84515380859375	 502.8180847167969	 60617.49609375
39331332.0	 298.5582580566406	 513.4554443359375	 66678.8125
39331424.0	 299.4688415527344	 505.216064453125	 60355.625
39331512.0	 299.521484375	 505.715576171875	 61047.34765625
39331600.0	 299.080078125	 503.05218505859375	 58607.24609375
39331692.0	 299.21295166015625	 506.078125	 62857.390625
39331780.0	 299.2899169921875	 505.7695617675781	 61028.1953125
39331868.0	 299.6054992675781	 502.46978759765625	 59129.32421875
39331960.0	 299.6159973144531	 499.6536865234375	 60241.8515625
39332052.0	 298.86785888671875	 507.63494873046875	 62664.65234375
39332144.0	 298.9888000488281	 509.72064208984375	 63116.1796875
39332232.0	 298.8444519042969	 513.577392578125	 64668.54296875
39332320.0	 298.47967529296875	 508.43450927734375	 63326.47265625
39332412.0	 297.84503173828125	 515.6828002929688	 64670.19140625
39332500.0	 298.5495300292969	 513.4230346679688	 63595.9140625
39332588.0	 298.7662353515625	 510.56719970703125	 62291.05859375
39332768.0	 298.63897705078125	 506.3165588378906	 61451.89453125
39332860.0	 298.0790710449219	 507.12835693359375	 62398.3828125
39332944.0	 297.931884765625	 508.60595703125	 62237.2734375
39333036.0	 297.7878112792969	 510.8867492675781	 62464.8359375
39333128.0	 298.3375549316406	 509.4516906738281	 61889.05859375
39333216.0	 298.13555908203125	 510.4463195800781	 61499.62109375
39333304.0	 297.3587341308594	 515.0184326171875	 65923.8203125
39333396.0	 297.3174743652344	 520.5194702148438	 64918.51171875
39333480.0	 297.54339599609375	 517.3377685546875	 63811.45703125
39333572.0	 297.40673828125	 513.6649780273438	 62491.97265625
39333664.0	 297.84857177734375	 510.5187683105469	 62301.7109375
39333752.0	 297.55792236328125	 514.3267822265625	 64702.625
39333844.0	 298.1174011230469	 513.4531860351562	 61927.71875
39333932.0	 297.2559814453125	 505.6893310546875	 62528.296875
39334020.0	 297.20513916015625	 508.2366943359375	 61376.09375
39334108.0	 297.1477355957031	 506.63433837890625	 60375.4453125
39334200.0	 296.8182067871094	 514.205810546875	 63634.1484375
39334288.0	 298.3155517578125	 514.8815307617188	 65403.3671875
39334380.0	 298.7818298339844	 509.5086669921875	 61456.7109375
39334468.0	 298.6943664550781	 512.3544311523438	 62438.9609375
39334560.0	 299.2665100097656	 506.6562805175781	 60524.57421875
39334648.0	 298.2462158203125	 512.7894287109375	 62377.7265625
39334736.0	 299.0457763671875	 508.6113586425781	 61678.42578125
39334828.0	 299.626953125	 509.81634521484375	 62523.99609375
39334916.0	 299.2176208496094	 507.3194274902344	 61597.75390625
39335004.0	 299.31060791015625	 508.0185241699219	 62573.9375
39335096.0	 299.09417724609375	 506.9953918457031	 61686.734375
39335184.0	 299.7088623046875	 504.14483642578125	 60268.40234375
39335272.0	 298.7286376953125	 506.48406982421875	 62342.1796875
39335364.0	 298.76397705078125	 506.122802734375	 62039.30078125
39335452.0	 298.5040588378906	 506.07220458984375	 61762.79296875
39335544.0	 298.3847351074219	 515.33642578125	 62241.58203125
39335720.0	 298.3559265136719	 505.3229675292969	 60383.203125
39335812.0	 297.8825378417969	 512.0180053710938	 63537.92578125
39335900.0	 297.8722229003906	 517.2799072265625	 65199.3359375
39335988.0	 297.64801025390625	 514.4794921875	 64563.63671875
39336080.0	 297.94384765625	 516.8258056640625	 63177.7109375
39336168.0	 298.2208251953125	 513.8527221679688	 61826.37109375
39336256.0	 298.7532958984375	 507.1353454589844	 61319.14453125
39336348.0	 298.56585693359375	 511.3248596191406	 63081.8046875
39336436.0	 297.6889953613281	 514.93115234375	 65046.58984375
39336528.0	 297.8542175292969	 512.7393798828125	 63345.21875
39336616.0	 298.0423583984375	 518.34130859375	 64572.46484375
39336704.0	 298.393798828125	 510.58477783203125	 62947.56640625
39336796.0	 298.6244201660156	 511.9141845703125	 63017.36328125
39336884.0	 297.7991943359375	 517.0512084960938	 65313.1796875
39336976.0	 298.2958679199219	 509.1537780761719	 62642.19921875
39337068.0	 298.30322265625	 520.1629638671875	 65800.0546875
39337152.0	 298.3846130371094	 515.8809814453125	 64729.89453125
39337244.0	 298.5948791503906	 516.6303100585938	 62332.0234375
39337336.0	 298.48974609375	 516.8766479492188	 64156.5703125
39337424.0	 297.3593444824219	 508.32415771484375	 62112.4765625
39337516.0	 297.7326354980469	 514.452880859375	 62354.96875
39337604.0	 297.8108825683594	 511.8656311035156	 63122.25390625
39337692.0	 297.8340759277344	 513.8731079101562	 62139.76171875
39337780.0	 297.7764587402344	 509.1103820800781	 60750.8984375
39337868.0	 297.7469177246094	 507.97857666015625	 60014.0234375
39337956.0	 297.2353820800781	 508.98040771484375	 60737.64453125
39338052.0	 297.0774230957031	 510.6888732910156	 63534.13671875
39338136.0	 297.8489074707031	 508.4871826171875	 60476.46484375
39338228.0	 297.70733642578125	 519.5846557617188	 62343.7421875
39338320.0	 297.8230285644531	 510.24041748046875	 63128.22265625
39338408.0	 298.2568054199219	 510.2370300292969	 62466.6875
39338496.0	 297.9743957519531	 519.8363037109375	 63936.6015625
39338672.0	 298.2631530761719	 514.646728515625	 61975.51953125
39338768.0	 297.940185546875	 518.4715576171875	 62722.49609375
39338856.0	 298.10296630859375	 519.7281494140625	 63611.5
39338944.0	 298.2096252441406	 517.0827026367188	 65298.5078125
39339036.0	 297.8504943847656	 510.93359375	 62466.63671875
39339124.0	 297.4072570800781	 521.6309204101562	 64792.45703125
39339212.0	 298.1270751953125	 507.7431945800781	 59938.85546875
39339300.0	 297.97772216796875	 524.3414306640625	 68211.390625
39339392.0	 298.55352783203125	 515.19677734375	 61526.7421875
39339484.0	 298.2114562988281	 517.7196044921875	 64861.3046875
39339572.0	 298.3564758300781	 513.8523559570312	 62764.87890625
39339660.0	 298.43634033203125	 514.4081420898438	 62829.5078125
39339752.0	 298.4583740234375	 510.5068054199219	 61332.17578125
39339840.0	 298.1902770996094	 516.8062744140625	 63313.15234375
39339928.0	 298.1211242675781	 519.8173828125	 63897.25390625
39340020.0	 298.30224609375	 515.3521118164062	 62245.8671875
39340108.0	 298.1731872558594	 514.4382934570312	 63101.578125
39340196.0	 297.85430908203125	 522.7029418945312	 65224.125
39340288.0	 298.37677001953125	 514.718017578125	 62446.87890625
39340376.0	 298.1097106933594	 515.1881713867188	 63889.90625
39340468.0	 298.5484313964844	 511.71368408203125	 61758.83984375
39340556.0	 298.5002136230469	 514.6392211914062	 63680.10546875
39340644.0	 297.7684020996094	 518.387939453125	 66083.6484375
39340736.0	 298.7125244140625	 514.7719116210938	 62947.9609375
39340824.0	 298.27288818359375	 513.7608032226562	 63883.5390625
39340912.0	 298.6697082519531	 513.8869018554688	 62358.0625
39341004.0	 298.5902404785156	 512.438720703125	 62436.203125
39341092.0	 298.212890625	 510.93243408203125	 62185.77734375
39341180.0	 298.15814208984375	 512.4307250976562	 62491.18359375
39341272.0	 297.94329833984375	 517.8860473632812	 65839.4765625
39341360.0	 297.90643310546875	 521.1665649414062	 68032.4765625
39341452.0	 298.45758056640625	 516.885986328125	 64513.6171875
39341628.0	 299.18115234375	 503.6443786621094	 58248.29296875
39341720.0	 298.4463806152344	 512.347412109375	 62183.08203125
39341812.0	 297.8589782714844	 516.3399047851562	 64882.9765625
39341896.0	 297.9359436035156	 515.7470092773438	 65896.703125
39341992.0	 298.1132507324219	 512.670166015625	 63565.0234375
39342080.0	 298.4316101074219	 517.8436889648438	 63973.04296875
39342168.0	 298.1154479980469	 520.8406372070312	 66170.953125
39342256.0	 298.4267883300781	 508.6573791503906	 63378.76953125
39342344.0	 298.5133972167969	 514.8151245117188	 63513.86328125
39342436.0	 297.8576965332031	 515.793701171875	 65088.91796875
39342524.0	 298.6493835449219	 512.9428100585938	 62497.86328125
39342612.0	 298.9178771972656	 511.1096496582031	 62905.05078125
39342704.0	 298.3956298828125	 513.6582641601562	 65171.1484375
39342796.0	 298.15472412109375	 516.2181396484375	 65265.26171875
39342880.0	 298.6924133300781	 510.9320983886719	 62993.16015625
39342972.0	 298.6997985839844	 512.487060546875	 61147.94921875
39343064.0	 298.51318359375	 514.5361328125	 63101.30078125
39343152.0	 298.431884765625	 518.1461181640625	 64684.9453125
39343240.0	 298.2931213378906	 513.31298828125	 64732.1640625
39343332.0	 298.5110778808594	 514.3052978515625	 62785.46484375
39343424.0	 298.0029602050781	 519.5777587890625	 66244.9609375
39343512.0	 298.0299072265625	 524.6510620117188	 67239.3046875
39343596.0	 298.0029296875	 524.18798828125	 67398.53125
39343692.0	 297.9017333984375	 516.4568481445312	 64085.48828125
39343780.0	 297.9244079589844	 518.9000854492188	 65138.87109375
39343868.0	 297.6971435546875	 515.0839233398438	 62993.7421875
39343956.0	 297.2601318359375	 514.3640747070312	 63953.24609375
39344044.0	 297.88641357421875	 518.9608764648438	 62228.10546875
39344132.0	 297.3795166015625	 515.4227905273438	 62705.48828125
39344224.0	 297.3124694824219	 515.3739013671875	 62850.984375
39344316.0	 297.44183349609375	 516.7857666015625	 64642.921875
39344404.0	 298.15869140625	 512.4417114257812	 62138.12109375
39344584.0	 298.2906494140625	 506.0228576660156	 59251.1328125
39344676.0	 297.9064636230469	 509.8123474121094	 61427.765625
39344764.0	 298.189697265625	 508.0555114746094	 60263.3984375
39344852.0	 298.1194763183594	 509.84686279296875	 61137.44140625
39344944.0	 298.1983642578125	 505.5257263183594	 59793.3984375
39345032.0	 297.9721984863281	 508.9128112792969	 61102.95703125
39345120.0	 298.2625732421875	 505.9731750488281	 60746.21875
39345212.0	 298.4952087402344	 507.2431945800781	 60508.7734375
39345300.0	 298.2584228515625	 509.2570495605469	 61578.46875
39345388.0	 298.19384765625	 508.14007568359375	 60023.984375
39345480.0	 298.32647705078125	 506.5113220214844	 59020.140625
39345568.0	 298.649169921875	 506.0827331542969	 60743.65625
39345656.0	 298.18157958984375	 505.5722351074219	 64240.39453125
39345748.0	 298.9243469238281	 501.7257080078125	 58127.97265625
39345836.0	 298.4874572753906	 506.61627197265625	 60845.7265625
39345928.0	 298.4704895019531	 503.1476135253906	 58840.17578125
39346016.0	 298.3576354980469	 510.4563903808594	 61556.84375
39346104.0	 298.960205078125	 498.6656799316406	 57864.390625
39346196.0	 298.7764892578125	 503.2069091796875	 58969.69921875
39346284.0	 298.8023681640625	 500.8994445800781	 58255.6796875
39346372.0	 298.8388977050781	 498.13134765625	 57385.48828125
39346464.0	 299.1231994628906	 501.58087158203125	 58469.80078125
39346552.0	 298.60833740234375	 501.9268493652344	 60704.01953125
39346640.0	 298.5746765136719	 501.9569396972656	 59441.23046875
39346736.0	 298.8254089355469	 500.4490661621094	 58525.02734375
39346820.0	 298.9949035644531	 497.43072509765625	 56914.46875
39346912.0	 298.8371276855469	 500.5121154785156	 59486.50390625
39347004.0	 298.717529296875	 502.4330749511719	 58633.53515625
39347092.0	 298.6471252441406	 502.0189514160156	 58051.80078125
39347180.0	 298.4393310546875	 505.1192321777344	 61039.79296875
39347272.0	 298.3459167480469	 502.4082336425781	 59531.34765625
39347356.0	 298.5816955566406	 505.5253601074219	 60568.33203125
39347536.0	 298.85833740234375	 495.711181640625	 57182.6484375
39347628.0	 298.69775390625	 500.6068420410156	 59160.43359375
39347720.0	 298.57440185546875	 500.2385559082031	 59248.84765625
39347808.0	 298.5836181640625	 502.21063232421875	 59719.84765625
39347896.0	 298.7779235839844	 498.1126708984375	 57539.9140625
39347988.0	 298.6808776855469	 503.4767150878906	 60105.22265625
39348076.0	 298.8496398925781	 503.97784423828125	 58391.2109375
39348168.0	 298.6819152832031	 501.29193115234375	 59207.51171875
39348256.0	 298.6476135253906	 501.5571594238281	 57731.12109375
39348344.0	 299.0111999511719	 497.6590881347656	 58085.70703125
39348436.0	 298.860107421875	 502.65814208984375	 59446.39453125
39348520.0	 299.48358154296875	 498.30584716796875	 57200.62109375
39348612.0	 299.1917724609375	 501.298583984375	 57432.13671875
39348700.0	 298.80108642578125	 503.1746520996094	 60050.046875
39348792.0	 299.2530212402344	 497.5380859375	 57256.7109375
39348880.0	 298.9298095703125	 500.1534729003906	 57828.3125
39348972.0	 299.0895080566406	 498.1703186035156	 56026.12109375
39349056.0	 298.7490234375	 502.8350524902344	 59517.79296875
39349148.0	 299.2930603027344	 499.2333068847656	 57704.2578125
39349240.0	 299.0193176269531	 500.8494873046875	 58118.8046875
39349328.0	 299.2245178222656	 503.4796447753906	 58605.41796875
39349420.0	 299.25909423828125	 501.32391357421875	 58665.53125
39349508.0	 299.3134765625	 498.9127197265625	 58095.9765625
39349596.0	 298.9186706542969	 501.0306091308594	 58272.44140625
39349688.0	 299.21063232421875	 498.4032287597656	 57662.609375
39349776.0	 298.3628234863281	 509.0284423828125	 61729.24609375
39349864.0	 298.54071044921875	 504.5355224609375	 58384.10546875
39349956.0	 298.6152648925781	 505.56207275390625	 60541.56640625
39350044.0	 298.5773010253906	 504.01898193359375	 58718.5
39350132.0	 298.2542419433594	 507.3736877441406	 60436.2890625
39350224.0	 298.59283447265625	 508.59600830078125	 60071.55859375
39350312.0	 298.1378173828125	 509.0281066894531	 61175.37109375
39350492.0	 298.5613708496094	 503.2633361816406	 57566.30078125
39350584.0	 298.1541748046875	 510.3963317871094	 62039.5546875
39350668.0	 297.7093200683594	 513.6448364257812	 62903.1171875
39350760.0	 298.2972412109375	 511.5468444824219	 59521.89453125
39350848.0	 298.5096130371094	 502.81304931640625	 59746.6796875
39350944.0	 297.9254150390625	 511.20135498046875	 60879.015625
39351028.0	 298.682861328125	 503.1310729980469	 59494.45703125
39351116.0	 298.1161193847656	 506.8937072753906	 60589.078125
39351208.0	 298.32073974609375	 512.5451049804688	 60474.65625
39351296.0	 298.43121337890625	 508.6289978027344	 59444.01171875
39351384.0	 298.4600524902344	 509.047119140625	 60849.96484375
39351476.0	 298.66680908203125	 511.1548767089844	 61389.43359375
39351568.0	 298.5513916015625	 512.051025390625	 61719.69140625
39351656.0	 298.2022399902344	 511.09979248046875	 61861.6484375
39351748.0	 298.44598388671875	 509.84307861328125	 61361.53515625
39351832.0	 298.53985595703125	 508.28057861328125	 61022.5625
39351924.0	 298.64019775390625	 505.4271545410156	 59847.8671875
39352016.0	 298.5872802734375	 511.34210205078125	 60247.69140625
39352104.0	 298.4525451660156	 509.4856872558594	 61353.02734375
39352192.0	 298.39532470703125	 513.975830078125	 59593.46484375
39352284.0	 298.03192138671875	 513.5738525390625	 62334.9921875
39352372.0	 298.6720275878906	 504.572021484375	 59150.0234375
39352464.0	 298.644775390625	 505.4651184082031	 60137.65234375
39352552.0	 298.7442626953125	 507.84423828125	 60277.390625
39352640.0	 298.344482421875	 515.8124389648438	 62595.41015625
39352732.0	 298.7417907714844	 509.5400390625	 59929.140625
39352820.0	 298.8287353515625	 504.3501281738281	 59088.94140625
39352908.0	 298.7778625488281	 510.0157165527344	 59871.53515625
39353000.0	 298.7243347167969	 514.09814453125	 60536.27734375
39353088.0	 298.7386474609375	 514.7763061523438	 60545.046875
39353176.0	 298.877685546875	 514.0587768554688	 62168.0703125
39353268.0	 298.4930725097656	 515.4716186523438	 62715.36328125
39353444.0	 299.2984619140625	 508.6409912109375	 58671.95703125
39353536.0	 298.8150939941406	 515.2501831054688	 62127.4921875
39353624.0	 298.5836181640625	 513.8552856445312	 63190.53125
39353716.0	 298.7154541015625	 511.8370666503906	 62589.6484375
39353804.0	 298.7313232421875	 511.54364013671875	 61108.82421875
39353892.0	 298.1011047363281	 511.3424987792969	 62876.04296875
39353984.0	 298.1563415527344	 512.8955688476562	 60804.4296875
39354076.0	 298.4234924316406	 511.5325927734375	 61906.67578125
39354160.0	 297.454345703125	 519.4718627929688	 64068.50390625
39354252.0	 297.8590087890625	 510.5931701660156	 61423.22265625
39354340.0	 297.7708435058594	 517.8569946289062	 63055.796875
39354432.0	 298.1051330566406	 510.9071350097656	 60144.37890625
39354520.0	 296.84503173828125	 519.284423828125	 62037.2265625
39354612.0	 297.3887634277344	 515.5172119140625	 60529.93359375
39354696.0	 297.8028869628906	 515.7884521484375	 61040.890625
39354792.0	 296.9956359863281	 511.0614929199219	 62516.4453125
39354876.0	 297.23828125	 512.5020751953125	 59568.83203125
39354968.0	 297.40045166015625	 508.1227111816406	 60078.79296875
39355056.0	 297.3879089355469	 514.1532592773438	 61050.44921875
39355148.0	 297.2156982421875	 515.4464111328125	 61309.17578125
39355236.0	 297.6070251464844	 509.2605285644531	 61270.59765625
39355324.0	 297.5045166015625	 510.6812744140625	 59949.2421875
39355412.0	 297.7519226074219	 511.3005676269531	 60033.62109375
39355504.0	 297.8001403808594	 510.0425109863281	 60638.578125
39355596.0	 297.44097900390625	 509.8720703125	 60966.1328125
39355680.0	 297.1526794433594	 512.2642822265625	 62000.28515625
39355776.0	 297.5343322753906	 507.8377990722656	 61324.52734375
39355860.0	 298.0307922363281	 508.9895935058594	 59730.3515625
39355952.0	 297.5438232421875	 520.6293334960938	 63882.3125
39356040.0	 298.1959533691406	 520.3880615234375	 61871.80859375
39356128.0	 298.12738037109375	 514.9642944335938	 62120.390625
39356220.0	 297.8368225097656	 509.5310974121094	 61767.46875
39356396.0	 298.6652526855469	 502.7597351074219	 58845.87109375
39356488.0	 298.1907958984375	 505.6175231933594	 58757.1328125
39356580.0	 298.05224609375	 510.6731872558594	 61463.5859375
39356668.0	 298.3830871582031	 515.96484375	 63031.5546875
39356756.0	 298.1903991699219	 508.29449462890625	 62867.03515625
39356848.0	 298.62213134765625	 508.7762145996094	 63332.921875
39356936.0	 298.4959716796875	 506.0171203613281	 61987.0703125
39357028.0	 298.5617370605469	 506.32464599609375	 60512.65234375
39357116.0	 299.01055908203125	 508.2012634277344	 62503.828125
39357204.0	 298.8397216796875	 510.9689636230469	 62280.5234375
39357296.0	 298.9844665527344	 507.5871276855469	 61865.88671875
39357384.0	 299.480712890625	 506.61163330078125	 60728.83203125
39357472.0	 299.1891174316406	 508.05047607421875	 62392.140625
39357564.0	 298.96728515625	 513.9083862304688	 62655.625
39357652.0	 298.6258850097656	 517.2194213867188	 65288.8828125
39357740.0	 298.4839782714844	 506.47906494140625	 59582.46875
39357832.0	 297.9675598144531	 513.840576171875	 62465.8125
39357920.0	 298.0148010253906	 521.6283569335938	 66070.59375
39358008.0	 298.5211486816406	 514.8435668945312	 61605.421875
39358100.0	 298.0318908691406	 517.8018188476562	 62900.203125
39358188.0	 297.78814697265625	 516.8015747070312	 61833.625
39358276.0	 298.4377136230469	 512.4602661132812	 59797.58984375
39358368.0	 298.27801513671875	 515.56787109375	 62420.33984375
39358456.0	 298.0347900390625	 512.9868774414062	 61423.40234375
39358544.0	 296.9588928222656	 511.6732177734375	 62493.42578125
39358636.0	 297.29046630859375	 509.34295654296875	 61454.31640625
39358724.0	 297.11846923828125	 519.368408203125	 63890.73828125
39358816.0	 297.1965637207031	 515.8419799804688	 64007.73828125
39358908.0	 297.4034423828125	 512.5387573242188	 61955.5078125
39358996.0	 296.6593017578125	 520.5958862304688	 66232.8046875
39359088.0	 297.627197265625	 514.4222412109375	 61950.3203125
39359176.0	 297.8856201171875	 503.9745788574219	 58692.8984375
39359356.0	 297.5034484863281	 509.92169189453125	 60756.6796875
39359444.0	 297.2700500488281	 515.5084838867188	 63391.03515625
39359532.0	 297.7148132324219	 509.2216491699219	 60673.359375
39359624.0	 297.4778137207031	 515.043212890625	 62766.21484375
39359712.0	 297.8739013671875	 518.1719360351562	 62609.95703125
39359800.0	 298.6385803222656	 508.2333068847656	 60106.6875
39359892.0	 297.9047546386719	 503.81561279296875	 60788.0
39359980.0	 295.34332275390625	 511.0544738769531	 62175.87109375
39360068.0	 294.91949462890625	 511.8417053222656	 62313.6875
39360160.0	 295.1302185058594	 516.0044555664062	 63418.3203125
39360248.0	 296.0600891113281	 519.078369140625	 62380.71875
39360336.0	 295.4429931640625	 512.5057983398438	 62848.24609375
39360428.0	 295.6335144042969	 519.009521484375	 62099.46484375
39360516.0	 295.67388916015625	 511.3018493652344	 61720.3359375
39360608.0	 295.56231689453125	 512.864013671875	 60634.765625
39360696.0	 295.6718444824219	 510.63818359375	 61697.3515625
39360784.0	 295.3688049316406	 516.4091186523438	 62533.90625
39360876.0	 295.3924560546875	 514.815185546875	 61433.46875
39360964.0	 294.8703918457031	 514.431396484375	 62948.66796875
39361052.0	 295.2705078125	 517.8455200195312	 63170.75390625
39361144.0	 295.2222595214844	 517.1441040039062	 62334.05859375
39361232.0	 294.7478332519531	 520.5402221679688	 65820.8359375
39361320.0	 295.54925537109375	 511.6990661621094	 61799.3515625
39361412.0	 295.65838623046875	 510.1153564453125	 62186.35546875
39361504.0	 295.6466064453125	 510.263916015625	 60358.484375
39361588.0	 295.53143310546875	 511.40899658203125	 60952.171875
39361684.0	 295.18865966796875	 510.8182067871094	 62440.484375
39361768.0	 295.1819152832031	 516.911865234375	 62463.66796875
39361860.0	 295.0469055175781	 517.5096435546875	 62627.4765625
39361948.0	 294.8935852050781	 519.21142578125	 64389.1953125
39362040.0	 295.0369873046875	 518.0557250976562	 64839.25
39362128.0	 295.2332763671875	 517.5911254882812	 63134.34375
39362304.0	 295.4412841796875	 514.9620361328125	 61289.45703125
39362396.0	 295.3708801269531	 514.4407958984375	 62921.359375
39362484.0	 294.82318115234375	 518.1596069335938	 63792.29296875
39362576.0	 295.03033447265625	 517.3907470703125	 63256.3671875
39362668.0	 295.24822998046875	 511.86138916015625	 61284.28515625
39362756.0	 294.92523193359375	 517.6727905273438	 62012.08984375
39362844.0	 294.528076171875	 522.3387451171875	 64862.6953125
39362936.0	 294.82989501953125	 514.9138793945312	 61819.88671875
39363024.0	 294.92950439453125	 520.743896484375	 62707.6875
39363112.0	 294.6791687011719	 518.1610717773438	 63187.3203125
39363200.0	 294.5587463378906	 520.25390625	 63815.24609375
39363292.0	 295.154052734375	 515.1817626953125	 59914.3125
39363380.0	 294.5784606933594	 517.5426635742188	 62186.02734375
39363472.0	 294.69439697265625	 517.4942016601562	 63094.7265625
39363560.0	 294.7871398925781	 516.703369140625	 62457.3125
39363648.0	 294.9244079589844	 517.3587646484375	 63324.91015625
39363740.0	 294.9866027832031	 517.1644897460938	 63108.68359375
39363828.0	 294.97625732421875	 510.98748779296875	 61517.76953125
39363916.0	 294.6278991699219	 516.6350708007812	 62830.5546875
39364008.0	 294.8616027832031	 518.0625	 62900.36328125
39364096.0	 294.8909606933594	 515.3259887695312	 63188.2265625
39364184.0	 294.6598815917969	 515.8056030273438	 62524.953125
39364276.0	 294.761474609375	 517.44091796875	 64563.8984375
39364364.0	 295.2225646972656	 514.3381958007812	 61911.90625
39364452.0	 294.67633056640625	 514.9966430664062	 62885.3984375
39364544.0	 295.2063903808594	 514.7715454101562	 61156.49609375
39364632.0	 294.432373046875	 514.6220703125	 63892.65234375
39364720.0	 295.015869140625	 518.4837036132812	 62955.29296875
39364812.0	 295.0099182128906	 516.1045532226562	 63241.734375
39364900.0	 294.7587890625	 513.5188598632812	 61282.05859375
39364988.0	 294.53546142578125	 519.1112060546875	 61534.78125
39365084.0	 294.2776184082031	 516.7238159179688	 63489.51953125
39365260.0	 294.89599609375	 513.7152709960938	 60503.96875
39365348.0	 294.9625549316406	 519.9710693359375	 64308.35546875
39365440.0	 295.5510559082031	 510.2042236328125	 60522.390625
39365528.0	 294.84466552734375	 516.42138671875	 63797.92578125
39365616.0	 294.6665344238281	 516.469482421875	 63301.2734375
39365704.0	 294.5186767578125	 520.2015380859375	 64971.4140625
39365800.0	 294.88165283203125	 514.4486083984375	 62158.19140625
39365884.0	 294.1800842285156	 508.4536437988281	 61730.12109375
39365972.0	 294.76580810546875	 521.8609008789062	 64128.61328125
39366064.0	 295.607666015625	 514.5711059570312	 64071.3125
39366156.0	 294.97296142578125	 523.4710693359375	 66689.109375
39366244.0	 295.0785827636719	 521.7144165039062	 65097.76171875
39366336.0	 295.2021179199219	 518.2589111328125	 63955.4140625
39366424.0	 295.6307678222656	 515.5875244140625	 61263.1015625
39366512.0	 295.5759582519531	 517.3096313476562	 62600.08984375
39366604.0	 295.5054931640625	 520.6349487304688	 63210.69140625
39366692.0	 295.43170166015625	 521.6278076171875	 64126.5
39366780.0	 294.83837890625	 525.3524169921875	 66729.125
39366872.0	 295.7843322753906	 518.68310546875	 62010.3671875
39366960.0	 295.3158264160156	 518.9588012695312	 65627.9609375
39367048.0	 295.43408203125	 520.264404296875	 62831.8984375
39367140.0	 295.56134033203125	 518.644775390625	 64366.9375
39367228.0	 295.28424072265625	 528.2501220703125	 68938.8046875
39367316.0	 296.71063232421875	 529.249267578125	 67276.9140625
39367408.0	 296.898193359375	 526.3965454101562	 65518.89453125
39367496.0	 296.226318359375	 520.8574829101562	 65385.890625
39367584.0	 295.29498291015625	 526.2022094726562	 66500.0234375
39367676.0	 295.63226318359375	 524.9729614257812	 66641.5
39367764.0	 295.4234924316406	 530.4228515625	 68711.953125
39367856.0	 296.4854736328125	 523.00341796875	 63405.65625
39367944.0	 295.8684997558594	 524.5598754882812	 64990.5703125
39368032.0	 295.9665222167969	 526.978271484375	 66606.375
39368212.0	 296.2051086425781	 525.4639282226562	 65586.7421875
39368300.0	 295.947021484375	 523.836669921875	 67425.296875
39368396.0	 296.4899597167969	 523.6278076171875	 67792.8125
39368480.0	 296.1185302734375	 523.6339721679688	 67472.703125
39368572.0	 295.7919006347656	 518.7288208007812	 66041.953125
39368664.0	 295.6854553222656	 522.77197265625	 66935.4921875
39368752.0	 296.59454345703125	 515.9085693359375	 61535.140625
39368840.0	 296.5680847167969	 519.0658569335938	 63347.29296875
39368932.0	 296.4107360839844	 520.2095947265625	 63042.203125
39369020.0	 296.9828796386719	 518.7513427734375	 62898.19140625
39369108.0	 296.9794921875	 513.723876953125	 63104.14453125
39369200.0	 296.745849609375	 517.9743041992188	 61542.390625
39369288.0	 296.998779296875	 514.7752685546875	 61510.296875
39369376.0	 297.4674987792969	 512.129638671875	 60704.7109375
39369468.0	 296.7095031738281	 515.2229614257812	 60943.1953125
39369556.0	 296.8197937011719	 513.4342041015625	 59856.9765625
39369644.0	 296.9987487792969	 515.3963623046875	 61630.83203125
39369736.0	 297.3617858886719	 513.2255249023438	 61849.4921875
39369824.0	 297.15863037109375	 511.6181335449219	 61031.81640625
39369912.0	 296.4742126464844	 511.98077392578125	 59159.74609375
39370004.0	 296.44427490234375	 514.2880249023438	 62404.76171875
39370092.0	 296.7641906738281	 511.0666809082031	 61015.01953125
39370180.0	 296.98333740234375	 516.5609130859375	 61454.03125
39370272.0	 296.7093505859375	 515.7180786132812	 59591.546875
39370360.0	 296.4654541015625	 521.81201171875	 61253.08203125
39370448.0	 296.7734069824219	 517.2039184570312	 59817.1171875
39370540.0	 296.8670349121094	 518.417236328125	 60329.390625
39370628.0	 296.2245788574219	 513.3621826171875	 59969.80078125
39370716.0	 296.5508117675781	 513.24853515625	 58713.51953125
39370808.0	 296.39227294921875	 515.7754516601562	 59779.69921875
39370896.0	 296.10284423828125	 523.2575073242188	 60584.75390625
39370984.0	 296.3039245605469	 514.6746826171875	 60109.171875
39371168.0	 297.0251770019531	 513.689453125	 58024.1015625
39371256.0	 296.64447021484375	 520.6616821289062	 60827.59765625
39371348.0	 297.099609375	 514.7047729492188	 59929.54296875
39371436.0	 297.2373352050781	 514.77587890625	 60704.890625
39371524.0	 297.4688720703125	 521.0106201171875	 60606.5
39371616.0	 298.0343933105469	 509.9373474121094	 57634.109375
39371704.0	 297.89892578125	 509.3066101074219	 58705.1640625
39371796.0	 297.6959228515625	 511.4489440917969	 59492.9765625
39371884.0	 297.15142822265625	 515.62060546875	 59895.08984375
39371972.0	 296.55517578125	 520.2327880859375	 63169.69140625
39372064.0	 296.8068542480469	 517.8046875	 61025.97265625
39372152.0	 296.751953125	 518.8021850585938	 60872.19140625
39372240.0	 297.7247314453125	 510.8308410644531	 58701.546875
39372332.0	 297.3555908203125	 512.0810546875	 60701.6015625
39372420.0	 297.2171325683594	 516.2734985351562	 60256.82421875
39372508.0	 295.9884033203125	 513.095947265625	 57913.11328125
39372600.0	 295.957763671875	 514.746337890625	 57594.5703125
39372688.0	 295.5625	 521.0618286132812	 61830.6796875
39372776.0	 295.8695068359375	 514.5529174804688	 58520.28125
39372868.0	 295.72564697265625	 517.60595703125	 59482.9375
39372956.0	 295.9338073730469	 514.8878784179688	 59798.61328125
39373044.0	 296.1938171386719	 519.3516235351562	 60211.62890625
39373136.0	 296.54058837890625	 520.5016479492188	 60548.75
39373224.0	 297.3643798828125	 516.7342529296875	 60420.7421875
39373312.0	 297.7546081542969	 512.8811645507812	 58225.5390625
39373404.0	 297.85369873046875	 509.9815673828125	 59808.40234375
39373496.0	 297.595703125	 513.5841064453125	 59179.70703125
39373580.0	 297.878173828125	 513.4041137695312	 59371.3671875
39373672.0	 297.8376159667969	 512.4830322265625	 58757.8671875
39373764.0	 297.4687805175781	 518.0953369140625	 60072.515625
39373852.0	 297.6078186035156	 511.22637939453125	 59324.23046875
39373944.0	 297.3531799316406	 515.3383178710938	 59790.74609375
39374120.0	 297.6441650390625	 510.4131774902344	 57015.953125
39374212.0	 297.5829162597656	 516.3864135742188	 59193.203125
39374300.0	 297.3533630371094	 517.8103637695312	 60485.3046875
39374384.0	 297.2162170410156	 517.4649658203125	 61870.34765625
39374480.0	 297.5898742675781	 514.7804565429688	 59194.609375
39374568.0	 297.4665222167969	 512.9002685546875	 59336.046875
39374656.0	 297.09246826171875	 516.070556640625	 60515.1484375
39374748.0	 297.2427978515625	 511.66180419921875	 58226.83984375
39374836.0	 296.9802551269531	 516.654541015625	 59382.34765625
39374924.0	 297.17572021484375	 519.6810913085938	 62448.828125
39375016.0	 298.9201354980469	 510.6869201660156	 59496.265625
39375104.0	 298.29974365234375	 509.94073486328125	 60294.30859375
39375192.0	 298.08636474609375	 512.3361206054688	 60701.359375
39375284.0	 297.54400634765625	 510.84820556640625	 60119.54296875
39375372.0	 296.8932800292969	 511.6483154296875	 59558.77734375
39375460.0	 297.34075927734375	 516.5642700195312	 59575.484375
39375552.0	 297.7560729980469	 511.3970642089844	 57619.63671875
39375640.0	 297.5628967285156	 509.1054382324219	 58779.44921875
39375728.0	 298.24383544921875	 509.0665588378906	 59642.97265625
39375820.0	 297.1905822753906	 507.2146301269531	 58101.6015625
39375908.0	 297.5738525390625	 507.93414306640625	 58030.90625
39375996.0	 297.4984436035156	 508.6778564453125	 58467.078125
39376092.0	 296.72564697265625	 513.0140380859375	 59272.57421875
39376180.0	 297.231689453125	 512.3167114257812	 58353.22265625
39376264.0	 297.2822265625	 511.7866516113281	 57493.22265625
39376360.0	 297.1974182128906	 513.3746948242188	 59746.62109375
39376448.0	 297.2282409667969	 513.2724609375	 58442.98046875
39376536.0	 297.51104736328125	 511.81634521484375	 58308.93359375
39307108.0	 283.0857849121094	 301.6533508300781	 47209.92578125
39307204.0	 283.89080810546875	 293.8237609863281	 45342.88671875
39307296.0	 283.1721496582031	 294.3453674316406	 45021.31640625
39307392.0	 280.7130432128906	 290.878662109375	 44135.62890625
39307488.0	 281.53656005859375	 294.3385009765625	 44857.2265625
39307584.0	 283.7630920410156	 293.3421630859375	 42322.5234375
39307680.0	 285.125732421875	 296.8651428222656	 44469.4296875
39307776.0	 283.7452392578125	 294.5683898925781	 45354.8515625
39307868.0	 283.2979736328125	 302.1004638671875	 44762.6875
39307964.0	 280.2038879394531	 300.7901916503906	 51580.23828125
39308056.0	 283.05023193359375	 314.18145751953125	 46540.46484375
39308152.0	 284.8106384277344	 312.36724853515625	 47976.5234375
39308340.0	 281.5452575683594	 294.66961669921875	 51896.16796875
39308436.0	 281.89337158203125	 307.518310546875	 45315.75390625
39308528.0	 282.1951904296875	 306.2570495605469	 41349.1328125
39308624.0	 283.5144958496094	 305.8435974121094	 38603.32421875
39308716.0	 282.8817138671875	 316.5457458496094	 40591.64453125
39308812.0	 278.48455810546875	 294.900634765625	 44688.265625
39308908.0	 283.23779296875	 310.4202880859375	 38687.03515625
39309008.0	 278.63330078125	 293.8078308105469	 35607.03515625
39309100.0	 282.0033874511719	 296.4388732910156	 38171.1796875
39309192.0	 283.60308837890625	 300.3746643066406	 41138.4140625
39309288.0	 283.6455993652344	 303.133056640625	 38178.51953125
39309384.0	 281.3363037109375	 295.9123840332031	 37070.38671875
39309480.0	 278.42645263671875	 291.7337951660156	 36579.6796875
39309572.0	 278.30755615234375	 299.96343994140625	 38902.47265625
39309668.0	 283.9815979003906	 304.1960144042969	 37591.0234375
39309760.0	 283.877685546875	 312.6276550292969	 52184.7265625
39309856.0	 283.0945129394531	 292.0489196777344	 41864.31640625
39309952.0	 282.3412170410156	 291.6035461425781	 40823.171875
39310044.0	 283.6424255371094	 301.9142761230469	 40680.12890625
39310140.0	 284.0723876953125	 293.4746398925781	 36855.1953125
39310236.0	 281.8568420410156	 291.8162536621094	 39343.0546875
39310332.0	 285.9786682128906	 304.5501403808594	 40630.4609375
39310424.0	 285.6737365722656	 301.27325439453125	 37428.13671875
39310616.0	 285.8932800292969	 300.6667785644531	 37520.78125
39310708.0	 283.82501220703125	 300.29193115234375	 41581.890625
39310804.0	 286.0182189941406	 298.6578063964844	 38532.59375
39310896.0	 281.0555419921875	 293.65631103515625	 38964.28125
39310992.0	 278.9581298828125	 298.7884216308594	 39744.25
39311088.0	 280.1866455078125	 308.3209228515625	 41901.58203125
39311184.0	 282.8779296875	 312.9557189941406	 41972.3125
39311276.0	 284.3216552734375	 296.0971374511719	 38015.83984375
39311464.0	 278.8883056640625	 279.4249267578125	 32330.306640625
39311564.0	 278.3282470703125	 303.3178405761719	 40925.62890625
39311656.0	 283.45294189453125	 305.4855651855469	 40515.98828125
39311752.0	 278.6099853515625	 305.4595947265625	 46747.546875
39311848.0	 284.1971130371094	 315.583740234375	 42443.06640625
39311940.0	 291.5176696777344	 300.99951171875	 37572.4921875
39312036.0	 284.52197265625	 300.2289123535156	 39849.4140625
39312128.0	 286.12030029296875	 301.6820983886719	 38299.546875
39312224.0	 286.4871826171875	 306.4551086425781	 39940.70703125
39312320.0	 286.8107604980469	 300.89404296875	 39324.046875
39312412.0	 288.8855895996094	 301.86407470703125	 39288.5703125
39312508.0	 286.5519104003906	 297.206298828125	 40237.20703125
39312600.0	 283.2686767578125	 296.4701843261719	 46091.3046875
39312696.0	 283.45428466796875	 292.04638671875	 42401.16015625
39312792.0	 284.85516357421875	 307.7922058105469	 42448.66796875
39312888.0	 285.06463623046875	 299.30499267578125	 39872.66796875
39312984.0	 286.21051025390625	 299.7817687988281	 38108.8125
39313080.0	 285.18499755859375	 301.9577941894531	 49401.18359375
39313172.0	 285.83502197265625	 297.7624206542969	 40936.7265625
39313264.0	 280.7502136230469	 296.2690734863281	 44798.60546875
39313360.0	 282.9412536621094	 297.6065673828125	 50406.23828125
39313456.0	 280.494873046875	 293.5120544433594	 47657.1484375
39313552.0	 277.7024230957031	 309.1371154785156	 50563.44140625
39313644.0	 276.1230163574219	 274.34503173828125	 43769.09375
39313740.0	 276.67950439453125	 306.77484130859375	 51957.80859375
39313836.0	 280.31854248046875	 303.4403076171875	 52362.39453125
39313928.0	 279.47723388671875	 308.75750732421875	 52943.59375
39314024.0	 289.16375732421875	 305.0877990722656	 46654.328125
39314116.0	 289.0594787597656	 297.34588623046875	 44084.15234375
39314216.0	 286.9210205078125	 293.4060974121094	 44705.55078125
39314312.0	 283.0693359375	 296.97509765625	 42922.609375
39314404.0	 288.0601501464844	 301.89788818359375	 44241.20703125
39314592.0	 290.6727600097656	 306.6145324707031	 51606.51171875
39314688.0	 293.8136901855469	 299.1648254394531	 43944.75
39314784.0	 281.6850891113281	 295.51947021484375	 43889.26171875
39314876.0	 281.0746154785156	 303.320068359375	 48020.9140625
39314972.0	 278.6777648925781	 300.5690002441406	 47548.70703125
39315064.0	 277.800048828125	 308.2643737792969	 49181.12890625
39315160.0	 282.50213623046875	 297.5746765136719	 46712.6640625
39315256.0	 282.3260192871094	 299.1043395996094	 46823.59765625
39315348.0	 282.5227966308594	 307.6253662109375	 49427.93359375
39315444.0	 284.6243896484375	 303.2796325683594	 45686.125
39315544.0	 285.05291748046875	 299.0663146972656	 44462.69140625
39315636.0	 281.751708984375	 300.1675109863281	 45222.51171875
39315732.0	 282.9901123046875	 305.48199462890625	 44309.6953125
39315824.0	 286.40960693359375	 293.4022216796875	 41333.76171875
39315920.0	 284.0120544433594	 300.9106750488281	 43816.37890625
39316012.0	 283.7040100097656	 298.3407897949219	 43703.5234375
39316108.0	 284.20989990234375	 297.1461486816406	 41878.66015625
39316204.0	 283.61749267578125	 306.3601989746094	 47373.5703125
39316296.0	 284.1584167480469	 296.2239685058594	 41857.87890625
39316392.0	 270.6730651855469	 281.1788024902344	 44876.28515625
39316488.0	 266.7074890136719	 307.68450927734375	 50789.43359375
39316676.0	 270.2397766113281	 298.2633972167969	 47316.71875
39316768.0	 276.0710754394531	 305.327392578125	 41052.8984375
39316864.0	 276.23095703125	 303.2366027832031	 42239.42578125
39316960.0	 279.52789306640625	 306.75628662109375	 40888.25390625
39317056.0	 283.8863220214844	 287.6513671875	 42547.1484375
39317152.0	 280.3582458496094	 294.7308349609375	 38438.8359375
39317248.0	 280.524658203125	 320.21051025390625	 45564.04296875
39317340.0	 282.6969909667969	 314.04107666015625	 40623.53515625
39317436.0	 283.1828918457031	 315.12969970703125	 41576.33203125
39317528.0	 285.30328369140625	 319.30377197265625	 43355.4140625
39317716.0	 284.95208740234375	 321.4562683105469	 58870.078125
39317812.0	 290.2193908691406	 311.4295349121094	 43406.703125
39317908.0	 294.7998046875	 308.64581298828125	 41208.12890625
39318004.0	 292.0645751953125	 299.1925048828125	 36879.14453125
39318096.0	 288.0935974121094	 297.6191101074219	 42680.5703125
39318188.0	 288.8448486328125	 308.7684326171875	 44289.40234375
39318288.0	 291.0296936035156	 303.8407287597656	 42406.83984375
39318384.0	 294.6879577636719	 304.4178161621094	 41058.67578125
39318476.0	 296.47833251953125	 305.5452880859375	 42570.78125
39318572.0	 297.33624267578125	 303.42584228515625	 35646.2265625
39318668.0	 295.2329406738281	 301.27777099609375	 39021.25
39318760.0	 297.6908264160156	 300.6325378417969	 38461.5859375
39318856.0	 297.4908142089844	 315.5439453125	 37145.96484375
39318948.0	 298.88043212890625	 311.5914611816406	 36601.546875
39319044.0	 302.42633056640625	 304.451416015625	 37740.1875
39319140.0	 300.7233581542969	 305.7486267089844	 36753.64453125
39319232.0	 288.96148681640625	 289.66302490234375	 41320.9609375
39319328.0	 284.00787353515625	 307.0619201660156	 39925.96875
39319424.0	 283.7001037597656	 300.03466796875	 37777.69140625
39319516.0	 282.10888671875	 303.76641845703125	 39368.6015625
39319608.0	 283.73876953125	 298.6176452636719	 39305.84765625
39319708.0	 283.8478088378906	 309.4102478027344	 40545.9375
39319804.0	 286.35223388671875	 307.830810546875	 43043.4375
39319900.0	 288.0979919433594	 306.51153564453125	 41056.2578125
39319992.0	 280.3649597167969	 287.07073974609375	 40511.49609375
39320088.0	 281.0573425292969	 311.8985290527344	 43676.83984375
39320180.0	 283.6994934082031	 308.2172546386719	 42414.2578125
39320276.0	 288.42315673828125	 310.6350402832031	 39532.4609375
39320372.0	 288.8173522949219	 299.70294189453125	 39998.6796875
39320464.0	 288.2001953125	 312.8568420410156	 42479.21875
39320560.0	 288.4993591308594	 314.6213073730469	 43213.078125
39320656.0	 287.3204345703125	 301.96405029296875	 40871.96875
39320844.0	 288.1653747558594	 288.8832702636719	 37065.96875
39320936.0	 287.6719970703125	 304.63226318359375	 42651.46875
39321032.0	 291.0553894042969	 287.1904296875	 38074.29296875
39321132.0	 288.0166320800781	 307.2462158203125	 42694.953125
39321224.0	 288.920166015625	 296.1553039550781	 43978.32421875
39321320.0	 286.9645080566406	 296.1247253417969	 41439.6875
39321412.0	 288.0144348144531	 302.0443420410156	 42992.453125
39321508.0	 289.0962219238281	 289.0687255859375	 42495.3984375
39321600.0	 287.8409729003906	 307.54730224609375	 46429.2578125
39321696.0	 292.4750671386719	 297.819091796875	 40041.828125
39321792.0	 292.0788879394531	 309.0306091308594	 42950.09375
39321884.0	 287.4512023925781	 281.92840576171875	 40068.46875
39321980.0	 290.08697509765625	 304.2542724609375	 39373.01953125
39322076.0	 290.78338623046875	 301.352783203125	 39944.83984375
39322168.0	 284.38458251953125	 307.1590576171875	 47652.66796875
39322264.0	 282.3620300292969	 309.325439453125	 45859.7890625
39322356.0	 288.2127380371094	 315.07244873046875	 50035.8125
39322452.0	 294.30804443359375	 306.739501953125	 44139.234375
39322552.0	 293.1158447265625	 305.6555480957031	 45471.67578125
39322740.0	 286.3821716308594	 322.7378234863281	 46696.5234375
39322832.0	 294.3352966308594	 295.33526611328125	 40231.7890625
39322928.0	 282.9506530761719	 293.6571960449219	 40247.7109375
39323024.0	 274.5275573730469	 297.79864501953125	 42337.6875
39323116.0	 280.020263671875	 300.25079345703125	 43209.41796875
39323212.0	 283.1639709472656	 304.01641845703125	 42774.890625
39323308.0	 281.0472717285156	 311.8351135253906	 42917.52734375
39323400.0	 278.7116394042969	 309.16424560546875	 42918.59375
39323496.0	 283.16094970703125	 294.05218505859375	 38602.75
39323588.0	 289.6294250488281	 312.2799377441406	 40160.30078125
39323684.0	 291.1273193359375	 312.30706787109375	 40162.984375
39323780.0	 298.9084167480469	 305.4755859375	 40301.9765625
39323968.0	 300.81744384765625	 276.8015441894531	 30077.27734375
39324068.0	 296.7886047363281	 301.0538330078125	 37048.45703125
39324160.0	 294.1092529296875	 287.3916320800781	 36448.28125
39324256.0	 296.3298645019531	 284.5615234375	 35934.18359375
39324348.0	 293.18536376953125	 292.17291259765625	 41596.5234375
39324444.0	 300.9224548339844	 332.1158752441406	 48046.3046875
39324540.0	 297.8707580566406	 285.5220947265625	 38778.49609375
39324632.0	 299.2199401855469	 293.4239196777344	 39906.23828125
39324728.0	 292.8428039550781	 294.3036804199219	 43467.90234375
39324820.0	 289.77398681640625	 316.9413146972656	 45187.26171875
39324916.0	 295.37615966796875	 310.1994934082031	 41432.515625
39325008.0	 293.1348571777344	 314.1340026855469	 43463.734375
39325104.0	 298.0711975097656	 303.8887634277344	 35290.22265625
39325200.0	 297.1607666015625	 305.3944396972656	 35804.4375
39325296.0	 299.1448669433594	 302.6803894042969	 34116.046875
39325388.0	 301.8404541015625	 297.4169006347656	 34592.34375
39325484.0	 299.82818603515625	 298.5585021972656	 36331.6015625
39325580.0	 300.8119812011719	 297.24853515625	 34759.7578125
39325676.0	 302.3059387207031	 290.7987976074219	 35468.3515625
39325772.0	 301.5292053222656	 292.7782897949219	 37458.59375
39325864.0	 301.5099182128906	 282.9425048828125	 34604.484375
39325960.0	 310.7054443359375	 269.7165832519531	 38584.86328125
39326056.0	 307.8718566894531	 280.3492431640625	 37810.74609375
39326148.0	 303.86627197265625	 287.06494140625	 41825.72265625
39326240.0	 301.5777893066406	 287.1758117675781	 40072.359375
39326336.0	 303.9465026855469	 294.59259033203125	 35685.078125
39326432.0	 302.8763427734375	 292.446533203125	 34775.73046875
39326524.0	 300.2428894042969	 302.7825622558594	 41491.05078125
39326620.0	 305.23345947265625	 282.5279541015625	 41753.83203125
39326716.0	 303.43853759765625	 286.0601501464844	 39315.49609375
39326808.0	 301.2644348144531	 298.6952819824219	 45425.94140625
39326904.0	 302.7655029296875	 302.47027587890625	 45191.30078125
39327096.0	 305.472412109375	 269.67266845703125	 32499.951171875
39327192.0	 303.441650390625	 282.64874267578125	 40648.28515625
39327288.0	 303.6724853515625	 291.7696533203125	 40443.9140625
39327380.0	 305.9033508300781	 292.8332214355469	 40584.4296875
39327472.0	 304.69329833984375	 273.59674072265625	 39075.66796875
39327568.0	 300.8864440917969	 293.7461242675781	 44445.703125
39327664.0	 295.7350158691406	 289.12725830078125	 39267.53515625
39327756.0	 291.7827453613281	 307.4617004394531	 45249.5078125
39327852.0	 292.9202575683594	 297.07830810546875	 44112.640625
39327948.0	 295.0302734375	 299.50958251953125	 45206.51953125
39328044.0	 299.5680847167969	 299.28643798828125	 43278.609375
39328136.0	 303.38592529296875	 285.7164611816406	 41050.5390625
39328228.0	 305.6729736328125	 289.16534423828125	 41944.7109375
39328324.0	 302.2929382324219	 290.61065673828125	 40496.95703125
39328416.0	 303.82891845703125	 281.4331359863281	 38777.95703125
39328512.0	 298.6145935058594	 289.3735656738281	 38570.9375
39328612.0	 299.37359619140625	 299.0577392578125	 37908.22265625
39328800.0	 300.70166015625	 289.7779846191406	 39453.75390625
39328896.0	 299.48614501953125	 287.19683837890625	 38473.734375
39328988.0	 305.0552062988281	 288.0072326660156	 41721.93359375
39329084.0	 306.2717590332031	 283.3657531738281	 40326.7734375
39329180.0	 309.31304931640625	 268.2279357910156	 41445.1171875
39329276.0	 309.7437744140625	 272.4616394042969	 38946.52734375
39329368.0	 308.2594909667969	 275.7099304199219	 40419.82421875
39329460.0	 308.0703125	 272.4649353027344	 38504.859375
39329556.0	 309.0990905761719	 274.89483642578125	 38317.609375
39329648.0	 302.12615966796875	 282.4765930175781	 42291.7421875
39329744.0	 304.368408203125	 294.2594909667969	 42348.03515625
39329840.0	 299.6854248046875	 292.8701171875	 39054.953125
39329936.0	 296.21392822265625	 277.06048583984375	 41420.4296875
39330028.0	 296.53271484375	 294.8573913574219	 43182.984375
39330220.0	 298.5726623535156	 280.0500183105469	 35965.1484375
39330316.0	 300.06671142578125	 295.26898193359375	 37112.22265625
39330412.0	 299.38543701171875	 303.2599792480469	 43976.765625
39330508.0	 299.81744384765625	 285.3336181640625	 41124.296875
39330600.0	 299.2832336425781	 282.241455078125	 40446.35546875
39330692.0	 300.2918395996094	 286.1096496582031	 38170.6015625
39330788.0	 301.292724609375	 295.0313720703125	 40365.94921875
39330880.0	 299.7637023925781	 305.50933837890625	 44092.15234375
39330976.0	 304.1307067871094	 289.3423767089844	 37559.07421875
39331072.0	 301.070556640625	 293.1704406738281	 37743.2109375
39331168.0	 301.76324462890625	 288.2540283203125	 38772.2734375
39331260.0	 301.5019836425781	 297.8173828125	 39399.4921875
39331356.0	 299.15008544921875	 288.55279541015625	 42314.9765625
39331448.0	 298.86895751953125	 282.7928771972656	 40109.9296875
39331544.0	 298.1185302734375	 297.1705017089844	 42249.40625
39331640.0	 297.8718566894531	 295.3133239746094	 40390.2578125
39331736.0	 296.69256591796875	 296.0459899902344	 36290.859375
39331832.0	 295.5211181640625	 289.005615234375	 36677.1484375
39331924.0	 290.133056640625	 286.7797546386719	 39573.25390625
39332020.0	 291.5245056152344	 303.0662536621094	 37793.296875
39332116.0	 287.325927734375	 300.07598876953125	 47163.30078125
39332212.0	 287.3209533691406	 302.8648681640625	 45729.5390625
39332304.0	 286.3051452636719	 289.22412109375	 43693.02734375
39332400.0	 289.8805847167969	 290.74957275390625	 42718.84375
39332492.0	 293.75115966796875	 317.39202880859375	 47707.26171875
39332588.0	 290.8227233886719	 284.94189453125	 41874.08984375
39332680.0	 289.4355163574219	 292.0673828125	 43056.40625
39332776.0	 286.7744445800781	 301.5220947265625	 44136.62109375
39332872.0	 270.26824951171875	 271.44525146484375	 47360.54296875
39332964.0	 255.01181030273438	 273.495361328125	 46929.5390625
39333060.0	 258.40863037109375	 306.3823547363281	 52041.8984375
39333152.0	 262.5714111328125	 298.73443603515625	 52644.3515625
39333344.0	 257.5297546386719	 317.4701232910156	 58093.99609375
39333440.0	 264.16351318359375	 281.4501647949219	 52682.46484375
39333536.0	 262.1465759277344	 308.0270690917969	 58043.44921875
39333632.0	 265.8717346191406	 295.62799072265625	 53205.03125
39333724.0	 262.7414245605469	 287.32958984375	 49193.94921875
39333820.0	 262.8006591796875	 300.96112060546875	 55422.0859375
39333912.0	 267.12005615234375	 292.80938720703125	 48764.44140625
39334008.0	 263.4810791015625	 303.81329345703125	 53228.82421875
39334104.0	 272.2322998046875	 310.9425354003906	 53398.61328125
39334196.0	 269.4065856933594	 288.5700988769531	 48316.33984375
39334292.0	 266.1226501464844	 299.40057373046875	 54289.22265625
39334384.0	 264.2611083984375	 282.1175537109375	 48753.82421875
39334480.0	 261.9100646972656	 290.3219909667969	 51283.97265625
39334572.0	 268.6380920410156	 287.7870178222656	 47027.7421875
39334668.0	 269.3350524902344	 301.3680419921875	 52831.34375
39334856.0	 270.9334411621094	 306.49176025390625	 52535.78515625
39334952.0	 270.542236328125	 300.8667297363281	 51048.5546875
39335052.0	 271.63446044921875	 299.9725036621094	 52304.9765625
39335148.0	 265.8212585449219	 293.1827087402344	 51484.17578125
39335240.0	 260.4325866699219	 299.0301208496094	 53616.69921875
39335336.0	 259.8067932128906	 271.9072570800781	 46949.10546875
39335428.0	 251.08763122558594	 274.9949645996094	 52406.0703125
39335524.0	 258.6548156738281	 322.0646667480469	 59326.74609375
39335616.0	 269.9052734375	 349.28912353515625	 65555.8046875
39335712.0	 277.5805358886719	 296.7137145996094	 47976.70703125
39335808.0	 276.8530578613281	 325.5418395996094	 53201.8203125
39335904.0	 285.8802490234375	 301.9714050292969	 47881.55078125
39335996.0	 282.5060729980469	 283.61578369140625	 43930.21875
39336088.0	 257.6290283203125	 279.99578857421875	 52529.96484375
39336184.0	 260.8612976074219	 222.27389526367188	 54452.3125
39336280.0	 258.28424072265625	 312.2626647949219	 55380.546875
39336468.0	 255.5365753173828	 293.9958190917969	 57665.3359375
39336564.0	 255.03829956054688	 271.6761779785156	 50791.765625
39336660.0	 252.3910675048828	 274.11895751953125	 49449.15234375
39336756.0	 253.20985412597656	 261.2639465332031	 45167.42578125
39336848.0	 257.7738952636719	 308.4132995605469	 55957.58984375
39336944.0	 262.1278381347656	 291.6121826171875	 47606.515625
39337040.0	 255.46278381347656	 282.5238952636719	 47723.33984375
39337136.0	 252.5382843017578	 277.28570556640625	 45613.4140625
39337228.0	 253.5283966064453	 269.8105163574219	 43915.7265625
39337324.0	 251.14207458496094	 267.0927734375	 48023.91015625
39337416.0	 255.84910583496094	 292.00787353515625	 51532.9765625
39337508.0	 252.0928497314453	 273.7478942871094	 47466.73828125
39337604.0	 250.35426330566406	 263.58294677734375	 45587.82421875
39337700.0	 244.82443237304688	 263.1897888183594	 42374.75
39337796.0	 251.62637329101562	 279.63916015625	 44379.44140625
39337888.0	 251.89553833007812	 266.9219970703125	 43239.46484375
39337984.0	 249.66351318359375	 255.2191619873047	 37245.1484375
39338076.0	 243.4955596923828	 263.9433288574219	 43118.06640625
39338172.0	 245.3643798828125	 269.9644470214844	 42296.390625
39338264.0	 245.19789123535156	 256.72637939453125	 38415.6875
39338360.0	 247.06015014648438	 262.3692626953125	 42386.3125
39338460.0	 246.14453125	 258.4542236328125	 39039.05078125
39338556.0	 247.8612060546875	 268.288818359375	 48614.60546875
39338648.0	 247.36123657226562	 265.7691345214844	 44860.87890625
39338744.0	 252.1562042236328	 276.6387939453125	 44757.2265625
39338840.0	 252.5638427734375	 276.4609069824219	 46202.83984375
39338932.0	 249.52114868164062	 256.45269775390625	 48370.484375
39339028.0	 245.21490478515625	 268.2596740722656	 45783.78515625
39339120.0	 249.11109924316406	 268.40997314453125	 44492.0859375
39339216.0	 251.9662628173828	 282.15313720703125	 44458.02734375
39339308.0	 252.35179138183594	 264.6126708984375	 39786.703125
39339404.0	 248.30523681640625	 264.4682312011719	 44864.91015625
39339596.0	 247.35508728027344	 281.58453369140625	 48668.79296875
39339688.0	 243.36669921875	 254.9730224609375	 39835.375
39339780.0	 240.33226013183594	 254.0897674560547	 40119.28515625
39340068.0	 242.7490692138672	 265.2901916503906	 41938.7578125
39340164.0	 243.7702178955078	 265.622802734375	 44049.7578125
39340260.0	 246.42904663085938	 274.8168640136719	 47661.06640625
39340352.0	 247.9152069091797	 267.5831298828125	 47440.71875
39340448.0	 248.59666442871094	 278.2161865234375	 45212.1015625
39340540.0	 249.8246612548828	 276.5503234863281	 43054.15625
39340636.0	 249.5657958984375	 267.09613037109375	 43121.38671875
39340732.0	 250.95611572265625	 264.510498046875	 39979.8046875
39340920.0	 250.94525146484375	 277.08892822265625	 45499.50390625
39341016.0	 251.96739196777344	 272.8674621582031	 41503.5546875
39341108.0	 250.36734008789062	 261.01806640625	 44915.30859375
39341204.0	 246.02159118652344	 262.77001953125	 43547.953125
39341300.0	 244.1807098388672	 268.8005676269531	 45239.2734375
39341392.0	 245.7837677001953	 267.7954406738281	 42372.8359375
39341488.0	 248.7013702392578	 279.2337951660156	 46951.2578125
39341580.0	 245.20584106445312	 275.71795654296875	 45337.45703125
39341676.0	 245.4586639404297	 272.021484375	 46224.78515625
39341964.0	 243.34767150878906	 268.59539794921875	 42448.93359375
39342060.0	 249.20106506347656	 279.8282165527344	 46740.94140625
39342152.0	 241.74215698242188	 223.4928741455078	 40125.4140625
39342436.0	 279.3031005859375	 402.0179443359375	 70056.78125
39342532.0	 322.6111145019531	 288.6328430175781	 52416.765625
39342720.0	 319.8782043457031	 280.5356140136719	 45050.7421875
39342812.0	 323.0152282714844	 264.533447265625	 51512.546875
39342908.0	 326.9890441894531	 253.57118225097656	 52108.2890625
39343000.0	 326.14849853515625	 246.79049682617188	 45417.02734375
39343096.0	 326.4980163574219	 245.62136840820312	 46484.796875
39343192.0	 328.2520751953125	 237.9503631591797	 56451.37890625
39343288.0	 326.525146484375	 226.79051208496094	 43612.3125
39343380.0	 322.2388916015625	 257.9953918457031	 45652.51171875
39343476.0	 323.4859619140625	 244.99411010742188	 48664.8046875
39343572.0	 329.9679870605469	 241.85325622558594	 50862.83203125
39343668.0	 333.42364501953125	 234.98025512695312	 54873.921875
39343760.0	 331.26385498046875	 238.8834991455078	 51962.78125
39343856.0	 329.0379638671875	 246.7172393798828	 52335.2265625
39343952.0	 330.5406799316406	 236.71774291992188	 47229.140625
39344048.0	 331.3525390625	 236.42991638183594	 44653.83203125
39344140.0	 326.66131591796875	 227.322998046875	 42027.92578125
39344236.0	 322.7098083496094	 249.97109985351562	 46092.4453125
39344328.0	 321.92681884765625	 262.7315979003906	 47012.10546875
39344424.0	 321.5372009277344	 254.16148376464844	 43510.078125
39344520.0	 321.00445556640625	 267.7341003417969	 45974.09375
39344612.0	 320.8437194824219	 262.1705322265625	 45186.1171875
39344708.0	 324.0708923339844	 264.24017333984375	 50581.40234375
39344800.0	 322.7273864746094	 252.47254943847656	 46310.0546875
39344896.0	 319.8203125	 251.5576934814453	 42483.65625
39344992.0	 306.6476135253906	 297.4514465332031	 43257.00390625
39345088.0	 313.9927978515625	 277.2404479980469	 39290.35546875
39345180.0	 299.50537109375	 302.6658630371094	 42868.10546875
39345276.0	 302.5816345214844	 328.9355773925781	 50798.22265625
39345372.0	 313.1083984375	 284.4613037109375	 49047.72265625
39345464.0	 316.76873779296875	 264.3067626953125	 44860.078125
39345556.0	 316.7047424316406	 255.3335418701172	 40403.99609375
39345656.0	 315.38909912109375	 263.74371337890625	 38881.28515625
39345844.0	 316.23846435546875	 259.6825256347656	 38988.421875
39345940.0	 315.678955078125	 282.1289978027344	 45252.5078125
39346032.0	 317.87542724609375	 267.9078674316406	 43967.4296875
39346128.0	 322.4795837402344	 249.02459716796875	 45436.61328125
39346220.0	 313.13067626953125	 265.3366394042969	 37749.01953125
39346316.0	 309.71649169921875	 299.1168518066406	 46640.484375
39346412.0	 306.36749267578125	 284.0259094238281	 40477.9921875
39346508.0	 295.8656311035156	 333.14501953125	 44965.49609375
39346600.0	 306.9367980957031	 292.11627197265625	 37568.92578125
39346696.0	 308.4983215332031	 290.0749206542969	 38612.30078125
39346792.0	 312.5228271484375	 284.3891296386719	 38518.17578125
39346980.0	 315.50665283203125	 289.95440673828125	 41268.703125
39347072.0	 314.1037292480469	 279.3730163574219	 39197.8984375
39347168.0	 313.0361328125	 283.4156799316406	 38650.96484375
39347260.0	 316.4375305175781	 276.9809875488281	 41119.84375
39347356.0	 303.69158935546875	 305.4585876464844	 39125.52734375
39347452.0	 304.5016174316406	 301.92950439453125	 38138.06640625
39347548.0	 302.00128173828125	 310.5034484863281	 39181.68359375
39347644.0	 301.2703857421875	 312.0880126953125	 39688.52734375
39347740.0	 305.1697998046875	 287.639404296875	 38203.65234375
39347832.0	 301.5437316894531	 317.47564697265625	 42241.91015625
39347928.0	 303.9208679199219	 314.2960205078125	 41473.58984375
39348020.0	 301.6666564941406	 311.5414733886719	 38765.82421875
39348116.0	 299.5076599121094	 315.24658203125	 36986.8828125
39348212.0	 300.5270690917969	 301.7503662109375	 40115.0625
39348308.0	 299.87548828125	 315.8886413574219	 42240.0234375
39348400.0	 298.6150817871094	 292.3275146484375	 38930.2265625
39348496.0	 306.60687255859375	 293.3238220214844	 42319.65625
39348592.0	 308.4608154296875	 294.0672607421875	 40914.43359375
39348684.0	 308.51251220703125	 293.0202941894531	 39474.4609375
39348776.0	 311.0578308105469	 268.4482727050781	 36672.8671875
39348968.0	 295.61767578125	 343.3033447265625	 43771.5
39349060.0	 310.0367126464844	 275.60791015625	 40590.02734375
39349156.0	 305.2359313964844	 294.87408447265625	 42103.91015625
39349252.0	 289.3105773925781	 313.4125671386719	 38837.15234375
39349344.0	 282.2071228027344	 314.9255065917969	 40644.3671875
39349440.0	 281.4348449707031	 328.7474365234375	 46831.11328125
39349532.0	 275.770263671875	 312.28485107421875	 45664.38671875
39349632.0	 276.61181640625	 320.26129150390625	 47366.80078125
39349728.0	 273.5311584472656	 302.8265075683594	 46623.859375
39349820.0	 283.634033203125	 332.99871826171875	 47804.85546875
39349916.0	 297.9605712890625	 348.4878234863281	 44755.82421875
39350012.0	 303.30755615234375	 271.5384216308594	 33426.0703125
39350108.0	 298.2789611816406	 315.82330322265625	 41323.8125
39350200.0	 308.7710876464844	 315.68548583984375	 42142.70703125
39350296.0	 292.7002258300781	 308.59857177734375	 41434.53125
39350388.0	 297.2524719238281	 306.9156799316406	 39324.54296875
39350480.0	 290.7985534667969	 291.3634948730469	 37580.0390625
39350576.0	 275.4652404785156	 314.97088623046875	 48421.56640625
39350672.0	 292.19842529296875	 303.9899597167969	 41884.25
39350768.0	 288.5263977050781	 284.9461669921875	 40597.43359375
39350860.0	 287.3876647949219	 306.59014892578125	 44042.71875
39350956.0	 288.6475524902344	 301.23504638671875	 43561.6484375
39351048.0	 291.0189208984375	 310.69439697265625	 45439.81640625
39351144.0	 294.9895324707031	 310.2452697753906	 44566.5703125
39351240.0	 296.5235290527344	 309.0693359375	 45654.9921875
39351332.0	 301.1165466308594	 306.3376770019531	 45045.7265625
39351428.0	 301.8800354003906	 287.7557678222656	 40421.1484375
39351520.0	 301.93048095703125	 283.63250732421875	 46082.421875
39351616.0	 298.1457214355469	 289.5652160644531	 43822.640625
39351716.0	 292.37945556640625	 294.3218688964844	 42816.15625
39351812.0	 284.1813049316406	 300.80621337890625	 44536.60546875
39351904.0	 289.2698669433594	 304.962890625	 45166.63671875
39352096.0	 285.94244384765625	 307.8422546386719	 51957.6953125
39352188.0	 288.6609191894531	 290.3194885253906	 44475.45703125
39352280.0	 291.05255126953125	 288.0911560058594	 43322.97265625
39352376.0	 290.7711181640625	 292.47442626953125	 44237.52734375
39352472.0	 287.05474853515625	 304.6095886230469	 52224.8671875
39352564.0	 287.84771728515625	 314.036865234375	 48405.29296875
39352660.0	 286.40264892578125	 272.2629699707031	 46857.66796875
39352756.0	 286.05950927734375	 279.9078369140625	 45570.06640625
39352848.0	 286.68438720703125	 304.3509216308594	 47626.84765625
39353036.0	 281.46966552734375	 288.4265441894531	 49809.83984375
39353132.0	 282.2987976074219	 315.6037292480469	 45548.203125
39353228.0	 279.5157470703125	 304.65216064453125	 46158.79296875
39353320.0	 278.77545166015625	 296.18585205078125	 47174.2265625
39353416.0	 284.4799499511719	 311.8387451171875	 48999.98828125
39353512.0	 289.5266418457031	 324.78033447265625	 46453.98046875
39353604.0	 296.896728515625	 305.39520263671875	 40579.8359375
39353700.0	 292.2530822753906	 313.24969482421875	 43398.09375
39353800.0	 291.3594055175781	 358.94366455078125	 52812.1796875
39353892.0	 280.6760559082031	 296.7860412597656	 47768.42578125
39353988.0	 275.1835021972656	 307.2724609375	 50038.49609375
39354080.0	 281.4022216796875	 283.322265625	 48342.78515625
39354176.0	 280.81988525390625	 283.1050109863281	 47405.7578125
39354268.0	 282.79547119140625	 309.1606140136719	 48941.7578125
39354364.0	 281.5466003417969	 287.3407287597656	 44908.8203125
39354460.0	 284.8550720214844	 299.44842529296875	 48235.2421875
39354552.0	 280.2427062988281	 319.841552734375	 62221.5546875
39354648.0	 286.4524230957031	 303.23040771484375	 47712.7890625
39354744.0	 284.3819274902344	 279.82720947265625	 43853.42578125
39354840.0	 280.1780090332031	 289.1112976074219	 46846.31640625
39354932.0	 274.4354553222656	 289.0320739746094	 46510.4453125
39355028.0	 270.0491027832031	 299.3631286621094	 50984.5625
39355216.0	 275.6029357910156	 273.5990905761719	 35815.19140625
39355308.0	 271.6221008300781	 300.69525146484375	 47991.08984375
39355404.0	 272.8116455078125	 294.3296813964844	 47984.0390625
39355500.0	 274.48211669921875	 291.271240234375	 50521.27734375
39355596.0	 270.4337158203125	 292.4703369140625	 53318.21875
39355688.0	 275.7537841796875	 305.1590576171875	 52629.55859375
39355780.0	 281.2673034667969	 293.56024169921875	 46773.84765625
39355876.0	 298.9466247558594	 279.5664367675781	 40961.41015625
39355976.0	 288.1640625	 311.6683654785156	 47309.2578125
39356068.0	 296.3598327636719	 284.935302734375	 41150.1796875
39356164.0	 292.05657958984375	 301.0647277832031	 46211.16796875
39356256.0	 291.0155944824219	 298.19183349609375	 45091.9375
39356356.0	 305.6113586425781	 288.3807373046875	 41202.88671875
39356448.0	 295.8691101074219	 299.7110595703125	 44698.0859375
39356544.0	 291.4925231933594	 282.1059265136719	 41049.35546875
39356636.0	 284.95263671875	 303.2731018066406	 45541.359375
39356732.0	 278.4274597167969	 283.9349365234375	 44495.2578125
39356824.0	 269.6039123535156	 287.4221496582031	 49545.0234375
39356920.0	 259.55242919921875	 279.8351745605469	 50408.46484375
39357016.0	 258.93280029296875	 289.1376037597656	 50824.8125
39357108.0	 267.2554626464844	 302.0402526855469	 58122.78515625
39357204.0	 268.1178283691406	 291.74664306640625	 51851.0703125
39357296.0	 269.0021057128906	 290.04583740234375	 45452.890625
39357392.0	 267.7801818847656	 288.5829772949219	 49424.9609375
39357488.0	 266.45794677734375	 299.005126953125	 48641.265625
39357584.0	 262.54534912109375	 282.2020568847656	 46921.94140625
39357676.0	 267.0394592285156	 286.97894287109375	 49129.9765625
39357768.0	 264.84228515625	 292.7034912109375	 49005.94921875
39357864.0	 263.4927978515625	 282.7086181640625	 52341.83984375
39357960.0	 264.2850646972656	 300.33746337890625	 54462.96484375
39358056.0	 261.1824035644531	 290.418212890625	 48783.7734375
39358152.0	 261.3782043457031	 300.3877258300781	 53189.85546875
39358344.0	 271.2456359863281	 292.6140441894531	 48529.83203125
39358436.0	 270.5801696777344	 291.5406494140625	 53094.19140625
39358532.0	 270.02783203125	 300.1507568359375	 52368.546875
39358624.0	 269.64422607421875	 283.9160461425781	 48610.890625
39358720.0	 272.1069030761719	 300.0640563964844	 47461.5859375
39358812.0	 270.614990234375	 296.8031921386719	 47252.16015625
39358908.0	 268.35931396484375	 293.6283874511719	 47822.2421875
39359100.0	 267.2419738769531	 287.2241516113281	 46364.06640625
39359192.0	 279.6889953613281	 296.94659423828125	 49058.1875
39359288.0	 278.8614501953125	 293.7229309082031	 47394.8828125
39359380.0	 276.2699279785156	 283.11175537109375	 44818.9296875
39359476.0	 269.2521667480469	 300.49774169921875	 51348.1328125
39359572.0	 271.3659973144531	 302.5487365722656	 48280.33984375
39359664.0	 273.60711669921875	 302.40966796875	 55340.3203125
39359760.0	 273.87481689453125	 301.0877990722656	 50515.99609375
39359852.0	 271.34906005859375	 268.54644775390625	 48094.9609375
39359948.0	 274.5799560546875	 309.5709228515625	 52421.51171875
39360044.0	 274.1672668457031	 292.989990234375	 50163.35546875
39360140.0	 272.3027038574219	 283.8266906738281	 48821.76953125
39360232.0	 271.5228576660156	 302.9780578613281	 50948.0703125
39360328.0	 273.0466003417969	 292.1704406738281	 47506.45703125
39360420.0	 273.2708435058594	 294.4351501464844	 51337.0390625
39360516.0	 268.8273620605469	 287.98046875	 52724.265625
39360612.0	 269.3284606933594	 291.4958190917969	 53363.27734375
39360708.0	 267.7064208984375	 298.65283203125	 56851.3984375
39360800.0	 262.55291748046875	 282.16644287109375	 52319.265625
39360896.0	 255.6167755126953	 265.1700744628906	 51325.68359375
39360992.0	 247.27598571777344	 247.6443328857422	 45325.76171875
39361088.0	 242.55117797851562	 240.5525665283203	 41980.921875
39361840.0	 244.15914916992188	 275.4194030761719	 45754.75
39361936.0	 247.27078247070312	 285.33154296875	 49549.328125
39362032.0	 246.95704650878906	 267.83837890625	 43013.1875
39362128.0	 250.07957458496094	 285.2635192871094	 44862.52734375
39362220.0	 247.61500549316406	 273.62127685546875	 44421.8671875
39362316.0	 247.52230834960938	 271.9159240722656	 41403.4296875
39362408.0	 248.49794006347656	 284.64080810546875	 47011.0390625
39362504.0	 248.03387451171875	 285.0720520019531	 47507.90625
39362596.0	 247.3643341064453	 268.25469970703125	 43532.1171875
39362692.0	 249.654541015625	 283.85931396484375	 48047.1171875
39362784.0	 256.7888488769531	 296.04345703125	 51703.921875
39362884.0	 259.66888427734375	 285.5496826171875	 50174.41796875
39362976.0	 251.4265899658203	 270.67413330078125	 41971.31640625
39363076.0	 252.88038635253906	 297.1858215332031	 48226.16796875
39363168.0	 262.7888488769531	 301.2041015625	 46367.39453125
39363264.0	 265.4543151855469	 311.63714599609375	 50416.05859375
39363360.0	 268.62298583984375	 319.835205078125	 51343.046875
39363456.0	 269.4195251464844	 297.3864440917969	 46666.28125
39363548.0	 268.4813232421875	 297.5492858886719	 44055.42578125
39363640.0	 265.8235778808594	 289.5932312011719	 47593.4296875
39363736.0	 270.10089111328125	 299.6512756347656	 46434.359375
39363832.0	 273.4442138671875	 300.9201354980469	 46756.7890625
39363924.0	 270.3423767089844	 309.6376953125	 50963.8671875
39364020.0	 267.82904052734375	 300.0253601074219	 49735.4296875
39364112.0	 270.6706237792969	 317.2261962890625	 44992.30078125
39364208.0	 266.6886291503906	 295.8741149902344	 45998.46875
39364304.0	 279.8436584472656	 293.7427673339844	 44452.21484375
39364396.0	 265.84820556640625	 282.3881530761719	 46419.2265625
39364588.0	 267.0108642578125	 304.2552490234375	 46073.47265625
39364680.0	 269.2612609863281	 293.5597229003906	 46551.88671875
39364776.0	 276.6497497558594	 316.3716735839844	 46654.87109375
39364872.0	 279.97845458984375	 281.3292541503906	 43051.98828125
39364964.0	 272.36968994140625	 308.6809387207031	 50630.0
39365152.0	 275.15972900390625	 322.9037780761719	 47191.609375
39365248.0	 273.9669189453125	 323.680908203125	 49784.01171875
39365344.0	 275.64337158203125	 274.8323669433594	 43860.078125
39365440.0	 266.4610595703125	 304.42083740234375	 47597.6796875
39365532.0	 261.9431457519531	 301.5679931640625	 45743.1953125
39365632.0	 267.3107604980469	 332.48333740234375	 49468.4765625
39365724.0	 286.6246337890625	 329.4424133300781	 47077.59375
39365820.0	 298.2942199707031	 284.6624450683594	 36050.01171875
39365912.0	 302.4312438964844	 297.3513488769531	 36384.8515625
39366008.0	 284.1248779296875	 313.0528869628906	 44077.015625
39366100.0	 290.3792419433594	 306.3424987792969	 40667.296875
39366200.0	 291.02862548828125	 309.1846008300781	 47223.3828125
39366292.0	 300.92010498046875	 290.1028747558594	 38985.6796875
39366388.0	 298.4571533203125	 299.3670654296875	 42230.9921875
39366480.0	 301.60113525390625	 295.6404724121094	 40663.21484375
39366576.0	 294.0747985839844	 307.2173767089844	 40229.50390625
39366672.0	 292.7022705078125	 302.8865051269531	 41216.484375
39366764.0	 298.4165954589844	 304.8069152832031	 41549.38671875
39366860.0	 290.69866943359375	 313.45465087890625	 43551.58984375
39366952.0	 290.7884521484375	 306.1686706542969	 40793.62109375
39367048.0	 286.86529541015625	 313.9071960449219	 42025.3828125
39367140.0	 283.9748229980469	 310.40985107421875	 44541.15625
39367236.0	 287.3422546386719	 309.3851013183594	 40713.7734375
39367332.0	 291.492919921875	 292.2374572753906	 38978.01953125
39367428.0	 288.7499084472656	 302.61083984375	 39767.78125
39367520.0	 289.4849548339844	 318.4764404296875	 44535.203125
39367708.0	 288.319580078125	 290.57574462890625	 37791.87890625
39367808.0	 287.9681091308594	 312.84942626953125	 42508.4375
39367900.0	 288.3696594238281	 297.0445556640625	 42611.0625
39367992.0	 291.2021789550781	 309.3287353515625	 39921.19921875
39368088.0	 288.2230224609375	 299.5021057128906	 38917.89453125
39368184.0	 290.3690490722656	 314.3796081542969	 40301.86328125
39368280.0	 291.34368896484375	 322.1568908691406	 43374.1328125
39368376.0	 292.9182434082031	 321.6543884277344	 40118.51953125
39368468.0	 291.02947998046875	 313.0957946777344	 39639.51171875
39368564.0	 285.88360595703125	 310.2156677246094	 41202.14453125
39368660.0	 285.5964050292969	 302.162353515625	 42616.98828125
39368756.0	 289.19305419921875	 320.3800048828125	 45422.17578125
39368848.0	 291.16009521484375	 309.66558837890625	 40527.25390625
39368940.0	 288.7671203613281	 307.7590026855469	 42028.5
39369036.0	 285.3235168457031	 306.4407043457031	 43119.29296875
39369132.0	 286.3059387207031	 303.3020935058594	 41181.26171875
39369224.0	 282.1194763183594	 282.8407287597656	 37291.46484375
39369320.0	 274.93707275390625	 311.3869323730469	 52083.88671875
39369416.0	 281.3382568359375	 311.91265869140625	 46682.1953125
39369512.0	 283.3364562988281	 314.50048828125	 42811.58203125
39369604.0	 283.83465576171875	 318.3855895996094	 43297.30078125
39369700.0	 289.132568359375	 317.89263916015625	 41147.87890625
39369796.0	 286.0956115722656	 304.0523986816406	 41622.078125
39369888.0	 285.2501525878906	 309.7793884277344	 40509.46484375
39369980.0	 286.9324951171875	 314.3212585449219	 42830.3984375
39370076.0	 279.13812255859375	 306.38348388671875	 44141.125
39370172.0	 270.5474548339844	 295.89764404296875	 47035.30078125
39370264.0	 269.2680969238281	 301.0731201171875	 46950.52734375
39370360.0	 265.9116516113281	 304.609130859375	 47027.08203125
39370452.0	 263.959228515625	 295.083251953125	 46089.21484375
39370548.0	 267.26812744140625	 308.4509582519531	 51542.48828125
39370644.0	 267.220703125	 305.52862548828125	 45467.75
39370832.0	 266.6005859375	 288.1786804199219	 34850.05078125
39370928.0	 272.8310241699219	 308.06903076171875	 47768.71484375
39371020.0	 274.7955627441406	 311.81756591796875	 50393.24609375
39371212.0	 268.5894775390625	 301.1511535644531	 48403.07421875
39371308.0	 267.9157409667969	 291.2285461425781	 44216.03515625
39371404.0	 266.0766906738281	 304.0229797363281	 48341.50390625
39371500.0	 266.6061706542969	 293.8172607421875	 48813.2890625
39371592.0	 267.6695861816406	 299.3301696777344	 46904.10546875
39371688.0	 265.8089599609375	 293.7169494628906	 42800.33203125
39371780.0	 266.7703857421875	 298.6175842285156	 46601.87890625
39371876.0	 263.64947509765625	 284.767822265625	 43854.42578125
39371972.0	 263.3365783691406	 303.4858703613281	 47588.0703125
39372068.0	 263.01226806640625	 300.8424987792969	 45607.24609375
39372160.0	 265.1913757324219	 302.6163330078125	 49110.7421875
39372256.0	 265.1865234375	 308.25732421875	 50212.859375
39372348.0	 268.5185546875	 309.0360412597656	 47702.68359375
39372444.0	 270.7364196777344	 297.9928894042969	 43360.33203125
39372536.0	 266.24737548828125	 296.0194396972656	 43990.09765625
39372632.0	 266.2332763671875	 293.45965576171875	 46488.765625
39372728.0	 267.3603820800781	 293.47015380859375	 44490.46875
39372824.0	 262.0177001953125	 289.8075866699219	 45403.85546875
39372916.0	 259.58880615234375	 272.6561584472656	 38901.8671875
39373012.0	 258.0877685546875	 282.81298828125	 43180.46875
39373104.0	 259.3365783691406	 293.19970703125	 46004.75390625
39373200.0	 261.3717956542969	 294.6467590332031	 46058.41796875
39373296.0	 260.1352844238281	 285.6503601074219	 44166.72265625
39373388.0	 266.0787353515625	 294.3669738769531	 41535.6328125
39373484.0	 260.5796203613281	 287.7720031738281	 42799.25
39373576.0	 261.2597961425781	 301.4830322265625	 48695.53125
39373672.0	 258.95147705078125	 296.87420654296875	 49610.4140625
39373764.0	 263.0943908691406	 297.9374084472656	 48682.7265625
39373956.0	 263.3475036621094	 303.84747314453125	 57389.515625
39374052.0	 265.6988830566406	 287.8102111816406	 45873.33984375
39374148.0	 265.2762756347656	 291.061767578125	 44736.1796875
39374244.0	 265.6229248046875	 289.6798095703125	 46869.015625
39374340.0	 267.22088623046875	 291.0133056640625	 40307.3671875
39374432.0	 267.2313232421875	 301.6058349609375	 50763.76171875
39374528.0	 274.0589599609375	 298.5669250488281	 43582.8359375
39374624.0	 277.318359375	 300.69635009765625	 44575.109375
39374716.0	 274.4640808105469	 291.0468444824219	 38321.91796875
39374812.0	 275.66558837890625	 298.021240234375	 42587.66796875
39374904.0	 280.42010498046875	 300.6997985839844	 42409.796875
39375000.0	 276.8621520996094	 304.4741516113281	 43780.09375
39375092.0	 276.939697265625	 302.8904724121094	 44579.08203125
39375188.0	 275.9524230957031	 303.60595703125	 42918.71875
39375284.0	 278.7098388671875	 292.1291198730469	 39255.2734375
39375376.0	 278.6849365234375	 294.70281982421875	 41084.78515625
39375472.0	 273.1907653808594	 290.73779296875	 42201.22265625
39375568.0	 269.7420349121094	 294.53546142578125	 44161.69140625
39375660.0	 269.0765686035156	 289.9393615722656	 41158.828125
39375756.0	 265.7099609375	 302.509521484375	 45492.96484375
39375848.0	 266.66070556640625	 291.5533447265625	 43037.54296875
39375944.0	 267.44921875	 306.3047180175781	 52851.58203125
39376040.0	 270.6747131347656	 294.22442626953125	 45466.9921875
39376136.0	 267.1864929199219	 288.7207336425781	 41187.20703125
39376228.0	 263.39080810546875	 284.05145263671875	 41168.52734375
39376324.0	 265.9380187988281	 293.7109069824219	 43342.98828125
39376416.0	 264.9285583496094	 297.2268981933594	 46511.6875
39376512.0	 268.1293029785156	 287.287353515625	 43099.13671875
39376608.0	 265.7879943847656	 287.55499267578125	 41612.09375
