START:	 37.30000000000026
END:	 37.40000000000026

r [km]	 vr [km/s]	 np [cm-3]	 T [K]
26017780.0	 377.5030212402344	 227.18321228027344	 478127.3125
26016176.0	 313.9725646972656	 237.9971466064453	 188696.828125
26014576.0	 353.96673583984375	 253.64071655273438	 513022.0
26011374.0	 348.5188903808594	 270.464599609375	 519173.625
26010522.0	 353.21588134765625	 265.7193603515625	 446078.625
26010472.0	 351.3300476074219	 313.294677734375	 481396.65625
26010424.0	 348.22802734375	 247.26742553710938	 487741.15625
26010372.0	 350.3900451660156	 283.7450866699219	 548114.125
26010322.0	 352.9170837402344	 313.1656494140625	 450983.375
26010274.0	 354.1551513671875	 233.55772399902344	 409190.125
26010222.0	 359.3529052734375	 314.9952392578125	 522698.9375
26010124.0	 350.8907470703125	 250.5706024169922	 529847.9375
26010074.0	 344.08740234375	 240.3411102294922	 425729.40625
26010022.0	 355.36712646484375	 253.1880645751953	 445775.78125
26009972.0	 354.0115661621094	 244.14501953125	 423286.625
26009170.0	 343.1793212890625	 223.62306213378906	 411946.21875
26009122.0	 345.3934020996094	 253.06756591796875	 489361.875
26009096.0	 348.4863586425781	 308.138916015625	 495095.875
26009072.0	 336.326416015625	 206.7163848876953	 326901.59375
26009046.0	 324.2723388671875	 253.8589630126953	 343693.65625
26009020.0	 333.932373046875	 249.86241149902344	 377401.5
26008998.0	 337.1576232910156	 255.30735778808594	 375314.625
26008974.0	 351.77685546875	 288.44696044921875	 477251.28125
26008846.0	 344.037841796875	 416.0585632324219	 592416.25
26008824.0	 339.6767272949219	 213.0812225341797	 381167.4375
26008798.0	 327.17572021484375	 246.5697479248047	 442091.15625
26008774.0	 348.6163635253906	 280.3587646484375	 436739.34375
26008722.0	 332.5068664550781	 277.6593933105469	 363092.90625
26008570.0	 344.5971374511719	 256.4646301269531	 417917.21875
26008546.0	 339.583251953125	 231.58978271484375	 331074.28125
26008522.0	 339.4803466796875	 305.39373779296875	 469615.21875
26008472.0	 349.21337890625	 306.5180358886719	 465251.59375
26008420.0	 340.3183898925781	 236.69961547851562	 456381.75
26008396.0	 348.3171691894531	 357.96856689453125	 549268.9375
26008346.0	 344.37945556640625	 354.9934387207031	 518545.75
26008322.0	 347.15997314453125	 231.9593505859375	 416270.34375
26008296.0	 338.50433349609375	 241.0499725341797	 334965.59375
26008272.0	 341.9178161621094	 304.5337829589844	 535509.375
26008246.0	 341.14990234375	 242.93301391601562	 410324.53125
26008222.0	 353.92340087890625	 258.873291015625	 470814.84375
26008172.0	 346.1738586425781	 260.5213623046875	 492956.84375
26008146.0	 343.8816833496094	 303.6631164550781	 517975.4375
26008120.0	 358.41497802734375	 337.35833740234375	 455466.59375
26008046.0	 335.5047302246094	 372.2503356933594	 389555.96875
26008020.0	 349.96661376953125	 228.2595977783203	 402343.40625
26007996.0	 323.0658264160156	 300.5771484375	 423700.75
26007970.0	 349.86956787109375	 274.1967468261719	 502077.71875
26007946.0	 348.3750915527344	 318.1617431640625	 475240.875
26007922.0	 347.34625244140625	 234.53030395507812	 510356.125
26007894.0	 352.3970031738281	 248.10430908203125	 465902.4375
26007820.0	 353.7099914550781	 315.8368835449219	 497975.03125
26007720.0	 338.61431884765625	 351.59014892578125	 435967.125
26007672.0	 337.4071044921875	 280.66015625	 473536.90625
26007646.0	 370.4669189453125	 227.56492614746094	 356104.59375
26007594.0	 357.48968505859375	 268.8340759277344	 514020.375
26007570.0	 354.55059814453125	 300.2199401855469	 509088.28125
26007546.0	 353.14959716796875	 359.5356750488281	 512619.625
26007496.0	 347.4568786621094	 275.45843505859375	 373720.40625
26007472.0	 357.3782043457031	 232.4744415283203	 466466.59375
26007446.0	 358.10760498046875	 276.0473937988281	 548933.3125
26007396.0	 363.1678466796875	 232.05050659179688	 438497.5
26007370.0	 366.90673828125	 249.3053741455078	 460362.78125
26007344.0	 353.1792907714844	 229.14971923828125	 412483.03125
26007322.0	 338.4769592285156	 277.1300354003906	 501212.9375
26007270.0	 345.301025390625	 229.52369689941406	 436061.40625
26007220.0	 345.6980895996094	 201.60121154785156	 339904.8125
26007196.0	 351.3443908691406	 320.8349609375	 430608.75
26007172.0	 350.4069519042969	 241.07337951660156	 445804.28125
26007144.0	 342.1498718261719	 285.26641845703125	 532721.4375
26007122.0	 336.0769958496094	 263.4447021484375	 389831.375
26007096.0	 350.8341979980469	 254.4040069580078	 459524.84375
26007020.0	 339.60186767578125	 236.8512420654297	 418145.5625
26006994.0	 336.9586486816406	 255.20626831054688	 468909.59375
26006844.0	 348.58563232421875	 318.9603576660156	 537706.1875
26006820.0	 334.1468505859375	 281.45001220703125	 322737.3125
26006768.0	 340.1976318359375	 217.69561767578125	 308815.96875
26006744.0	 342.4500732421875	 301.1815490722656	 494134.71875
26006720.0	 348.0858154296875	 249.1900634765625	 391836.3125
26006646.0	 345.4653625488281	 382.6686096191406	 538776.875
26006620.0	 344.83306884765625	 286.76409912109375	 451551.5625
26006596.0	 346.18865966796875	 279.12127685546875	 478915.09375
26006570.0	 347.27117919921875	 225.34022521972656	 484626.46875
26006494.0	 325.7047424316406	 253.48077392578125	 437748.03125
26006268.0	 346.0542297363281	 367.4470520019531	 478784.0
26006242.0	 349.43206787109375	 332.53045654296875	 508048.1875
26006220.0	 339.35614013671875	 332.978271484375	 603488.4375
26006068.0	 331.483154296875	 323.1419982910156	 447007.96875
26006046.0	 343.888916015625	 339.24481201171875	 428041.5625
26006018.0	 347.06134033203125	 266.02850341796875	 440032.84375
26005996.0	 325.3079833984375	 225.84974670410156	 493255.46875
26005868.0	 347.4949951171875	 266.04443359375	 389060.8125
26005844.0	 351.6656188964844	 215.6593780517578	 393861.5
26005820.0	 349.0762939453125	 223.75596618652344	 413158.96875
26005718.0	 333.7189025878906	 252.8114013671875	 325623.46875
26005670.0	 336.61505126953125	 229.3357391357422	 370723.71875
26005268.0	 333.8468017578125	 252.22789001464844	 411623.4375
26005192.0	 347.4617919921875	 273.6096496582031	 484332.5625
26005168.0	 345.7039489746094	 226.8044891357422	 500771.875
26005118.0	 343.8323974609375	 244.48577880859375	 360164.15625
26005044.0	 344.9731140136719	 390.8100280761719	 427082.9375
26004994.0	 350.8520812988281	 270.9773864746094	 464473.75
26004968.0	 343.6976623535156	 210.2847442626953	 311937.6875
26004868.0	 338.6670227050781	 262.80706787109375	 421102.5625
26004668.0	 244.45053100585938	 19.98203468322754	 3908.611572265625
26004618.0	 234.30625915527344	 20.147235870361328	 1952.4647216796875
26004518.0	 334.8010559082031	 265.44580078125	 323762.4375
26004468.0	 355.0271911621094	 277.8872985839844	 441917.34375
26004444.0	 353.9380798339844	 325.8788146972656	 608444.25
26004418.0	 356.3513488769531	 237.57794189453125	 473629.40625
26004268.0	 346.4147644042969	 214.69871520996094	 347290.78125
26004142.0	 306.1594543457031	 130.102783203125	 76020.640625
26004118.0	 342.2617492675781	 224.13507080078125	 425155.90625
26003968.0	 348.3424072265625	 319.40216064453125	 482033.75
26003918.0	 356.5011901855469	 326.8227233886719	 491487.6875
26003842.0	 346.694091796875	 306.48236083984375	 525863.3125
26003744.0	 346.5152893066406	 243.5745086669922	 473990.1875
26003716.0	 339.46630859375	 250.46270751953125	 413770.21875
26003692.0	 346.06878662109375	 387.09136962890625	 525588.875
26003640.0	 336.31109619140625	 279.4800720214844	 384514.59375
26003592.0	 348.17181396484375	 301.8263854980469	 443528.125
26003566.0	 335.5517883300781	 243.64645385742188	 306180.625
26003466.0	 346.3442687988281	 315.556640625	 510407.65625
26003292.0	 346.46630859375	 225.30828857421875	 367262.71875
26003068.0	 336.8079528808594	 227.7197265625	 382994.40625
26003040.0	 343.3378601074219	 239.82728576660156	 448091.5625
26003018.0	 323.9231872558594	 241.15151977539062	 283961.46875
26002992.0	 337.4637756347656	 217.19390869140625	 352523.15625
26002942.0	 339.3148193359375	 218.75299072265625	 338533.75
26002890.0	 344.5787658691406	 336.2799377441406	 531795.0625
26002868.0	 344.97735595703125	 281.43804931640625	 486626.78125
26002792.0	 339.1944274902344	 342.5675964355469	 467469.1875
26002642.0	 338.0963134765625	 312.9723205566406	 478615.8125
26002616.0	 332.75872802734375	 263.6239013671875	 395192.875
26002590.0	 348.5016174316406	 239.9662322998047	 390892.75
26002566.0	 337.76812744140625	 270.3308410644531	 490242.65625
26002466.0	 328.22027587890625	 268.90997314453125	 354268.4375
26002440.0	 338.6388854980469	 246.30934143066406	 323598.96875
26002392.0	 325.6179504394531	 254.12261962890625	 384376.0625
26002366.0	 336.7966613769531	 246.5341339111328	 367011.5
26002168.0	 332.8304748535156	 284.0400390625	 380762.84375
26002140.0	 337.40814208984375	 438.87646484375	 485565.75
26002116.0	 332.03570556640625	 313.8716735839844	 490665.3125
26002092.0	 348.3480529785156	 313.3540344238281	 486791.71875
26002066.0	 352.607421875	 348.3160400390625	 439997.90625
26002040.0	 343.5619201660156	 289.9185791015625	 489529.96875
26002016.0	 338.51336669921875	 302.0932922363281	 426289.65625
26001990.0	 335.2469482421875	 263.8778991699219	 373989.21875
26001866.0	 341.57501220703125	 295.9681701660156	 411517.28125
26001766.0	 338.8127746582031	 246.32443237304688	 379630.59375
26001616.0	 327.6903076171875	 301.1153564453125	 408471.0
26001490.0	 338.208740234375	 325.4678955078125	 534502.1875
26001366.0	 337.03875732421875	 318.1432800292969	 350352.25
26001340.0	 338.76513671875	 387.268310546875	 490967.375
26001218.0	 342.01800537109375	 422.3389892578125	 459497.875
26001116.0	 339.281494140625	 212.5746612548828	 311723.78125
26000992.0	 338.751953125	 241.19447326660156	 395407.4375
26000940.0	 342.30401611328125	 234.0470733642578	 439936.78125
26000916.0	 235.0282745361328	 75.6038818359375	 16857.279296875
26000890.0	 323.0054931640625	 311.3220520019531	 380716.96875
26000864.0	 336.02825927734375	 280.4891052246094	 515543.46875
26000814.0	 345.4373474121094	 356.9544677734375	 511609.625
26000790.0	 331.0779113769531	 354.3397216796875	 375152.5
26000766.0	 334.0715637207031	 228.8289031982422	 344880.65625
26000740.0	 340.54302978515625	 285.4598388671875	 453308.3125
26000716.0	 334.0622253417969	 275.4411926269531	 290415.75
26000616.0	 338.7358093261719	 285.5753173828125	 392474.96875
26000566.0	 344.5881042480469	 261.4227600097656	 398203.40625
26000514.0	 330.9378662109375	 229.630615234375	 369533.0
26000390.0	 338.0330505371094	 239.90545654296875	 380705.8125
26000364.0	 337.78765869140625	 309.0361633300781	 497000.6875
26000338.0	 330.42108154296875	 268.494384765625	 494393.6875
25999890.0	 341.1187744140625	 251.11273193359375	 492620.53125
25999864.0	 335.56280517578125	 241.08883666992188	 476306.59375
25999514.0	 335.1853942871094	 287.1739196777344	 348138.03125
25999488.0	 319.1165466308594	 274.5914611816406	 372585.40625
25999440.0	 316.7742614746094	 288.888671875	 399428.875
25999412.0	 324.6986083984375	 266.48187255859375	 359585.75
25999388.0	 321.1716613769531	 271.785400390625	 362388.34375
25999338.0	 315.44244384765625	 255.1969757080078	 429179.59375
25999314.0	 312.2485656738281	 255.06251525878906	 303638.40625
25999288.0	 315.2787170410156	 230.09913635253906	 240731.328125
25999064.0	 335.9549560546875	 241.52737426757812	 317768.875
25999038.0	 318.5064392089844	 280.2408447265625	 351045.125
25999012.0	 249.09524536132812	 45.786956787109375	 10107.6953125
25998888.0	 337.3070983886719	 243.967529296875	 398267.78125
25998512.0	 321.119873046875	 284.5909423828125	 373471.9375
25998488.0	 233.089599609375	 53.905128479003906	 13280.583984375
25998462.0	 325.7557067871094	 247.81060791015625	 339063.8125
25998414.0	 320.23419189453125	 285.0404052734375	 376379.15625
25998386.0	 331.1971130371094	 229.61700439453125	 314361.46875
25998338.0	 334.219970703125	 240.38027954101562	 363553.65625
25998312.0	 332.4259033203125	 268.22430419921875	 381861.8125
25998288.0	 326.5275573730469	 245.38465881347656	 277710.65625
25998262.0	 327.0868225097656	 278.95806884765625	 348453.25
25998238.0	 330.1060791015625	 262.7875061035156	 369442.8125
25998212.0	 327.45843505859375	 254.73272705078125	 346700.21875
25998190.0	 330.69781494140625	 253.00621032714844	 370293.125
25998162.0	 332.0948181152344	 234.22608947753906	 327618.84375
25998112.0	 328.9402160644531	 250.26707458496094	 324221.28125
25998038.0	 335.5046081542969	 242.39892578125	 330084.8125
25997988.0	 329.3295593261719	 246.4976806640625	 304070.09375
25997962.0	 331.3994140625	 259.3040771484375	 334325.84375
25997936.0	 333.9392395019531	 345.51312255859375	 458454.9375
25997814.0	 325.1448669433594	 280.3385925292969	 440554.28125
25997786.0	 321.9981689453125	 275.7851867675781	 378566.9375
25997762.0	 331.1625671386719	 255.32981872558594	 336416.28125
25997636.0	 319.5067443847656	 251.03050231933594	 317528.78125
25997560.0	 324.97283935546875	 309.5594482421875	 370532.03125
25997536.0	 325.00469970703125	 304.25250244140625	 539789.75
25997512.0	 319.634521484375	 250.71075439453125	 308236.5
25997486.0	 323.6500549316406	 284.65948486328125	 398364.1875
25997412.0	 324.0389099121094	 272.52655029296875	 394929.46875
25997386.0	 323.173583984375	 286.50970458984375	 396373.375
25997262.0	 323.698486328125	 265.4771728515625	 350889.9375
25997088.0	 323.5213623046875	 272.06671142578125	 403635.90625
25997058.0	 331.5696716308594	 268.1785583496094	 336320.125
25997036.0	 323.476806640625	 253.9973602294922	 326040.15625
25996960.0	 322.1226806640625	 246.78236389160156	 325108.3125
25996936.0	 320.1962890625	 243.7735595703125	 301569.03125
25996910.0	 326.0596008300781	 315.8523254394531	 372335.15625
25996862.0	 322.6165771484375	 255.06524658203125	 378695.28125
25996686.0	 329.1680908203125	 238.94827270507812	 284181.15625
25996662.0	 315.1958923339844	 254.37928771972656	 305659.15625
25996586.0	 333.3077697753906	 298.5411682128906	 383094.03125
25996562.0	 321.2102355957031	 244.7741241455078	 348024.03125
25996536.0	 324.9968566894531	 249.73118591308594	 299385.96875
25996510.0	 320.9169616699219	 280.9765319824219	 373794.84375
25996486.0	 322.6444091796875	 280.13739013671875	 390212.375
25996460.0	 321.0225830078125	 269.8401794433594	 399972.40625
25996410.0	 315.9059143066406	 302.9368591308594	 444474.65625
25996312.0	 326.55462646484375	 277.39886474609375	 349622.15625
25996112.0	 327.99578857421875	 274.2988586425781	 394971.0625
25996086.0	 316.6977233886719	 224.33204650878906	 225224.96875
25995960.0	 320.5722351074219	 244.93307495117188	 347445.3125
25995936.0	 339.4563903808594	 300.04071044921875	 394511.125
25995910.0	 331.43463134765625	 262.92486572265625	 321263.3125
25995836.0	 332.69677734375	 231.55824279785156	 322114.375
25995810.0	 326.4756774902344	 291.0977783203125	 371335.59375
25995784.0	 329.5293273925781	 239.36080932617188	 306251.21875
25995734.0	 319.9517517089844	 370.91278076171875	 411866.25
25995712.0	 324.9831848144531	 273.38604736328125	 387773.5
25995686.0	 326.2432861328125	 256.5201721191406	 337031.0625
25995660.0	 323.3843078613281	 254.26669311523438	 376455.1875
25995486.0	 337.6575012207031	 344.8037109375	 462366.25
25995412.0	 322.02069091796875	 259.1325378417969	 365861.03125
25995334.0	 328.92578125	 241.21839904785156	 329400.03125
25995310.0	 331.7269592285156	 288.728515625	 446815.75
25995284.0	 328.99176025390625	 277.24859619140625	 363269.53125
25995260.0	 335.4948425292969	 270.0859680175781	 395059.65625
25995210.0	 326.2960205078125	 224.2266082763672	 339968.90625
25995008.0	 323.7647705078125	 263.77703857421875	 404990.28125
25994986.0	 326.557861328125	 230.4838409423828	 351713.46875
25994886.0	 333.2938537597656	 263.8492431640625	 453227.8125
25994860.0	 323.5467224121094	 274.60400390625	 410871.71875
25994834.0	 329.7322082519531	 288.0086669921875	 407033.0625
25994708.0	 327.16015625	 236.72024536132812	 391103.625
25994684.0	 335.8105163574219	 230.4018096923828	 370763.59375
25994660.0	 324.8647155761719	 255.92178344726562	 364632.40625
25994634.0	 325.2144470214844	 304.84521484375	 382409.46875
25994586.0	 338.3406066894531	 243.24891662597656	 424597.375
25994510.0	 336.1129455566406	 264.00653076171875	 379596.6875
25994484.0	 327.4845275878906	 272.1371765136719	 388833.5
25994460.0	 314.47381591796875	 311.5898132324219	 449273.40625
25994436.0	 326.321044921875	 240.80685424804688	 366357.78125
25994384.0	 323.07757568359375	 259.68701171875	 392123.15625
25994334.0	 329.2301025390625	 254.26002502441406	 353256.875
25994310.0	 339.2117004394531	 264.28582763671875	 416884.9375
25994234.0	 336.78857421875	 227.42083740234375	 297087.53125
25994182.0	 335.49169921875	 230.9277801513672	 365272.1875
25994158.0	 337.1534118652344	 292.6773986816406	 444740.6875
25994058.0	 323.64984130859375	 242.25975036621094	 389544.125
25994034.0	 332.1518249511719	 219.9582977294922	 320106.59375
25994008.0	 350.8510437011719	 266.27227783203125	 431405.34375
25993982.0	 337.1951904296875	 240.73385620117188	 376493.0625
25993908.0	 340.7262268066406	 221.14669799804688	 366834.46875
25993734.0	 325.76202392578125	 268.2478942871094	 407924.96875
25993684.0	 323.0562438964844	 229.5198211669922	 409338.53125
25993608.0	 334.5121765136719	 224.1372528076172	 327100.625
25993510.0	 326.3876647949219	 232.2930450439453	 361977.46875
25993484.0	 333.80474853515625	 247.9423828125	 347775.375
25993458.0	 327.03411865234375	 235.02088928222656	 310640.53125
25993408.0	 334.2955627441406	 267.5346984863281	 407355.34375
25993382.0	 327.0301818847656	 248.81549072265625	 341129.6875
25993208.0	 345.97906494140625	 224.81008911132812	 383005.34375
25993182.0	 328.2088928222656	 269.1237487792969	 391074.5625
25993134.0	 330.66497802734375	 343.341064453125	 507934.3125
25993108.0	 344.404541015625	 262.67578125	 389711.0625
25993084.0	 339.4596252441406	 253.24021911621094	 352554.34375
25993058.0	 338.63427734375	 259.5444641113281	 389816.71875
25993032.0	 341.96624755859375	 276.97735595703125	 442337.0
25993006.0	 325.65924072265625	 252.6214141845703	 387480.8125
25992984.0	 339.6086120605469	 219.19186401367188	 295378.46875
25992956.0	 339.058837890625	 220.383544921875	 346274.6875
25992934.0	 339.6202087402344	 264.1382751464844	 416606.3125
25992908.0	 336.6313781738281	 213.3147430419922	 311231.15625
25992534.0	 325.8207092285156	 248.59701538085938	 311347.1875
25992508.0	 330.3838195800781	 247.19961547851562	 409200.75
25992458.0	 335.36175537109375	 231.62225341796875	 323380.90625
25992432.0	 323.0304870605469	 228.42807006835938	 346073.84375
25992408.0	 333.2015075683594	 225.89402770996094	 353592.25
25992358.0	 332.5887145996094	 246.14837646484375	 348073.5
25992308.0	 326.2508544921875	 236.5252227783203	 293340.71875
25992132.0	 327.29864501953125	 243.1201934814453	 355758.875
25992108.0	 345.4159240722656	 229.24851989746094	 415664.3125
25992082.0	 330.28875732421875	 223.34381103515625	 293765.03125
25992056.0	 337.675048828125	 240.3142852783203	 360092.46875
25991982.0	 323.1987609863281	 246.81936645507812	 307816.34375
25991958.0	 336.005615234375	 238.60140991210938	 392007.1875
25991908.0	 341.84063720703125	 226.5020751953125	 342157.9375
25991882.0	 339.7160949707031	 229.4812469482422	 377849.375
25991856.0	 336.5362548828125	 217.09390258789062	 280635.84375
25991808.0	 336.5874938964844	 227.05062866210938	 303920.09375
25991782.0	 332.73785400390625	 276.9351501464844	 463236.8125
25991682.0	 326.6687927246094	 271.9690246582031	 396736.65625
25991660.0	 338.48516845703125	 259.8323059082031	 427528.09375
25991634.0	 338.18853759765625	 253.6581268310547	 403484.21875
25991608.0	 340.29193115234375	 261.9909362792969	 425836.75
25991582.0	 331.7323303222656	 238.86599731445312	 318346.75
25991558.0	 330.9283752441406	 246.6808319091797	 333919.09375
25991532.0	 333.2301330566406	 236.5361785888672	 308961.34375
25991506.0	 341.0041198730469	 232.61048889160156	 336410.15625
25991458.0	 348.193603515625	 234.09339904785156	 422209.5625
25991406.0	 329.3056945800781	 246.9967498779297	 382513.875
25991382.0	 332.4018859863281	 225.73077392578125	 313080.90625
25991356.0	 331.8861083984375	 226.00697326660156	 304539.34375
25991332.0	 328.2984313964844	 228.52210998535156	 295923.6875
25991256.0	 346.20440673828125	 239.63038635253906	 374190.625
25991232.0	 325.33245849609375	 260.7427673339844	 376262.90625
25991206.0	 333.6298828125	 236.40762329101562	 440572.4375
25991182.0	 314.11175537109375	 266.84619140625	 442097.875
25991132.0	 340.0606994628906	 241.79747009277344	 433358.25
25991082.0	 335.99896240234375	 329.1914367675781	 586158.3125
25991032.0	 336.5423889160156	 326.3241271972656	 456392.4375
25991008.0	 326.8829650878906	 214.71641540527344	 327332.75
25990982.0	 331.3531188964844	 246.9517822265625	 398097.5625
25990956.0	 334.91461181640625	 222.1004638671875	 371846.375
25990806.0	 326.8387145996094	 220.99049377441406	 365625.8125
25990730.0	 322.72332763671875	 243.1811065673828	 359275.78125
25990680.0	 325.2287292480469	 334.6801452636719	 303482.21875
25990556.0	 334.5677795410156	 252.03189086914062	 456186.40625
25990530.0	 340.86181640625	 262.5182800292969	 409892.625
25990508.0	 321.3967590332031	 224.04173278808594	 324066.5
25990482.0	 327.73699951171875	 230.0939178466797	 340816.90625
25990458.0	 332.5894470214844	 208.27468872070312	 317351.34375
25990432.0	 333.921630859375	 250.73831176757812	 509406.28125
25990356.0	 314.1734619140625	 245.71031188964844	 389821.6875
25990206.0	 317.1893310546875	 247.2477569580078	 326752.1875
25989906.0	 320.97344970703125	 253.66188049316406	 358915.0625
25989882.0	 319.3377990722656	 254.25918579101562	 362765.28125
25989828.0	 335.69842529296875	 211.2227783203125	 303485.5
25989780.0	 317.2657165527344	 239.2555694580078	 349473.5625
25989754.0	 332.5772705078125	 238.19271850585938	 388927.84375
25989656.0	 319.4278869628906	 246.89744567871094	 426308.8125
25989580.0	 318.2807922363281	 235.29608154296875	 350906.5625
25989556.0	 325.8610534667969	 244.94627380371094	 389855.75
25989530.0	 331.7155456542969	 248.59669494628906	 384747.78125
25989506.0	 316.60736083984375	 242.58302307128906	 245406.109375
25989480.0	 228.1792755126953	 35.83781814575195	 4469.3447265625
25989380.0	 317.8251647949219	 239.19229125976562	 292509.09375
25989356.0	 309.7066955566406	 253.30787658691406	 441235.625
25989330.0	 323.482666015625	 215.58041381835938	 287843.9375
25989130.0	 324.7348327636719	 237.91525268554688	 373036.53125
25989104.0	 322.6655578613281	 219.34251403808594	 411225.8125
25989080.0	 309.71405029296875	 268.5050964355469	 425131.5625
25989056.0	 328.648193359375	 243.60694885253906	 379340.40625
25989030.0	 323.6007385253906	 268.7733154296875	 364971.875
25988804.0	 313.845458984375	 260.22918701171875	 309062.0
25988728.0	 308.9390869140625	 273.2020568847656	 356432.6875
25988704.0	 324.9267272949219	 222.61538696289062	 284243.625
25988678.0	 328.98638916015625	 192.17538452148438	 270751.125
25988654.0	 327.5218811035156	 209.2249298095703	 325575.6875
25988604.0	 324.3135070800781	 222.7039031982422	 336843.28125
25988578.0	 313.85894775390625	 246.15357971191406	 180359.828125
25988554.0	 321.0439758300781	 194.63877868652344	 185331.21875
25988480.0	 322.04412841796875	 213.34132385253906	 295752.0625
25988454.0	 324.4825744628906	 235.94259643554688	 429393.53125
25988330.0	 321.4346923828125	 225.31515502929688	 417722.75
25988304.0	 331.6328430175781	 221.379638671875	 374047.15625
25988280.0	 321.51995849609375	 213.9922637939453	 333219.59375
25988206.0	 312.9358215332031	 244.0391082763672	 404696.8125
25988178.0	 320.12939453125	 237.02830505371094	 293690.09375
25988152.0	 317.44342041015625	 242.5795135498047	 267162.9375
25988128.0	 317.0771484375	 262.9128723144531	 376059.21875
25988054.0	 314.3046569824219	 235.3222198486328	 340156.96875
25987928.0	 318.41204833984375	 293.01617431640625	 391917.3125
25987754.0	 315.382568359375	 238.0731964111328	 345144.15625
25987728.0	 320.6473083496094	 279.079345703125	 355192.09375
25987704.0	 324.752197265625	 215.78211975097656	 288236.78125
25987680.0	 315.01190185546875	 222.42453002929688	 309454.9375
25987654.0	 320.43670654296875	 257.0907287597656	 354682.15625
25987630.0	 324.8985900878906	 231.22422790527344	 314326.4375
25987602.0	 320.1394348144531	 230.77589416503906	 335142.9375
25987578.0	 316.19232177734375	 238.2002716064453	 357679.3125
25987478.0	 319.4504089355469	 249.09542846679688	 340512.625
25987428.0	 317.6134948730469	 234.60581970214844	 414235.40625
25987302.0	 324.8593444824219	 238.70736694335938	 332466.28125
25987204.0	 318.0450439453125	 252.69790649414062	 452379.5625
25987180.0	 317.3048095703125	 224.1758575439453	 292896.90625
25987152.0	 323.8855285644531	 229.2968292236328	 273751.125
25987078.0	 317.2084655761719	 237.98399353027344	 324325.59375
25987052.0	 324.9035339355469	 214.2648162841797	 272822.09375
25986926.0	 318.8432922363281	 245.3359375	 420589.0625
25986902.0	 328.98358154296875	 229.8566436767578	 347386.46875
25986876.0	 318.60650634765625	 235.4921875	 365134.5
25986726.0	 325.97369384765625	 212.4707794189453	 274621.0625
25986702.0	 323.19927978515625	 232.0662841796875	 305691.96875
25986678.0	 313.54937744140625	 251.57679748535156	 380715.21875
25986604.0	 316.706787109375	 241.48426818847656	 321074.3125
25986476.0	 333.2127380371094	 211.9459991455078	 329990.15625
25986452.0	 324.05865478515625	 232.7947540283203	 301727.3125
25986352.0	 320.4166564941406	 222.9599609375	 285033.0625
25986328.0	 321.78240966796875	 244.9979248046875	 302270.65625
25986302.0	 324.41009521484375	 227.97850036621094	 326920.78125
25986276.0	 318.5013427734375	 228.71517944335938	 317885.375
25986252.0	 323.4997863769531	 245.7527313232422	 427699.46875
25986128.0	 328.8941650390625	 183.8778533935547	 245278.65625
25986102.0	 318.4326477050781	 221.82752990722656	 281337.4375
25986076.0	 323.22601318359375	 235.81002807617188	 358679.6875
25986002.0	 328.8337097167969	 218.7640838623047	 343027.65625
25985978.0	 332.2843322753906	 209.40797424316406	 320877.78125
25985954.0	 323.9549255371094	 238.45071411132812	 301828.28125
25985926.0	 332.48016357421875	 220.56768798828125	 394836.0625
25985902.0	 325.3682861328125	 235.6399383544922	 338505.5
25985826.0	 318.3033142089844	 261.3819274902344	 388053.3125
25985752.0	 323.22052001953125	 235.83738708496094	 290454.6875
25985726.0	 327.9454040527344	 215.3948211669922	 307558.15625
25985576.0	 319.3002014160156	 218.25537109375	 257015.53125
25985552.0	 329.697021484375	 218.5515594482422	 317489.75
25985502.0	 323.7186279296875	 245.11770629882812	 369814.03125
25985478.0	 327.068603515625	 227.4789276123047	 300572.40625
25985452.0	 329.34906005859375	 216.99716186523438	 310524.5625
25985252.0	 318.9957580566406	 234.10537719726562	 329506.0625
25985224.0	 325.21392822265625	 233.3827667236328	 358184.3125
25985200.0	 330.7654113769531	 213.31298828125	 303410.25
25985176.0	 320.0453186035156	 222.526611328125	 313910.9375
25985150.0	 323.341796875	 237.50376892089844	 370283.34375
25985126.0	 333.358154296875	 210.13333129882812	 292153.65625
25985102.0	 332.3068542480469	 235.6640167236328	 366219.96875
25985052.0	 320.92156982421875	 240.7576141357422	 352280.15625
25985028.0	 323.2424011230469	 237.03018188476562	 345987.5625
25985000.0	 314.5042724609375	 236.83709716796875	 250746.234375
25984976.0	 329.16156005859375	 210.39857482910156	 243506.40625
25984952.0	 313.20086669921875	 215.712646484375	 171913.921875
25984926.0	 332.3424377441406	 229.63734436035156	 369320.3125
25984902.0	 320.9869384765625	 240.3695068359375	 369300.3125
25984878.0	 331.2048645019531	 209.61373901367188	 279577.5
25984850.0	 317.62103271484375	 243.9844970703125	 392999.125
25984826.0	 320.7171325683594	 236.70462036132812	 395856.21875
25984774.0	 331.8731689453125	 237.1693115234375	 364091.625
25984750.0	 332.52850341796875	 249.58480834960938	 462967.40625
25984724.0	 337.5544738769531	 206.16497802734375	 318377.84375
25984700.0	 334.0863952636719	 220.24081420898438	 350509.875
25984626.0	 326.0453796386719	 224.4155731201172	 310050.21875
25984600.0	 327.55047607421875	 217.6401824951172	 306159.21875
25984476.0	 323.1741027832031	 228.7369384765625	 335636.84375
25984402.0	 320.09564208984375	 246.9280242919922	 373271.8125
25984376.0	 321.6973571777344	 242.0186004638672	 375207.375
25984350.0	 320.79632568359375	 241.7533721923828	 442252.59375
25984326.0	 323.3708801269531	 221.60586547851562	 330448.5625
25984302.0	 321.5528259277344	 227.5092315673828	 342195.71875
25984274.0	 323.8641357421875	 240.78363037109375	 328755.34375
25984250.0	 323.4629821777344	 227.15542602539062	 373343.25
25984224.0	 328.2334899902344	 229.88392639160156	 308064.5625
25984200.0	 322.9005432128906	 239.8563232421875	 444132.4375
25984176.0	 329.4129333496094	 212.1372833251953	 280334.8125
25984148.0	 319.60638427734375	 236.64671325683594	 404566.25
25984124.0	 321.3855285644531	 223.26864624023438	 314055.6875
25984100.0	 326.4086608886719	 278.24481201171875	 337774.53125
25984074.0	 329.10101318359375	 226.56832885742188	 328729.375
25984050.0	 331.7497863769531	 217.7779998779297	 313227.34375
25984026.0	 334.7328796386719	 245.13877868652344	 417557.0625
25984000.0	 323.1007995605469	 229.70663452148438	 365744.9375
25983924.0	 329.2713317871094	 216.25881958007812	 354044.25
25983900.0	 320.9403991699219	 215.08294677734375	 349947.65625
25983876.0	 328.25164794921875	 206.65255737304688	 313327.1875
25983850.0	 331.0308837890625	 219.18093872070312	 400427.3125
25983826.0	 342.2882995605469	 210.3458709716797	 382270.40625
25983802.0	 321.0390930175781	 221.79348754882812	 363322.0625
25983776.0	 327.0563049316406	 235.27691650390625	 428879.46875
25983750.0	 331.5071105957031	 207.94635009765625	 291196.34375
25983724.0	 328.3853759765625	 199.757080078125	 249884.234375
25983700.0	 325.813720703125	 221.21226501464844	 349078.125
25983648.0	 333.64971923828125	 215.39605712890625	 405748.59375
25983624.0	 329.60919189453125	 222.63523864746094	 357294.90625
25983600.0	 342.0347595214844	 213.92770385742188	 404797.25
25983574.0	 342.820068359375	 240.27450561523438	 460031.875
25983550.0	 335.93115234375	 226.6504364013672	 463159.0
25983526.0	 321.1165771484375	 227.03504943847656	 375846.0625
25983500.0	 332.12762451171875	 197.8903045654297	 320419.09375
25983474.0	 328.7076721191406	 206.66529846191406	 351785.34375
25983450.0	 342.9085998535156	 207.2576141357422	 443542.0
25983424.0	 334.9200439453125	 247.82608032226562	 481755.0
25983400.0	 341.86553955078125	 217.25732421875	 450532.40625
25983350.0	 340.3262023925781	 228.52137756347656	 432690.0
25983326.0	 339.2654724121094	 184.4785614013672	 311078.1875
25983302.0	 343.4228515625	 205.28302001953125	 383103.71875
25983276.0	 340.86785888671875	 218.38052368164062	 441562.9375
25983250.0	 329.68328857421875	 227.99037170410156	 364589.0
25983224.0	 322.1696472167969	 200.96670532226562	 354634.1875
25983174.0	 331.9767150878906	 201.5072021484375	 317665.15625
25983148.0	 323.8232421875	 246.30108642578125	 370212.25
25983124.0	 345.43975830078125	 231.44410705566406	 417646.90625
25983100.0	 336.34979248046875	 236.0978240966797	 500036.90625
25983072.0	 336.363525390625	 206.23599243164062	 288773.1875
25983050.0	 335.71307373046875	 264.3782043457031	 532880.1875
25982998.0	 329.6114807128906	 206.96107482910156	 343918.71875
25982876.0	 326.69158935546875	 233.23342895507812	 426240.21875
25982824.0	 329.8164978027344	 210.8030242919922	 332291.09375
25982800.0	 329.6370849609375	 207.60939025878906	 326619.28125
25982724.0	 330.49664306640625	 198.03346252441406	 310428.8125
25982700.0	 317.1819763183594	 226.00828552246094	 406262.1875
25982650.0	 339.6938171386719	 211.81890869140625	 366688.65625
25982624.0	 329.1384582519531	 208.85948181152344	 387760.5
25982598.0	 325.1520690917969	 217.3594512939453	 378355.0625
25982572.0	 327.0356750488281	 232.9273681640625	 401135.28125
25982548.0	 321.3430480957031	 225.23324584960938	 366830.59375
25982524.0	 318.2798156738281	 234.82803344726562	 355152.6875
25982474.0	 324.6295166015625	 249.0277862548828	 327714.46875
25982450.0	 322.4749450683594	 221.956787109375	 293260.53125
25982400.0	 316.2583312988281	 229.83682250976562	 245905.15625
25982374.0	 318.6079406738281	 232.13726806640625	 316498.8125
25982348.0	 317.8485107421875	 238.35060119628906	 364403.25
25982324.0	 316.25518798828125	 253.90463256835938	 376063.1875
25982300.0	 324.01104736328125	 233.4184112548828	 319539.0
25982100.0	 325.2729797363281	 223.5467071533203	 333529.625
25982074.0	 322.1194152832031	 236.33938598632812	 359875.9375
25982048.0	 328.7242431640625	 215.09158325195312	 289755.375
25981998.0	 336.0050048828125	 209.21250915527344	 311694.8125
25981974.0	 331.0889892578125	 204.08514404296875	 325792.1875
25981950.0	 323.5682373046875	 220.8240203857422	 326579.96875
25981924.0	 323.9052734375	 229.4549102783203	 415029.09375
25981898.0	 329.1266784667969	 214.37217712402344	 384612.375
25981874.0	 323.56146240234375	 246.0648651123047	 366844.125
25981848.0	 320.8815612792969	 234.39117431640625	 347830.40625
25981624.0	 324.3711242675781	 238.4169921875	 425145.75
25981600.0	 326.4783630371094	 225.5786590576172	 391685.0
25981574.0	 318.7291564941406	 243.74459838867188	 334632.25
25981548.0	 325.590576171875	 215.3907470703125	 293480.4375
25981524.0	 310.4610595703125	 228.33688354492188	 331624.5
25981448.0	 320.8085632324219	 235.6175537109375	 374219.4375
25981422.0	 329.6147155761719	 217.85986328125	 332378.03125
25981398.0	 329.3451232910156	 221.2186279296875	 393016.34375
25981374.0	 333.174072265625	 220.87594604492188	 380838.8125
25981348.0	 323.5966796875	 231.07998657226562	 439045.9375
25981322.0	 322.6541442871094	 204.5449981689453	 323186.9375
25981298.0	 328.7912902832031	 206.5849609375	 331171.28125
25981272.0	 322.1819152832031	 222.68905639648438	 365612.4375
25981250.0	 318.4254455566406	 243.89358520507812	 390913.8125
25981220.0	 327.2323303222656	 237.66644287109375	 381690.59375
25981098.0	 324.0785827636719	 195.41661071777344	 225047.46875
25981072.0	 332.649658203125	 221.72634887695312	 338790.15625
25981050.0	 333.48590087890625	 221.37989807128906	 312581.875
25981024.0	 320.8168640136719	 239.9180450439453	 340204.65625
25980998.0	 325.7918395996094	 220.5242462158203	 332564.0
25980972.0	 327.5877380371094	 225.21156311035156	 338406.46875
25980948.0	 330.58880615234375	 217.8723907470703	 339039.25
25980922.0	 325.7059631347656	 229.2991485595703	 344282.125
25980896.0	 324.2918395996094	 221.07022094726562	 318829.71875
25980874.0	 327.1232604980469	 227.32362365722656	 339020.6875
25980798.0	 320.4084167480469	 255.86961364746094	 363570.03125
25980696.0	 322.49249267578125	 217.5410919189453	 294158.78125
25980674.0	 328.9438781738281	 230.64825439453125	 370966.65625
25980648.0	 327.35089111328125	 228.11302185058594	 329087.65625
25980622.0	 326.8728332519531	 222.3367462158203	 363174.75
25980598.0	 323.50238037109375	 237.2007598876953	 343810.1875
25980572.0	 321.4653625488281	 230.59715270996094	 332514.625
25980546.0	 322.93157958984375	 268.0702819824219	 428012.0
25980524.0	 326.5270690917969	 230.8508758544922	 326913.4375
25980496.0	 326.7183532714844	 231.31222534179688	 316574.03125
25980474.0	 325.079833984375	 236.31016540527344	 399432.78125
25980448.0	 326.44317626953125	 225.96881103515625	 318366.59375
25980422.0	 322.7143859863281	 234.59324645996094	 365774.28125
25980398.0	 337.16339111328125	 265.47161865234375	 391079.59375
25980346.0	 314.33380126953125	 237.65708923339844	 373328.125
25980324.0	 320.11651611328125	 225.434814453125	 304807.65625
25980248.0	 326.2467041015625	 219.14512634277344	 341399.25
25980222.0	 322.26409912109375	 245.98757934570312	 360628.875
25980196.0	 321.8082275390625	 229.36611938476562	 313115.25
25980172.0	 327.9199523925781	 237.67897033691406	 358191.78125
25980146.0	 322.13140869140625	 234.05186462402344	 354762.53125
25980122.0	 323.49432373046875	 239.40235900878906	 422514.84375
25980098.0	 326.94146728515625	 229.37088012695312	 323902.9375
25980072.0	 320.008056640625	 231.38934326171875	 316053.96875
25980022.0	 331.6844482421875	 273.22003173828125	 509686.6875
25979996.0	 325.18707275390625	 237.4104766845703	 359501.6875
25979946.0	 325.39642333984375	 236.7688751220703	 394723.9375
25979922.0	 319.3516845703125	 237.4075927734375	 343542.25
25979898.0	 318.5187683105469	 234.5887451171875	 348982.71875
25979872.0	 327.198974609375	 233.58468627929688	 328882.375
25979846.0	 317.2952575683594	 251.55397033691406	 379959.5625
25979820.0	 324.0135192871094	 236.9685516357422	 344365.28125
25979796.0	 327.9821472167969	 228.35556030273438	 339221.53125
25979770.0	 324.8093566894531	 249.1459503173828	 422746.90625
25979720.0	 328.2896728515625	 230.35519409179688	 321941.21875
25979696.0	 320.4199523925781	 229.3559112548828	 292677.4375
25979672.0	 324.6652526855469	 220.51731872558594	 339289.78125
25979646.0	 322.3458251953125	 228.5856170654297	 343142.875
25979570.0	 327.2081298828125	 244.6845245361328	 386515.40625
25979520.0	 319.22821044921875	 237.76255798339844	 340581.0
25979496.0	 327.82623291015625	 223.7031707763672	 322511.25
25979472.0	 330.8220520019531	 218.0464324951172	 322090.84375
25979446.0	 330.02349853515625	 228.99700927734375	 313537.96875
25979422.0	 323.0342102050781	 227.91033935546875	 301897.4375
25979396.0	 325.84259033203125	 229.91734313964844	 345618.125
25979372.0	 325.1800842285156	 227.65179443359375	 329924.125
25979346.0	 321.7269287109375	 243.509521484375	 364411.78125
25979322.0	 323.66680908203125	 239.05833435058594	 328884.9375
25979296.0	 325.6922302246094	 231.05551147460938	 374182.96875
25979272.0	 317.2338562011719	 235.558837890625	 327081.21875
25979246.0	 326.6695556640625	 227.2616424560547	 325846.09375
25979220.0	 326.6125183105469	 242.67672729492188	 331423.0625
25979196.0	 317.0538635253906	 234.96542358398438	 335706.65625
25979172.0	 323.0722961425781	 228.7216796875	 366977.71875
25979146.0	 322.75555419921875	 250.06466674804688	 363145.8125
25979120.0	 332.0794372558594	 208.07464599609375	 301311.25
25979094.0	 329.5419921875	 237.7401123046875	 305325.25
25979070.0	 327.0451354980469	 227.32003784179688	 327816.96875
25978996.0	 332.4699401855469	 214.27639770507812	 334453.84375
25978896.0	 329.0862731933594	 241.74038696289062	 333329.875
25978870.0	 330.28485107421875	 231.20494079589844	 363687.40625
25978846.0	 327.0462646484375	 228.44088745117188	 358020.59375
25978822.0	 328.08355712890625	 244.38333129882812	 365837.71875
25978796.0	 338.380615234375	 267.9150390625	 423563.28125
25978696.0	 326.3944091796875	 234.03616333007812	 343354.40625
25978668.0	 329.1376953125	 218.81671142578125	 293711.09375
25978644.0	 322.14422607421875	 261.67425537109375	 470059.25
25978594.0	 329.5886535644531	 245.20726013183594	 358813.21875
25978570.0	 322.3927917480469	 260.0406494140625	 408015.0625
25978420.0	 338.6655578613281	 235.67852783203125	 358725.5625
25978396.0	 339.17108154296875	 222.89614868164062	 351234.84375
25978370.0	 326.998046875	 212.92620849609375	 316272.65625
25978346.0	 334.3905334472656	 226.11923217773438	 304933.09375
25978270.0	 331.2412414550781	 270.29949951171875	 393908.1875
25978246.0	 325.319091796875	 227.68179321289062	 334884.75
25978220.0	 324.0729675292969	 216.9503631591797	 306902.1875
25978196.0	 323.88153076171875	 256.6224365234375	 418333.4375
25978170.0	 323.4784240722656	 247.68617248535156	 385893.3125
25978144.0	 332.4374084472656	 218.255615234375	 299119.46875
25978120.0	 320.14385986328125	 236.1300811767578	 373349.46875
25978094.0	 329.485107421875	 238.79727172851562	 349671.40625
25978070.0	 324.1777038574219	 235.72496032714844	 313524.71875
25978046.0	 330.69580078125	 212.6177215576172	 295888.6875
25978020.0	 332.8678283691406	 242.06005859375	 391399.28125
25977996.0	 332.13507080078125	 227.88668823242188	 315510.375
25977944.0	 334.18463134765625	 274.1538391113281	 500617.6875
25977920.0	 334.733154296875	 253.81552124023438	 444879.875
25977846.0	 328.6075134277344	 244.19088745117188	 358318.6875
25977670.0	 329.06207275390625	 265.4298095703125	 364017.5
25977644.0	 328.7668762207031	 242.8728485107422	 440733.96875
25977622.0	 326.2143249511719	 240.53892517089844	 386815.53125
25977594.0	 329.8199157714844	 243.3852081298828	 334571.6875
25977570.0	 331.71185302734375	 220.55987548828125	 306131.78125
25977520.0	 338.46063232421875	 208.66700744628906	 282933.375
25977394.0	 327.25494384765625	 336.4757385253906	 391110.96875
25977370.0	 324.9562072753906	 253.7163543701172	 376456.28125
25977344.0	 313.94915771484375	 254.23748779296875	 424934.46875
25977318.0	 338.9116516113281	 271.04046630859375	 429174.5625
25977294.0	 332.5537414550781	 251.77459716796875	 407532.65625
25977272.0	 342.7197570800781	 245.16990661621094	 375600.4375
25977242.0	 334.8301086425781	 210.54100036621094	 325433.03125
25977220.0	 326.09124755859375	 229.36752319335938	 415589.84375
25977194.0	 329.9986267089844	 251.07852172851562	 357829.65625
25977170.0	 322.0721435546875	 266.8874816894531	 421001.46875
25977094.0	 337.1495361328125	 235.1927032470703	 352058.375
25976994.0	 332.9568176269531	 239.67054748535156	 385034.5
25976944.0	 333.49188232421875	 236.8109130859375	 360839.15625
25976918.0	 327.1648864746094	 238.19613647460938	 375547.96875
25976892.0	 338.8223876953125	 229.94395446777344	 377939.8125
25976870.0	 335.42578125	 221.50852966308594	 343114.5
25976844.0	 335.0927429199219	 238.41336059570312	 399669.15625
25976818.0	 335.0302429199219	 227.9981231689453	 375457.875
25976768.0	 332.42022705078125	 301.14532470703125	 498222.1875
25976742.0	 335.6200866699219	 255.39308166503906	 453842.875
25976718.0	 328.838134765625	 238.98086547851562	 338767.46875
25976696.0	 329.7725524902344	 236.68746948242188	 347890.15625
25976670.0	 321.5030822753906	 239.4160614013672	 389360.09375
25976644.0	 326.7554626464844	 234.02975463867188	 300309.53125
25976618.0	 333.64166259765625	 235.2569580078125	 326169.90625
25976594.0	 328.81146240234375	 228.9272003173828	 285589.28125
25976570.0	 327.1656494140625	 234.6223907470703	 314540.71875
25976544.0	 336.53961181640625	 264.34869384765625	 435721.21875
25976468.0	 324.2420654296875	 250.79525756835938	 330363.28125
25976444.0	 326.9239807128906	 273.9462890625	 319938.90625
25976418.0	 333.0220947265625	 227.8168487548828	 304703.59375
25976392.0	 335.2180480957031	 278.9429016113281	 447256.53125
25976368.0	 327.2031555175781	 227.05673217773438	 375662.21875
25976294.0	 341.8799133300781	 315.7208557128906	 493502.4375
25976144.0	 346.0629577636719	 307.4095764160156	 450796.96875
25976118.0	 345.0536804199219	 346.2442932128906	 580247.5625
25976070.0	 332.647705078125	 241.25234985351562	 352185.15625
25976044.0	 339.110107421875	 225.93397521972656	 452007.0
25975944.0	 323.2696533203125	 271.1087951660156	 365235.96875
25975916.0	 349.9682922363281	 287.28997802734375	 470403.875
25975892.0	 346.6258239746094	 212.83517456054688	 365263.09375
25975868.0	 346.16302490234375	 243.26251220703125	 478947.75
25975842.0	 334.77545166015625	 264.40521240234375	 373350.53125
25975818.0	 336.74200439453125	 275.7306213378906	 535417.125
25975718.0	 337.0469970703125	 213.33201599121094	 334038.59375
25975692.0	 343.063232421875	 278.1334228515625	 462863.9375
25975668.0	 345.4530334472656	 242.0946807861328	 420039.84375
25975644.0	 335.0154113769531	 211.91998291015625	 337526.09375
25975618.0	 342.13616943359375	 235.36398315429688	 459921.09375
25975594.0	 337.7560119628906	 227.11318969726562	 307715.75
25975570.0	 340.6174011230469	 259.25897216796875	 533018.0625
25975542.0	 338.823974609375	 280.3295593261719	 433164.71875
25975392.0	 327.8788757324219	 217.67312622070312	 331516.4375
25975370.0	 343.1262512207031	 262.9955749511719	 463227.9375
25975342.0	 344.32958984375	 234.58560180664062	 456598.96875
25975318.0	 333.0187683105469	 268.9079284667969	 486332.875
25975292.0	 337.501220703125	 225.1026153564453	 336487.53125
25975218.0	 332.0751647949219	 214.8798065185547	 360803.59375
25975192.0	 330.9017028808594	 248.63233947753906	 377739.84375
25975142.0	 338.32110595703125	 216.53440856933594	 380307.59375
25975118.0	 335.87225341796875	 250.56459045410156	 511842.8125
25975068.0	 349.8041076660156	 222.2480010986328	 402814.71875
25975042.0	 351.09002685546875	 232.03903198242188	 414489.96875
25975018.0	 330.5196228027344	 230.10208129882812	 384122.875
25974992.0	 326.3200988769531	 219.50477600097656	 367037.90625
25974968.0	 334.0329895019531	 223.1468048095703	 357070.375
25974944.0	 346.5028991699219	 257.80316162109375	 388415.9375
25974918.0	 342.8824768066406	 250.2740020751953	 466007.3125
25974894.0	 342.83258056640625	 225.58792114257812	 367166.03125
25974868.0	 343.88134765625	 228.77488708496094	 403590.375
25974842.0	 351.71221923828125	 233.05335998535156	 385507.4375
25974818.0	 332.91717529296875	 229.21958923339844	 381809.09375
25974790.0	 344.441162109375	 247.55044555664062	 510002.40625
25974766.0	 345.8012390136719	 263.76910400390625	 429233.78125
25974716.0	 349.1360168457031	 247.6929473876953	 457898.90625
25974692.0	 346.5873718261719	 296.4633483886719	 494878.625
25974668.0	 349.04876708984375	 242.4639129638672	 455716.0625
25974642.0	 351.4256591796875	 224.5236053466797	 389462.5625
25974542.0	 336.4635925292969	 221.3228302001953	 356844.71875
25974518.0	 330.972900390625	 216.37945556640625	 308625.90625
25974492.0	 356.9147033691406	 291.9623107910156	 418535.75
25974416.0	 334.34832763671875	 230.81590270996094	 364461.25
25974394.0	 342.5863037109375	 278.99591064453125	 456933.3125
25974366.0	 338.6452941894531	 205.48411560058594	 324823.46875
25974316.0	 336.7155456542969	 218.64068603515625	 365777.75
25974292.0	 335.8352966308594	 207.9020538330078	 427240.15625
25974266.0	 330.5762634277344	 227.19459533691406	 406808.28125
25974240.0	 341.5023498535156	 224.45042419433594	 475564.28125
25974214.0	 338.8738708496094	 270.677978515625	 545411.5625
25974192.0	 344.3173522949219	 265.4286193847656	 438985.34375
25974168.0	 333.582275390625	 255.6253662109375	 426541.5625
25974142.0	 343.03485107421875	 262.890869140625	 472311.59375
25974116.0	 328.3332214355469	 263.47943115234375	 504347.59375
25974066.0	 351.0257263183594	 238.9342498779297	 381084.1875
25974042.0	 350.1578369140625	 275.2265625	 444921.96875
25974014.0	 342.3341369628906	 233.5926513671875	 463565.96875
25973992.0	 346.87646484375	 265.23394775390625	 506439.53125
25973966.0	 352.04241943359375	 204.22596740722656	 378435.03125
25973942.0	 346.7947692871094	 227.27383422851562	 472819.75
25973916.0	 348.9296569824219	 339.7282409667969	 494586.78125
25973892.0	 341.77972412109375	 202.77272033691406	 276162.0
25973866.0	 337.16998291015625	 214.3292999267578	 381734.8125
25973842.0	 335.8987121582031	 230.69509887695312	 343877.4375
25973818.0	 344.05487060546875	 253.66671752929688	 460336.6875
25973792.0	 346.3833312988281	 241.9588623046875	 464329.71875
25973664.0	 360.4134521484375	 255.83811950683594	 512362.65625
25973640.0	 355.9905090332031	 209.23814392089844	 383066.15625
25973616.0	 352.3543395996094	 240.18020629882812	 454460.5625
25973590.0	 354.229248046875	 257.42877197265625	 479320.25
25973566.0	 353.99017333984375	 242.63742065429688	 467901.21875
25973542.0	 344.9049072265625	 233.22564697265625	 456065.1875
25973514.0	 360.39447021484375	 262.81329345703125	 514210.4375
25973490.0	 345.6631164550781	 225.46286010742188	 468296.34375
25973466.0	 345.92864990234375	 271.2740173339844	 468089.78125
25973366.0	 354.1076354980469	 254.44871520996094	 439279.625
25973342.0	 357.01690673828125	 201.64230346679688	 393569.125
25973268.0	 345.03497314453125	 250.4745635986328	 487624.90625
25973240.0	 333.8853454589844	 226.20602416992188	 375208.875
25973216.0	 341.10711669921875	 319.59442138671875	 464414.6875
25973142.0	 351.23577880859375	 305.35809326171875	 478093.5
25973116.0	 349.511474609375	 267.118408203125	 503795.65625
25973090.0	 344.7464294433594	 229.56654357910156	 454653.3125
25973066.0	 356.2540588378906	 258.285888671875	 484222.78125
25973042.0	 357.3349609375	 232.77745056152344	 435827.375
25973016.0	 358.9801330566406	 241.04685974121094	 445740.0
25972990.0	 350.15277099609375	 225.8708953857422	 497625.28125
25972964.0	 348.9939880371094	 245.6407928466797	 507835.5
25972916.0	 348.01202392578125	 276.28753662109375	 539872.875
25972890.0	 353.80865478515625	 204.9233856201172	 320199.15625
25972864.0	 349.15411376953125	 255.12461853027344	 482721.90625
25972792.0	 352.70477294921875	 219.46168518066406	 459651.5625
25972766.0	 340.1474304199219	 243.5468292236328	 463495.75
25972716.0	 347.6822204589844	 309.5436096191406	 535073.125
25972692.0	 350.6284484863281	 237.59144592285156	 452049.03125
25972664.0	 353.7084655761719	 223.32408142089844	 390468.375
25972642.0	 357.4720153808594	 231.5346221923828	 485832.0625
25972616.0	 351.09356689453125	 256.7492370605469	 488855.8125
25972590.0	 345.5732727050781	 261.7637023925781	 567184.125
25972566.0	 347.2899169921875	 232.89207458496094	 450059.8125
25972540.0	 354.09375	 231.4672393798828	 419643.65625
25972514.0	 355.2673034667969	 267.39215087890625	 478684.0625
25972464.0	 353.4936218261719	 248.06707763671875	 529981.1875
25972440.0	 350.8756103515625	 235.75234985351562	 412135.21875
25972416.0	 349.4904479980469	 343.3556823730469	 504628.03125
25972390.0	 365.24761962890625	 230.57199096679688	 445238.125
25972314.0	 347.3879089355469	 221.16195678710938	 443312.46875
25972292.0	 345.5469970703125	 263.3638610839844	 308626.125
25972262.0	 255.85623168945312	 31.544328689575195	 7854.96533203125
25972164.0	 322.9716491699219	 270.7519226074219	 233699.671875
25972040.0	 345.530029296875	 223.86569213867188	 480393.5625
25972014.0	 336.3615417480469	 256.1724548339844	 513572.46875
25971938.0	 328.37738037109375	 258.42022705078125	 430187.0625
25971912.0	 343.9402770996094	 241.1068572998047	 506142.0625
25971890.0	 346.2745361328125	 302.77996826171875	 507560.3125
25971664.0	 344.6186828613281	 236.82749938964844	 481522.75
25971466.0	 370.5587463378906	 230.46505737304688	 361909.40625
25971438.0	 252.4886474609375	 50.7271842956543	 13450.6298828125
25971412.0	 339.34124755859375	 319.3481140136719	 513434.375
25971388.0	 349.9411926269531	 242.525146484375	 485659.5625
25971338.0	 349.8236389160156	 220.9686737060547	 466170.6875
25971314.0	 334.3866271972656	 210.38821411132812	 306842.78125
25971214.0	 349.0347900390625	 254.24449157714844	 479969.34375
25971188.0	 352.8323974609375	 210.49365234375	 454480.46875
25971164.0	 373.2590026855469	 221.52670288085938	 359249.15625
25971114.0	 344.85406494140625	 213.33995056152344	 452158.9375
25971090.0	 323.4685974121094	 335.6091613769531	 428651.875
25971040.0	 350.7096862792969	 238.06268310546875	 481622.59375
25970966.0	 349.5462646484375	 250.05133056640625	 474232.90625
25970740.0	 351.6046142578125	 253.74224853515625	 517509.09375
25970562.0	 349.1619873046875	 239.28477478027344	 453756.5625
25970438.0	 344.4084167480469	 240.2457733154297	 492197.96875
25970390.0	 349.1893310546875	 262.6822814941406	 467759.46875
25970362.0	 331.885498046875	 277.1708068847656	 384490.90625
25970338.0	 336.77471923828125	 207.03421020507812	 391456.03125
25970288.0	 357.0226135253906	 228.33485412597656	 383473.9375
25970162.0	 346.6536560058594	 207.19888305664062	 299923.65625
25970138.0	 356.0747985839844	 244.84259033203125	 464910.15625
25970114.0	 355.1667785644531	 247.53868103027344	 519765.5
25970012.0	 347.2068786621094	 262.9595947265625	 497938.03125
25969938.0	 352.7684326171875	 219.111083984375	 406916.78125
25969712.0	 347.2904968261719	 269.7068786621094	 443987.25
25969686.0	 334.9988708496094	 378.2907409667969	 349691.40625
25969610.0	 343.0952453613281	 309.7133483886719	 589325.625
25969588.0	 348.4320983886719	 254.7669219970703	 492359.1875
25969562.0	 371.5403747558594	 191.10655212402344	 328175.84375
25969538.0	 344.9962463378906	 271.2206115722656	 418085.15625
25969414.0	 351.1799011230469	 243.617919921875	 383437.875
25969338.0	 349.04351806640625	 270.22967529296875	 464992.96875
25969288.0	 348.7092590332031	 255.00802612304688	 447862.03125
25969262.0	 353.1789245605469	 238.6165313720703	 434568.71875
25969236.0	 350.3107604980469	 258.76715087890625	 423683.90625
25969186.0	 342.060546875	 331.637939453125	 521883.65625
25969138.0	 341.0477600097656	 257.3478698730469	 468335.03125
25969112.0	 345.3445129394531	 239.6373748779297	 374634.84375
25969062.0	 344.99346923828125	 281.37225341796875	 504607.125
25969036.0	 331.5657043457031	 291.1112976074219	 458242.59375
25969012.0	 320.3678283691406	 302.97784423828125	 412166.6875
25968986.0	 344.77349853515625	 254.37481689453125	 436785.5
25968712.0	 337.5062561035156	 231.48878479003906	 375974.0
25968562.0	 339.67913818359375	 251.46527099609375	 489292.875
25968536.0	 320.1784973144531	 250.16552734375	 336306.75
25968512.0	 332.76458740234375	 243.68914794921875	 379604.84375
25968486.0	 346.0593566894531	 272.5058898925781	 532831.125
25968462.0	 335.93194580078125	 269.14215087890625	 373598.125
25968434.0	 337.3828125	 271.1671447753906	 486931.09375
25968212.0	 347.46588134765625	 300.76495361328125	 462507.34375
25968162.0	 334.1452941894531	 243.0979461669922	 324003.3125
25967860.0	 345.3480529785156	 231.66091918945312	 438289.46875
25967836.0	 324.68359375	 262.744384765625	 442390.8125
25967586.0	 337.5229187011719	 277.5355224609375	 350961.4375
25967562.0	 342.93359375	 292.6382751464844	 465468.9375
25967510.0	 343.8056945800781	 296.0658874511719	 467613.375
25967486.0	 334.6944885253906	 227.8494110107422	 330063.15625
25967458.0	 323.1357116699219	 244.12881469726562	 430545.21875
25967336.0	 340.127685546875	 278.6667175292969	 378423.75
25967210.0	 329.420654296875	 311.7210693359375	 333422.25
25966984.0	 344.610595703125	 247.1260986328125	 478925.65625
25966958.0	 353.6091613769531	 217.5953369140625	 395448.1875
25966908.0	 344.1434020996094	 230.67343139648438	 323096.59375
25966886.0	 337.0497131347656	 244.16168212890625	 368546.90625
25966834.0	 368.1309814453125	 305.2265625	 399510.03125
25966784.0	 355.7564697265625	 229.38365173339844	 411433.90625
25966758.0	 353.673828125	 219.85885620117188	 408872.78125
25966634.0	 321.7226867675781	 246.6875	 380534.46875
25966034.0	 306.1701965332031	 352.3669738769531	 333568.375
25965984.0	 333.4845886230469	 299.11395263671875	 368218.9375
25965932.0	 323.3559875488281	 334.6149597167969	 469997.3125
25965910.0	 331.75830078125	 393.7130126953125	 334169.875
25965886.0	 245.31719970703125	 87.2572021484375	 22683.154296875
25965834.0	 333.8702697753906	 266.0682678222656	 390145.8125
25965808.0	 317.78411865234375	 224.6236114501953	 254445.765625
25965782.0	 349.38330078125	 312.15118408203125	 486521.5
25965560.0	 342.17071533203125	 309.7264099121094	 505428.59375
25965308.0	 315.7169189453125	 355.1795959472656	 420183.6875
25965008.0	 354.6125793457031	 268.42218017578125	 376489.5
25964958.0	 347.1298828125	 281.0276184082031	 427024.03125
25964934.0	 348.33349609375	 272.7881164550781	 413352.53125
25964834.0	 357.4376525878906	 236.854248046875	 373335.8125
25964708.0	 349.9615173339844	 261.93719482421875	 406244.75
25964608.0	 352.64105224609375	 278.8379821777344	 386601.53125
25964282.0	 352.58050537109375	 259.3853454589844	 509098.03125
25964234.0	 285.33074951171875	 65.47783660888672	 24859.142578125
25963932.0	 344.9175109863281	 280.3426818847656	 349454.0
25963908.0	 345.6271057128906	 311.8721923828125	 450700.0625
25963782.0	 359.0406494140625	 256.1257019042969	 483868.5625
25963758.0	 362.460205078125	 291.9118347167969	 442045.15625
25963608.0	 358.89422607421875	 243.9827880859375	 454106.28125
25963556.0	 361.3868103027344	 242.12466430664062	 431178.0
25963432.0	 358.10479736328125	 250.8722381591797	 473625.28125
25963408.0	 363.3734436035156	 244.73402404785156	 368277.1875
25963382.0	 365.7283630371094	 250.36700439453125	 381503.25
25963358.0	 367.28173828125	 244.77999877929688	 415042.5
25963306.0	 359.4170227050781	 279.71112060546875	 538979.3125
25963282.0	 368.50689697265625	 237.3243865966797	 395122.9375
25963182.0	 373.36126708984375	 259.1031799316406	 487188.5
25963156.0	 373.0483703613281	 234.40293884277344	 431823.34375
25963058.0	 370.74114990234375	 252.4961700439453	 481585.4375
25963008.0	 378.53466796875	 245.93881225585938	 469527.625
25962956.0	 353.5907287597656	 271.81439208984375	 427323.5
25962932.0	 355.3131408691406	 261.9412536621094	 447835.53125
25962904.0	 349.11578369140625	 298.9495849609375	 421435.0625
25962880.0	 350.227783203125	 297.79681396484375	 407937.09375
25962832.0	 344.0069885253906	 302.2422180175781	 431299.9375
25962658.0	 317.1058349609375	 321.9915466308594	 405765.71875
25962308.0	 335.0648498535156	 424.09991455078125	 420154.125
25962280.0	 318.2250671386719	 246.64488220214844	 290291.65625
25962256.0	 322.1338195800781	 351.84393310546875	 372040.90625
25962232.0	 317.0826110839844	 333.0151062011719	 380723.0
25961206.0	 354.1182556152344	 268.1154479980469	 377181.28125
25961054.0	 326.8573913574219	 301.3687438964844	 479736.3125
25960928.0	 332.2890625	 308.4911804199219	 455433.625
25960530.0	 323.0733947753906	 474.9212341308594	 408984.65625
25960330.0	 340.78594970703125	 308.1705017089844	 441020.875
25959804.0	 313.2385559082031	 264.78564453125	 391470.75
25959628.0	 322.8690490722656	 224.69509887695312	 244794.90625
25959602.0	 323.9720764160156	 370.3103332519531	 352811.21875
25959580.0	 317.5433654785156	 251.662841796875	 445122.84375
25959552.0	 301.3597717285156	 243.52247619628906	 286476.21875
25959304.0	 315.2597961425781	 212.56979370117188	 259911.359375
25959278.0	 317.64129638671875	 379.6131286621094	 429459.84375
25959052.0	 340.3662414550781	 316.3580017089844	 513912.71875
25958978.0	 329.0126953125	 398.9701843261719	 450080.5
25958928.0	 348.408447265625	 269.6122131347656	 471113.78125
25958778.0	 320.12677001953125	 284.7621765136719	 309443.03125
25958754.0	 321.2859802246094	 243.30673217773438	 284054.96875
25958728.0	 317.4210510253906	 287.0287170410156	 375083.25
25958554.0	 313.4206237792969	 311.3505554199219	 396397.6875
25958352.0	 224.9091796875	 71.46773529052734	 9935.0634765625
25958252.0	 330.4371032714844	 347.2152099609375	 437772.125
25958228.0	 314.54302978515625	 266.38665771484375	 286437.3125
25958002.0	 353.7283630371094	 256.3992004394531	 476553.65625
25957976.0	 356.7151184082031	 236.05772399902344	 436779.40625
25957952.0	 362.57562255859375	 258.818359375	 474050.28125
25957902.0	 363.06195068359375	 234.51559448242188	 413021.53125
25957728.0	 367.71343994140625	 218.3820037841797	 374317.96875
25956726.0	 323.37353515625	 340.7341613769531	 400008.03125
25956476.0	 322.973388671875	 235.34335327148438	 268043.34375
25956452.0	 230.581298828125	 25.49615478515625	 7082.650390625
25956350.0	 328.4664306640625	 302.3247375488281	 320018.1875
25956324.0	 325.48883056640625	 348.28607177734375	 478778.6875
25956302.0	 330.1404113769531	 343.9276428222656	 409456.40625
25955776.0	 315.5257568359375	 253.08676147460938	 284876.90625
25955750.0	 322.328369140625	 450.9449768066406	 369924.75
25955724.0	 322.9448547363281	 264.83343505859375	 393536.09375
25955700.0	 312.033447265625	 341.3559265136719	 445808.84375
25955672.0	 331.6048583984375	 334.71966552734375	 450029.71875
25955524.0	 328.0429382324219	 340.00274658203125	 443978.03125
25955502.0	 338.69451904296875	 286.85577392578125	 323059.8125
25954900.0	 347.5432434082031	 247.1461944580078	 257084.71875
25954700.0	 315.37847900390625	 335.5067138671875	 310956.96875
25954572.0	 316.6996154785156	 281.153564453125	 429023.46875
25954522.0	 213.50540161132812	 48.132049560546875	 5248.66357421875
25954500.0	 314.6329040527344	 318.5814208984375	 390887.5
25953972.0	 339.3047180175781	 302.6645202636719	 449485.25
25953922.0	 354.67974853515625	 255.3096466064453	 446385.4375
25953848.0	 357.1737060546875	 247.4045867919922	 435487.65625
25953274.0	 348.7156982421875	 291.24957275390625	 425641.65625
25952622.0	 315.70556640625	 360.0534362792969	 358214.75
25952096.0	 333.85052490234375	 312.4239501953125	 425739.96875
25952072.0	 338.80609130859375	 406.4327392578125	 410942.625
25952046.0	 330.4063415527344	 297.87176513671875	 351396.125
25951922.0	 336.1413269042969	 348.2131042480469	 475351.15625
25951820.0	 308.6539306640625	 270.23876953125	 296412.40625
25951770.0	 329.6005859375	 254.5707244873047	 338210.875
25951746.0	 321.0325012207031	 280.0499572753906	 275007.8125
25951722.0	 341.8428649902344	 300.2851867675781	 464003.125
25951446.0	 324.9930419921875	 307.6130676269531	 361369.15625
25951398.0	 228.66908264160156	 44.22826385498047	 5064.8076171875
25951370.0	 321.8934020996094	 374.2857666015625	 414603.34375
25951322.0	 316.0590515136719	 304.9183044433594	 373129.25
25951270.0	 334.32562255859375	 318.3075866699219	 415446.125
25951168.0	 327.5351867675781	 345.7739562988281	 509171.90625
25951146.0	 325.96734619140625	 326.3629150390625	 398674.84375
25950946.0	 338.0028076171875	 258.05474853515625	 273889.75
25950896.0	 331.6707458496094	 279.22540283203125	 461295.59375
25950870.0	 330.2220153808594	 240.82296752929688	 328335.0
25950798.0	 327.446533203125	 295.86688232421875	 348322.53125
25950770.0	 310.40130615234375	 239.89678955078125	 289829.34375
25950720.0	 313.30206298828125	 283.2866516113281	 278080.6875
25950694.0	 331.36102294921875	 302.0152893066406	 370225.4375
25950444.0	 354.5678405761719	 259.9999084472656	 446171.125
25950418.0	 372.83905029296875	 258.65692138671875	 369844.8125
25950396.0	 348.6293029785156	 264.9101867675781	 407808.875
25950270.0	 319.3348083496094	 530.3931274414062	 436019.0
25950070.0	 352.45123291015625	 261.2016296386719	 409645.875
25950020.0	 329.93963623046875	 271.4883728027344	 423093.15625
25949994.0	 340.2610778808594	 295.2314758300781	 486433.3125
25949944.0	 324.8091125488281	 420.2069091796875	 394721.03125
25949646.0	 323.6246032714844	 437.99053955078125	 393426.3125
26010866.0	 271.02752685546875	 420.9056701660156	 186281.265625
25976094.0	 227.6851043701172	 561.1781005859375	 134461.765625
25976068.0	 227.43386840820312	 569.2025146484375	 123633.6171875
25970320.0	 224.30252075195312	 586.23779296875	 113244.0
25958042.0	 236.27830505371094	 511.1976013183594	 137654.6875
25958014.0	 229.82138061523438	 557.0523071289062	 131744.65625
25957986.0	 234.53436279296875	 520.3294067382812	 114313.453125
25991106.0	 269.7669372558594	 716.1353149414062	 59388.6015625
25991160.0	 270.2951354980469	 764.061279296875	 59447.3359375
25991218.0	 265.4124755859375	 801.1497192382812	 57004.01953125
26018338.0	 378.0242919921875	 183.28054809570312	 517103.1875
26017746.0	 355.11480712890625	 188.91424560546875	 475342.5
26017354.0	 361.2930603027344	 181.0152130126953	 444107.875
26017324.0	 360.8838806152344	 164.8704071044922	 344994.21875
26017296.0	 351.9322814941406	 173.66860961914062	 368799.15625
26017016.0	 372.5025634765625	 176.74900817871094	 433663.1875
26016762.0	 361.34893798828125	 179.71011352539062	 398744.8125
26016678.0	 353.899658203125	 184.53709411621094	 386368.3125
26016058.0	 358.7093200683594	 182.5064697265625	 414589.53125
26015608.0	 354.37542724609375	 180.91773986816406	 423768.28125
26015580.0	 360.0300598144531	 179.9215545654297	 365286.6875
26015158.0	 315.4074401855469	 175.7622528076172	 265865.40625
26014820.0	 327.832763671875	 189.89508056640625	 365166.53125
26014624.0	 337.72320556640625	 169.35324096679688	 292203.9375
26014594.0	 334.7383117675781	 177.0193328857422	 328683.6875
26014118.0	 327.0971374511719	 176.05340576171875	 259894.640625
26014088.0	 332.5279846191406	 183.89942932128906	 296376.40625
26013834.0	 324.0209655761719	 169.56436157226562	 266357.46875
26013778.0	 325.0191345214844	 163.03863525390625	 241280.609375
26013554.0	 319.3775939941406	 181.94509887695312	 295906.875
26012904.0	 339.9910888671875	 165.8851318359375	 308035.03125
26012512.0	 333.6578674316406	 172.85122680664062	 323197.9375
26011920.0	 333.9082336425781	 185.70387268066406	 391912.375
26011892.0	 338.7394104003906	 194.17181396484375	 404050.09375
26011328.0	 332.27838134765625	 173.45025634765625	 288337.40625
26009554.0	 338.68145751953125	 176.82862854003906	 331154.09375
26007276.0	 313.3577880859375	 220.4203643798828	 354557.0
26004798.0	 391.9068298339844	 162.3362274169922	 491207.9375
26004770.0	 394.89764404296875	 162.9739227294922	 437429.15625
26004742.0	 390.2719421386719	 170.04461669921875	 489192.5
26004714.0	 393.86248779296875	 171.05422973632812	 478518.40625
26004488.0	 375.1732482910156	 176.55751037597656	 462385.75
26003812.0	 382.9168395996094	 152.4528350830078	 362856.90625
26003784.0	 372.1920471191406	 178.6192626953125	 460762.9375
26003362.0	 387.29541015625	 168.88092041015625	 469417.5
26003334.0	 384.2897033691406	 173.03268432617188	 553258.8125
26001364.0	 354.45025634765625	 172.6746826171875	 410143.28125
25999392.0	 339.7763366699219	 170.64749145507812	 328131.125
25996746.0	 431.56060791015625	 203.86158752441406	 815575.9375
25996352.0	 433.3809509277344	 169.7959442138672	 614208.5
25995394.0	 440.9676208496094	 168.68040466308594	 645382.0
25995366.0	 443.2660217285156	 157.65541076660156	 530856.375
25995338.0	 438.91876220703125	 187.99160766601562	 657328.9375
25995086.0	 486.0759582519531	 177.90606689453125	 618572.9375
25995056.0	 488.8454284667969	 199.89028930664062	 772982.375
25995028.0	 387.1498718261719	 221.34161376953125	 639647.6875
25994776.0	 355.17822265625	 165.10813903808594	 367115.78125
25994746.0	 374.62921142578125	 209.6180877685547	 556919.0
25993676.0	 362.2051086425781	 162.02276611328125	 408986.3125
25993650.0	 371.79547119140625	 154.57557678222656	 372640.4375
25992830.0	 364.69256591796875	 183.6949462890625	 436431.84375
25992804.0	 359.22821044921875	 174.87718200683594	 429100.96875
25992774.0	 365.3673095703125	 176.21482849121094	 460046.28125
25992464.0	 360.8372497558594	 167.1339111328125	 411660.53125
25992410.0	 368.3719177246094	 166.23590087890625	 383344.34375
25992382.0	 346.0500793457031	 165.23512268066406	 332248.5625
25992354.0	 346.16033935546875	 171.33480834960938	 322283.375
25991932.0	 353.8795471191406	 174.5974884033203	 353117.34375
25990832.0	 349.01947021484375	 180.36813354492188	 365798.1875
25990804.0	 344.7698974609375	 199.2782745361328	 399400.3125
25990776.0	 354.00238037109375	 176.22962951660156	 348641.84375
25990664.0	 347.1298522949219	 178.94374084472656	 376614.6875
25990128.0	 336.2724609375	 192.3502197265625	 383317.0625
25990100.0	 346.9939270019531	 176.8745880126953	 331702.8125
25989962.0	 344.6869812011719	 181.09136962890625	 359529.1875
25989540.0	 339.2391662597656	 194.60903930664062	 406992.4375
25989228.0	 360.5204772949219	 175.66201782226562	 370886.09375
25987822.0	 347.8328552246094	 165.50067138671875	 304137.4375
25987368.0	 319.5693664550781	 196.62928771972656	 363051.0625
25987342.0	 335.8517150878906	 212.96914672851562	 467153.375
25987004.0	 329.6260986328125	 207.77532958984375	 406611.53125
25986976.0	 341.9228820800781	 204.64767456054688	 429978.96875
25986326.0	 309.69049072265625	 225.27525329589844	 338856.25
25986300.0	 314.7864074707031	 208.0253143310547	 321757.9375
25986102.0	 308.5316162109375	 214.47775268554688	 340791.4375
25985990.0	 315.7760009765625	 183.2455596923828	 318193.4375
25985962.0	 316.2668151855469	 212.0666961669922	 298766.28125
25985904.0	 314.9107971191406	 187.80584716796875	 305164.59375
25985878.0	 316.86236572265625	 219.68479919433594	 339836.28125
25985850.0	 324.28607177734375	 175.76942443847656	 280041.75
25985680.0	 329.6280822753906	 192.5875244140625	 299555.09375
25985650.0	 321.9170837402344	 195.7616424560547	 336039.09375
25984976.0	 323.2922668457031	 190.05340576171875	 346948.59375
25984356.0	 321.92852783203125	 150.33633422851562	 237938.375
25984330.0	 310.82061767578125	 170.6151123046875	 245431.78125
25983736.0	 333.9756164550781	 180.1615753173828	 400711.84375
25983708.0	 325.5783386230469	 174.43359375	 307530.46875
25983682.0	 327.4871826171875	 212.15716552734375	 469297.90625
25983204.0	 316.2446594238281	 171.6072540283203	 329693.9375
25983174.0	 316.6189270019531	 174.42662048339844	 258469.515625
25983118.0	 312.8663635253906	 177.36402893066406	 307166.34375
25983032.0	 316.6088562011719	 190.3765411376953	 303933.65625
25983006.0	 324.6828308105469	 171.08322143554688	 246173.609375
25982976.0	 319.363037109375	 167.32400512695312	 265113.875
25982948.0	 320.50189208984375	 175.94332885742188	 266847.84375
25982810.0	 322.2746887207031	 165.339599609375	 240906.078125
25982638.0	 319.2784118652344	 171.77682495117188	 278972.46875
25982046.0	 309.92645263671875	 177.65521240234375	 239598.359375
25981768.0	 319.07073974609375	 162.55010986328125	 230810.96875
25981598.0	 323.3121032714844	 166.1099090576172	 233768.109375
25981570.0	 317.19873046875	 165.2992401123047	 254117.46875
25981542.0	 316.5592346191406	 170.5989227294922	 251803.171875
25981344.0	 326.6531982421875	 160.17169189453125	 236415.03125
25981034.0	 320.2792053222656	 182.28602600097656	 281332.875
25981006.0	 326.54925537109375	 159.166259765625	 224260.8125
25980498.0	 331.45916748046875	 167.7244415283203	 307685.53125
25980470.0	 336.9528503417969	 169.85035705566406	 313984.4375
25980444.0	 334.83404541015625	 164.6446075439453	 261617.765625
25979598.0	 333.84356689453125	 177.1159210205078	 315899.28125
25979568.0	 335.13616943359375	 173.62823486328125	 323115.71875
25979486.0	 328.9371643066406	 173.28358459472656	 280519.875
25979202.0	 332.9101257324219	 170.58038330078125	 290426.90625
25979176.0	 315.7765197753906	 174.11831665039062	 264755.1875
25979034.0	 317.2738342285156	 177.11732482910156	 258135.859375
25977880.0	 318.9697570800781	 180.25546264648438	 294325.0
25977852.0	 324.4669494628906	 164.52720642089844	 247466.484375
25977824.0	 320.3036804199219	 163.14845275878906	 252489.203125
25977796.0	 313.9730529785156	 168.72398376464844	 262699.46875
25977654.0	 323.6917419433594	 160.65782165527344	 244399.015625
25977598.0	 324.2115173339844	 169.6416015625	 262852.65625
25977542.0	 331.109130859375	 168.00091552734375	 248776.046875
25977232.0	 324.5081481933594	 166.42982482910156	 255172.140625
25977204.0	 319.8741760253906	 169.8563995361328	 251771.203125
25977038.0	 316.1427917480469	 173.16128540039062	 268076.9375
25976922.0	 312.0805969238281	 171.24166870117188	 283664.75
25976780.0	 317.3440856933594	 163.83197021484375	 223846.28125
25976754.0	 313.9168701171875	 184.96734619140625	 285289.25
25976670.0	 321.4545593261719	 166.08285522460938	 241113.59375
25976612.0	 310.49249267578125	 167.38180541992188	 228775.859375
25976584.0	 311.6112976074219	 170.14743041992188	 248073.46875
25976022.0	 313.8528747558594	 191.04969787597656	 315635.84375
25975992.0	 313.7727966308594	 177.5334930419922	 278981.03125
25975964.0	 310.98162841796875	 181.91419982910156	 291684.78125
25975852.0	 318.9122314453125	 171.20245361328125	 241511.03125
25975824.0	 322.3577575683594	 177.45277404785156	 259650.46875
25975796.0	 314.265869140625	 189.58099365234375	 314922.375
25975684.0	 323.1242370605469	 167.3910369873047	 262134.296875
25975656.0	 324.5936279296875	 170.6929931640625	 279214.8125
25975626.0	 322.4667053222656	 171.0784912109375	 279204.75
25975036.0	 299.8741149902344	 184.10789489746094	 299493.3125
25974922.0	 309.49383544921875	 167.77821350097656	 252144.515625
25974894.0	 306.36065673828125	 180.8018341064453	 314254.125
25974868.0	 310.1878967285156	 174.2518768310547	 220379.265625
25974810.0	 315.56024169921875	 184.4048309326172	 257094.515625
25974754.0	 319.00604248046875	 166.55130004882812	 238174.359375
25974726.0	 312.1777648925781	 171.69248962402344	 239497.578125
25974698.0	 319.6164245605469	 151.2794189453125	 214522.03125
25974416.0	 326.4396667480469	 178.0913543701172	 309142.34375
25974388.0	 320.1148986816406	 199.7073211669922	 386610.84375
25974360.0	 322.5860595703125	 165.06243896484375	 287039.21875
25974134.0	 320.4506530761719	 178.80889892578125	 303793.34375
25974106.0	 321.31524658203125	 176.12049865722656	 261191.984375
25973936.0	 317.4892578125	 183.34889221191406	 307863.1875
25973908.0	 327.14556884765625	 172.7017364501953	 246957.375
25973880.0	 324.0908508300781	 168.49697875976562	 264818.53125
25973824.0	 320.9508972167969	 189.0298614501953	 286947.53125
25973770.0	 321.38092041015625	 172.51382446289062	 282887.34375
25973740.0	 322.1235046386719	 173.59043884277344	 243907.453125
25972952.0	 347.19970703125	 159.33819580078125	 284843.65625
25969656.0	 376.6836242675781	 155.24114990234375	 456721.53125
25969234.0	 375.8827209472656	 167.12496948242188	 458625.5
25968390.0	 365.86590576171875	 161.4579315185547	 446904.03125
25967740.0	 390.37860107421875	 158.4747772216797	 442012.5
25967488.0	 376.71087646484375	 167.864501953125	 426734.59375
25964250.0	 390.2514343261719	 161.1537322998047	 477034.0
25964220.0	 396.1875305175781	 160.994873046875	 436643.78125
25964106.0	 383.20123291015625	 164.8815460205078	 412266.3125
25963940.0	 390.9922180175781	 166.0347900390625	 448729.21875
25963912.0	 391.2440185546875	 160.7525177001953	 417767.9375
25963432.0	 386.20355224609375	 159.07412719726562	 400667.6875
25958784.0	 417.5840759277344	 169.47608947753906	 600246.875
25956418.0	 365.23480224609375	 168.17906188964844	 421918.90625
