START:	 23.500000000000064
END:	 23.600000000000065

r [km]	 vr [km/s]	 np [cm-3]	 T [K]
16349521.0	 287.70086669921875	 3981.39111328125	 61389.88671875
16349577.0	 288.47021484375	 3480.95751953125	 49220.38671875
16349633.0	 284.1631164550781	 3245.731201171875	 45498.69921875
16349689.0	 276.9017028808594	 3603.27978515625	 51196.234375
16349745.0	 274.1574401855469	 3552.7705078125	 51508.046875
16351253.0	 276.6915588378906	 3462.681884765625	 51606.16796875
16351308.0	 271.5170593261719	 3438.778076171875	 47270.37109375
