START:	 57.400000000000546
END:	 57.50000000000055

r [km]	 vr [km/s]	 np [cm-3]	 T [K]
39933188.0	 305.58367919921875	 457.927734375	 70167.7421875
39933368.0	 306.65606689453125	 452.658935546875	 65016.0859375
39933460.0	 305.31353759765625	 460.1268615722656	 71144.109375
39933548.0	 306.0016784667969	 457.731689453125	 68863.2734375
39933636.0	 305.41094970703125	 458.7642517089844	 69434.8359375
39933724.0	 305.2429504394531	 462.0397644042969	 73552.671875
39933816.0	 305.34393310546875	 461.6608581542969	 72112.7421875
39933904.0	 305.5076904296875	 459.91119384765625	 70587.0703125
39933992.0	 305.6212463378906	 458.34954833984375	 69658.1796875
39934080.0	 305.383544921875	 464.12164306640625	 73698.46875
39934172.0	 305.81597900390625	 460.0816345214844	 70349.515625
39934260.0	 306.16064453125	 457.3564453125	 68295.578125
39934348.0	 305.0640563964844	 467.8230895996094	 75050.3203125
39934440.0	 304.4794616699219	 468.1687316894531	 79051.1875
39934524.0	 305.8127746582031	 459.6996154785156	 71490.8828125
39934612.0	 305.5900573730469	 460.69488525390625	 70913.6171875
39934700.0	 305.72894287109375	 465.442138671875	 74013.34375
39934792.0	 305.333740234375	 464.1170654296875	 72877.0078125
39934880.0	 305.6847229003906	 460.22271728515625	 73874.3203125
39934968.0	 306.207763671875	 456.783447265625	 69416.1015625
39935060.0	 306.1992492675781	 461.8015441894531	 70057.9765625
39935148.0	 305.48162841796875	 467.418212890625	 73088.2109375
39935236.0	 306.05328369140625	 455.4390563964844	 68411.5546875
39935324.0	 305.5908203125	 464.7294006347656	 74681.65625
39935416.0	 305.502685546875	 461.21929931640625	 73338.625
39935504.0	 306.0000305175781	 457.8064880371094	 70637.875
39935592.0	 305.7392883300781	 461.9111633300781	 72633.5234375
39935684.0	 306.5633850097656	 454.3992004394531	 69528.828125
39935772.0	 306.1194152832031	 458.1741943359375	 71619.203125
39935860.0	 306.59649658203125	 454.04522705078125	 69667.8515625
39935948.0	 306.3462829589844	 461.5801086425781	 71286.4375
39936036.0	 305.9598693847656	 457.1438293457031	 71022.21875
39936124.0	 305.66644287109375	 461.5144958496094	 72275.90625
39936304.0	 306.18743896484375	 457.2392883300781	 70232.1328125
39936392.0	 306.3304748535156	 459.65625	 69955.5234375
39936480.0	 305.89501953125	 463.4292297363281	 72515.203125
39936572.0	 305.887451171875	 463.1601257324219	 74974.4453125
39936656.0	 305.87237548828125	 460.0868225097656	 72388.2578125
39936748.0	 306.1846618652344	 460.9783630371094	 72519.0625
39936836.0	 306.241943359375	 454.4049377441406	 72405.6171875
39936928.0	 305.9828186035156	 457.0013732910156	 69990.7265625
39937016.0	 305.82806396484375	 459.1756591796875	 70420.7265625
39937104.0	 306.1842956542969	 454.41058349609375	 68518.96875
39937192.0	 305.99932861328125	 461.8597106933594	 70823.7421875
39937280.0	 305.4559020996094	 464.8158874511719	 73674.0546875
39937368.0	 306.1825256347656	 457.84521484375	 70296.328125
39937456.0	 305.98687744140625	 461.548583984375	 72863.953125
39937544.0	 305.7237548828125	 460.5453186035156	 72264.25
39937636.0	 305.3616027832031	 468.1217956542969	 75876.734375
39937724.0	 305.7691650390625	 460.9388427734375	 73768.125
39937812.0	 305.5201721191406	 462.4391174316406	 72997.453125
39937904.0	 306.1947326660156	 457.8489074707031	 70510.5703125
39937992.0	 305.9593811035156	 461.1756591796875	 71439.5859375
39938080.0	 306.2469177246094	 455.3194274902344	 72293.5078125
39938172.0	 306.4313659667969	 458.3829345703125	 71871.78125
39938260.0	 306.34454345703125	 458.2000732421875	 70983.9140625
39938348.0	 305.71832275390625	 462.9399108886719	 74757.2578125
39938436.0	 306.3065185546875	 459.13677978515625	 72157.40625
39938528.0	 305.9131774902344	 464.6454162597656	 73827.8203125
39938616.0	 306.287109375	 455.2457580566406	 69522.8828125
39938700.0	 306.0577697753906	 459.4747009277344	 75889.09375
39938792.0	 306.38433837890625	 458.3641662597656	 73021.6015625
39938880.0	 306.19989013671875	 456.3052062988281	 71225.7890625
39938968.0	 305.9141540527344	 460.0118408203125	 72142.1171875
39939060.0	 306.40093994140625	 455.24139404296875	 70195.2578125
39939236.0	 306.5960998535156	 454.5105895996094	 69676.953125
39939328.0	 306.1833801269531	 458.96136474609375	 71147.09375
39939416.0	 306.6528625488281	 456.88763427734375	 71213.71875
39939504.0	 306.403076171875	 459.8411560058594	 72169.4921875
39939592.0	 306.00640869140625	 465.3448791503906	 74316.984375
39939684.0	 306.5984191894531	 455.5482177734375	 68926.3828125
39939772.0	 306.1891784667969	 458.24749755859375	 70988.1328125
39939860.0	 306.58599853515625	 458.7188720703125	 70464.9140625
39939948.0	 306.44122314453125	 455.3084411621094	 70108.7265625
39940036.0	 306.1846923828125	 459.66754150390625	 72641.796875
39940124.0	 306.01141357421875	 455.6618957519531	 71188.5078125
39940216.0	 306.1439208984375	 452.06536865234375	 70105.3671875
39940304.0	 305.2059326171875	 463.8122253417969	 74520.7109375
39940392.0	 305.6232604980469	 456.47027587890625	 70213.625
39940484.0	 305.9695739746094	 457.6752014160156	 70987.6015625
39940572.0	 305.6098937988281	 462.4045715332031	 72556.2421875
39940660.0	 306.1754150390625	 458.9164733886719	 72360.390625
39940748.0	 305.845947265625	 462.1790466308594	 74231.96875
39940840.0	 305.98565673828125	 467.1572265625	 73451.9375
39940928.0	 306.305908203125	 460.28875732421875	 72434.484375
39941016.0	 306.0220031738281	 464.8594665527344	 73259.84375
39941104.0	 306.2295837402344	 458.9039611816406	 70985.1953125
39941196.0	 305.36248779296875	 464.98858642578125	 75930.5390625
39941284.0	 305.3610534667969	 466.92926025390625	 74019.640625
39941368.0	 305.8200988769531	 460.3500671386719	 71772.0859375
39941456.0	 305.1595764160156	 460.041015625	 73183.53125
39941544.0	 304.8156433105469	 460.81292724609375	 72520.1015625
39941636.0	 305.1183166503906	 461.1678771972656	 70963.1171875
39941724.0	 305.1455078125	 462.5613708496094	 70122.796875
39941812.0	 305.4786376953125	 457.6537170410156	 71035.3671875
39941904.0	 304.280029296875	 460.4986877441406	 75022.9765625
39941992.0	 304.8184509277344	 458.2793884277344	 71883.328125
39942168.0	 304.99786376953125	 456.55413818359375	 70481.96875
39942260.0	 304.5884704589844	 462.5867919921875	 70445.1953125
39942352.0	 304.0058288574219	 459.8203125	 72905.140625
39942436.0	 304.47381591796875	 462.2112731933594	 73099.25
39942528.0	 305.1756896972656	 464.9613342285156	 70657.328125
39942616.0	 304.84368896484375	 461.7910461425781	 71435.4296875
39942700.0	 305.74713134765625	 458.3415832519531	 69636.6640625
39942792.0	 304.78997802734375	 464.4366455078125	 72627.796875
39942880.0	 305.3487854003906	 460.15521240234375	 70603.09375
39942968.0	 305.5097351074219	 454.71484375	 70332.8671875
39943060.0	 305.3653564453125	 458.69647216796875	 71297.1015625
39943148.0	 305.5064697265625	 454.9747619628906	 69633.7578125
39943236.0	 305.6180114746094	 456.110595703125	 69322.5390625
39943328.0	 306.12823486328125	 458.5915832519531	 69828.8984375
39943416.0	 306.7795104980469	 450.5772705078125	 68326.2578125
39943504.0	 306.1400451660156	 455.4750061035156	 71226.9609375
39943592.0	 305.9430847167969	 458.8686828613281	 72420.3125
39943684.0	 305.8875732421875	 456.9991149902344	 70247.9296875
39943772.0	 306.4709167480469	 453.90570068359375	 68684.0625
39943860.0	 306.3152160644531	 455.5704040527344	 69698.1484375
39943952.0	 306.10845947265625	 457.18035888671875	 71972.1796875
39944036.0	 305.9081115722656	 462.6466064453125	 76373.5078125
39944124.0	 306.55535888671875	 460.27960205078125	 73843.453125
39944212.0	 305.8409118652344	 459.6077880859375	 77971.0546875
39944304.0	 305.9256591796875	 454.7233581542969	 72146.0859375
39944392.0	 306.329345703125	 459.0528564453125	 72887.6875
39944484.0	 306.3329162597656	 456.5446472167969	 73115.6015625
39944572.0	 305.56243896484375	 464.9142150878906	 76235.6640625
39944660.0	 306.19708251953125	 456.67620849609375	 73407.9296875
39944748.0	 306.24884033203125	 458.90606689453125	 71902.078125
39944840.0	 306.3946228027344	 455.3077392578125	 71852.1875
39944928.0	 306.7204895019531	 453.25897216796875	 69712.640625
39945104.0	 307.0494689941406	 449.3161926269531	 66380.703125
39945196.0	 306.344482421875	 455.9446716308594	 72517.7734375
39945280.0	 306.32464599609375	 452.91717529296875	 72732.46875
39945368.0	 306.9702453613281	 451.16693115234375	 67303.1328125
39945460.0	 305.9892883300781	 458.742919921875	 73156.828125
39945548.0	 305.9765930175781	 454.21044921875	 72065.4609375
39945636.0	 306.2718505859375	 454.55706787109375	 71465.484375
39945724.0	 305.531494140625	 456.5536193847656	 71379.34375
39945816.0	 305.224853515625	 456.92919921875	 72395.125
39945904.0	 304.75909423828125	 463.1817932128906	 76374.875
39945992.0	 305.3757629394531	 456.6059265136719	 70791.828125
39946084.0	 305.7749328613281	 457.8294982910156	 72713.5
39946172.0	 305.9512634277344	 455.5364990234375	 72026.53125
39946260.0	 305.3550109863281	 463.13153076171875	 77112.5703125
39946348.0	 306.4989013671875	 456.0312194824219	 71540.265625
39946440.0	 306.5408630371094	 455.63067626953125	 72919.875
39946524.0	 306.2355041503906	 459.31353759765625	 75583.7421875
39946616.0	 305.9786071777344	 458.43865966796875	 73462.5
39946704.0	 306.4045715332031	 457.0155334472656	 71007.921875
39946792.0	 305.93487548828125	 458.68646240234375	 73112.6953125
39946880.0	 305.6974792480469	 463.7908630371094	 74588.2265625
39946972.0	 305.8363342285156	 459.0861511230469	 72952.3671875
39947060.0	 306.3299560546875	 463.5278015136719	 72711.1171875
39947148.0	 306.0644226074219	 459.4798583984375	 72629.578125
39947240.0	 305.8887634277344	 457.4470520019531	 73033.3359375
39947328.0	 306.4331359863281	 452.7468566894531	 71400.8125
39947416.0	 305.38330078125	 461.3084411621094	 74233.6015625
39947508.0	 306.22857666015625	 458.7846984863281	 70909.9375
39947592.0	 305.3446960449219	 463.21337890625	 75809.3671875
39947684.0	 306.02276611328125	 454.6049499511719	 70726.8515625
39947772.0	 305.2651062011719	 460.8377380371094	 73463.375
39947856.0	 305.5052795410156	 461.298583984375	 73691.5859375
39948036.0	 306.8708801269531	 445.4344177246094	 66170.609375
39948124.0	 304.7537536621094	 463.4824523925781	 76755.5859375
39948212.0	 305.1125793457031	 461.62115478515625	 75994.3203125
39948304.0	 306.1438293457031	 453.1063232421875	 72833.0546875
39948392.0	 305.9308776855469	 452.77728271484375	 72754.2578125
39948480.0	 305.7332458496094	 461.31524658203125	 75244.2109375
39948572.0	 304.0987243652344	 464.5487976074219	 78184.1796875
39948660.0	 305.01544189453125	 461.4649353027344	 72346.609375
39948748.0	 305.25970458984375	 463.210693359375	 75422.59375
39948840.0	 304.3595275878906	 465.96173095703125	 78623.9609375
39948928.0	 304.5962219238281	 459.7056884765625	 77893.0546875
39949012.0	 305.1808166503906	 454.3197937011719	 71538.8046875
39949104.0	 304.5870361328125	 465.43975830078125	 76331.0234375
39949192.0	 304.90887451171875	 455.7884826660156	 73302.9375
39949280.0	 304.70819091796875	 451.36993408203125	 70410.53125
39949368.0	 304.4136657714844	 454.49249267578125	 73502.828125
39949460.0	 305.6881103515625	 452.608154296875	 71813.984375
39949548.0	 305.75653076171875	 449.3343505859375	 70787.359375
39949636.0	 304.5085144042969	 466.837646484375	 74599.1015625
39949728.0	 304.34332275390625	 461.4983215332031	 75504.8203125
39949816.0	 304.70806884765625	 459.3202819824219	 74653.8046875
39949904.0	 304.48699951171875	 463.3665771484375	 80726.234375
39949996.0	 305.1383972167969	 455.1812438964844	 74395.328125
39950084.0	 304.63787841796875	 461.2556457519531	 75949.546875
39950172.0	 305.26654052734375	 451.8788146972656	 71477.1484375
39950260.0	 305.0442199707031	 457.77862548828125	 72906.453125
39950348.0	 304.8898620605469	 462.21954345703125	 74636.7421875
39950436.0	 305.03057861328125	 458.4845275878906	 73806.0390625
39950524.0	 305.2340087890625	 461.1138610839844	 72571.734375
39950616.0	 304.8079528808594	 453.9866027832031	 73226.3984375
39950704.0	 305.0555114746094	 455.3590087890625	 69618.5390625
39950792.0	 304.2289123535156	 461.4846496582031	 73863.0
39950972.0	 304.5884704589844	 455.17291259765625	 69949.2734375
39951060.0	 305.1096496582031	 453.4056091308594	 69123.703125
39951152.0	 304.93280029296875	 452.45452880859375	 70257.546875
39951240.0	 305.2898864746094	 453.12567138671875	 68700.9453125
39951328.0	 304.0732727050781	 459.7237548828125	 72502.3203125
39951412.0	 303.95416259765625	 462.4609069824219	 74463.96875
39951504.0	 304.3076477050781	 463.0839538574219	 72756.5078125
39951592.0	 304.5328063964844	 463.63226318359375	 75148.0390625
39951680.0	 304.2752990722656	 459.0308837890625	 73437.9765625
39951772.0	 304.1997985839844	 465.8221435546875	 72823.078125
39951860.0	 304.8673095703125	 456.5741882324219	 71106.2890625
39951948.0	 303.9886474609375	 460.1016845703125	 73933.6328125
39952036.0	 303.8704528808594	 457.298583984375	 70636.1875
39952128.0	 303.6017761230469	 460.3059387207031	 71891.484375
39952216.0	 303.8428955078125	 462.5127868652344	 73040.46875
39952304.0	 304.2069396972656	 463.2002258300781	 73180.515625
39952392.0	 304.00286865234375	 464.7904052734375	 75753.2109375
39952484.0	 303.9309387207031	 465.3544921875	 75775.40625
39952572.0	 304.1556091308594	 463.360595703125	 72728.2265625
39952656.0	 304.1476135253906	 457.26654052734375	 72948.5
39952744.0	 303.912841796875	 459.5499267578125	 70247.3125
39952836.0	 303.83843994140625	 456.015625	 70515.3671875
39952924.0	 303.8355712890625	 458.6660461425781	 69904.984375
39953016.0	 303.9222412109375	 460.0661315917969	 69782.234375
39953104.0	 302.5966796875	 462.5300598144531	 75884.84375
39953192.0	 304.0093078613281	 457.7748107910156	 68368.484375
39953284.0	 302.7485656738281	 464.9065246582031	 74121.21875
39953372.0	 302.8310241699219	 465.4193420410156	 74527.1015625
39953460.0	 303.6581115722656	 458.5660095214844	 67148.40625
39953552.0	 302.7240295410156	 465.7763671875	 72417.5625
39953640.0	 303.5381774902344	 455.4766540527344	 69583.359375
39953728.0	 303.1229553222656	 458.7197570800781	 70336.9296875
39953904.0	 303.70452880859375	 455.3750915527344	 66751.453125
39953992.0	 303.11053466796875	 460.9952392578125	 69906.0
39954080.0	 302.8238525390625	 461.11785888671875	 69532.9375
39954172.0	 302.76953125	 458.8500061035156	 70858.4453125
39954256.0	 302.5702209472656	 465.41522216796875	 72029.734375
39954348.0	 302.94537353515625	 462.24029541015625	 68364.7578125
39954436.0	 302.4719543457031	 467.18731689453125	 71763.609375
39954528.0	 302.22088623046875	 464.079833984375	 71576.71875
39954616.0	 302.8883972167969	 459.6740417480469	 69706.296875
39954704.0	 302.7528381347656	 462.0826416015625	 68536.421875
39954792.0	 301.61962890625	 468.38690185546875	 75125.8359375
39954884.0	 303.0983581542969	 458.3382568359375	 68003.2421875
39954968.0	 302.7623291015625	 461.7536315917969	 69144.8203125
39955056.0	 302.94024658203125	 460.0018005371094	 68767.796875
39955148.0	 302.9532165527344	 460.8630676269531	 70477.765625
39955236.0	 302.815185546875	 463.08782958984375	 70058.6796875
39955324.0	 302.83050537109375	 460.4183044433594	 70495.3515625
39955416.0	 303.02288818359375	 468.1195068359375	 71992.3671875
39955504.0	 302.8176574707031	 461.5939025878906	 69460.3984375
39955592.0	 303.11846923828125	 460.99609375	 70760.8046875
39955684.0	 303.0685729980469	 459.6914367675781	 69737.296875
39955772.0	 303.1643371582031	 464.5771484375	 71717.2265625
39955860.0	 303.2691650390625	 456.016357421875	 69595.0859375
39955952.0	 302.80712890625	 462.05224609375	 69867.234375
39956040.0	 302.40679931640625	 460.5111389160156	 68609.15625
39956124.0	 302.988037109375	 458.38092041015625	 70644.984375
39956216.0	 303.24871826171875	 459.2451171875	 69087.5
39956300.0	 302.147705078125	 466.8271789550781	 73882.0546875
39956392.0	 302.3377685546875	 459.07550048828125	 71123.109375
39956480.0	 303.0740051269531	 459.0883483886719	 69746.7890625
39956572.0	 303.6078186035156	 448.2542724609375	 65535.421875
39956656.0	 303.0760803222656	 461.8634338378906	 72943.046875
39956836.0	 301.150634765625	 461.6896057128906	 73117.1953125
39956928.0	 301.1584777832031	 467.73590087890625	 76045.3125
39957016.0	 301.6758117675781	 458.5985107421875	 70498.046875
39957104.0	 302.1790771484375	 454.2509765625	 70479.3515625
39957192.0	 301.7755126953125	 462.01995849609375	 75724.03125
39957280.0	 302.20196533203125	 463.4320373535156	 76852.59375
39957368.0	 302.0531311035156	 457.3631286621094	 73407.9375
39957456.0	 302.42352294921875	 456.9259338378906	 72993.578125
39957548.0	 302.1502685546875	 456.26934814453125	 72577.765625
39957636.0	 302.450927734375	 472.4372863769531	 76557.3515625
39957724.0	 303.1075744628906	 459.8515625	 74235.65625
39957816.0	 301.8689270019531	 472.4632568359375	 80919.4609375
39957904.0	 302.8802795410156	 464.94366455078125	 76141.6796875
39957992.0	 302.5768127441406	 466.4464111328125	 77302.1953125
39958084.0	 303.45281982421875	 464.443603515625	 76444.8125
39958172.0	 303.50244140625	 463.6412658691406	 74431.3203125
39958260.0	 303.2261962890625	 458.43353271484375	 76166.7265625
39958348.0	 303.8367919921875	 455.8841552734375	 71046.4609375
39958436.0	 303.2978820800781	 463.2652893066406	 73575.4453125
39958524.0	 303.2262878417969	 465.6858215332031	 76732.140625
39958616.0	 303.30804443359375	 467.7725524902344	 76313.78125
39958700.0	 303.9131774902344	 460.10333251953125	 74381.90625
39958792.0	 303.2337646484375	 460.7961120605469	 75259.328125
39958880.0	 304.02789306640625	 456.5622253417969	 73130.875
39958972.0	 303.876953125	 458.0906677246094	 75046.578125
39959056.0	 303.4697570800781	 463.4950256347656	 76833.3984375
39959148.0	 303.3026123046875	 458.3406066894531	 77170.5078125
39959236.0	 302.5187072753906	 461.96270751953125	 76663.4609375
39959328.0	 303.57269287109375	 459.04302978515625	 72963.3515625
39959416.0	 302.44573974609375	 469.4353332519531	 81536.828125
39959500.0	 303.0537414550781	 462.8819274902344	 76812.0078125
39959588.0	 303.2813415527344	 457.4261474609375	 72929.96875
39959768.0	 304.4402770996094	 459.4169921875	 70772.6484375
39959860.0	 305.23785400390625	 458.2480773925781	 73365.7421875
39959948.0	 303.406982421875	 469.1923522949219	 81718.515625
39960036.0	 304.4309387207031	 456.89239501953125	 72655.15625
39960124.0	 304.6163635253906	 466.374267578125	 75587.1015625
39960216.0	 304.8183288574219	 457.4446105957031	 74025.390625
39960304.0	 304.9902648925781	 458.88726806640625	 73666.0390625
39960392.0	 305.8775939941406	 455.09222412109375	 71370.2421875
39960484.0	 305.4934387207031	 458.0580749511719	 74365.5078125
39960568.0	 305.5833435058594	 461.8523864746094	 75252.2890625
39960660.0	 305.5220947265625	 453.0691223144531	 71972.0390625
39960748.0	 304.9974670410156	 457.7402038574219	 71719.2578125
39960836.0	 305.0401916503906	 454.6346130371094	 74086.109375
39960924.0	 304.7225646972656	 458.5294189453125	 75373.59375
39961016.0	 304.8460388183594	 459.7242431640625	 72438.25
39961100.0	 304.80615234375	 456.87762451171875	 72083.765625
39961192.0	 304.5250549316406	 455.8070983886719	 71824.203125
39961280.0	 304.072021484375	 458.337158203125	 72039.1328125
39961372.0	 304.30523681640625	 461.36309814453125	 73304.078125
39961460.0	 303.94793701171875	 455.1382141113281	 71597.8359375
39961548.0	 304.1166687011719	 455.3061828613281	 71768.3671875
39961636.0	 303.9422912597656	 458.5172424316406	 73635.1796875
39961724.0	 304.2042236328125	 456.98583984375	 71614.859375
39961812.0	 303.7733459472656	 459.6578063964844	 73426.546875
39961904.0	 303.78863525390625	 458.81072998046875	 73128.90625
39961992.0	 303.6514892578125	 457.6390686035156	 73523.703125
39962080.0	 303.6117248535156	 460.3050537109375	 71615.484375
39962168.0	 303.5216979980469	 458.8379211425781	 72807.65625
39962260.0	 303.83026123046875	 456.51861572265625	 71987.796875
39962348.0	 303.6440734863281	 461.0177917480469	 73489.2578125
39962436.0	 304.2406921386719	 459.37884521484375	 72144.4140625
39962528.0	 304.4129638671875	 455.8755187988281	 73453.234375
39962704.0	 306.0383605957031	 445.4590759277344	 65685.4375
39962792.0	 304.6695251464844	 461.7845764160156	 72571.171875
39962880.0	 304.2226257324219	 456.8552551269531	 70565.0703125
39962968.0	 303.66912841796875	 460.7970275878906	 73115.6015625
39963060.0	 303.35858154296875	 462.572998046875	 73799.2578125
39963148.0	 303.5476989746094	 460.36077880859375	 70972.1796875
39963236.0	 302.9834289550781	 456.9256286621094	 72450.65625
39963324.0	 302.71478271484375	 462.1676330566406	 71270.9609375
39963416.0	 303.0566711425781	 459.31536865234375	 69682.78125
39963504.0	 303.0537414550781	 462.2120361328125	 72123.3359375
39963592.0	 302.3007507324219	 463.563720703125	 71394.546875
39963680.0	 302.4631042480469	 462.1626892089844	 71378.65625
39963772.0	 303.2455749511719	 457.2735900878906	 70712.875
39963856.0	 302.53759765625	 460.18310546875	 72446.828125
39963944.0	 301.37579345703125	 462.1882629394531	 72809.5859375
39964036.0	 301.9444580078125	 461.241943359375	 69886.71875
39964124.0	 302.00970458984375	 458.62188720703125	 67611.28125
39964212.0	 301.3707275390625	 464.27520751953125	 70004.828125
39964304.0	 302.39697265625	 461.43505859375	 69336.078125
39964392.0	 302.0962219238281	 462.1808166503906	 69354.5390625
39964480.0	 301.2120056152344	 466.7247009277344	 73440.0
39964572.0	 302.4833068847656	 458.29150390625	 67539.5078125
39964660.0	 302.1246337890625	 463.0615234375	 70023.484375
39964748.0	 301.91748046875	 463.0358581542969	 71989.9140625
39964840.0	 301.93511962890625	 465.56512451171875	 77751.578125
39964924.0	 302.530029296875	 462.8368225097656	 70823.7578125
39965012.0	 302.4069519042969	 462.4588623046875	 73630.296875
39965100.0	 302.2371826171875	 463.3497009277344	 74516.15625
39965192.0	 301.94537353515625	 469.1200866699219	 76375.4296875
39965280.0	 302.8450622558594	 455.01776123046875	 70435.3984375
39965368.0	 302.39105224609375	 461.9671936035156	 71479.734375
39965456.0	 302.7308349609375	 456.780029296875	 68807.71875
39965636.0	 302.24884033203125	 463.51708984375	 68371.2265625
39965724.0	 302.331787109375	 459.49468994140625	 70215.8671875
39965812.0	 301.82855224609375	 463.04864501953125	 70274.4296875
39965904.0	 301.2701416015625	 469.5725402832031	 74922.5390625
39965988.0	 301.5744323730469	 460.2702941894531	 70589.578125
39966076.0	 301.44818115234375	 465.83538818359375	 69711.0625
39966168.0	 302.14801025390625	 456.7511901855469	 70476.359375
39966256.0	 301.7008361816406	 465.7611083984375	 72806.5
39966348.0	 302.2367858886719	 459.93994140625	 68942.046875
39966436.0	 302.07049560546875	 461.3753662109375	 67367.9609375
39966524.0	 301.5185852050781	 457.67578125	 68133.71875
39966616.0	 301.52227783203125	 455.6130065917969	 69156.3984375
39966704.0	 301.6187438964844	 458.0993957519531	 67732.5859375
39966792.0	 301.9625549316406	 458.6922607421875	 68385.5234375
39966880.0	 302.35546875	 454.91424560546875	 67792.0859375
39966972.0	 302.5713806152344	 457.798583984375	 69608.6171875
39967056.0	 302.5926818847656	 463.1427917480469	 75972.28125
39967144.0	 302.5043640136719	 465.9859924316406	 72163.921875
39967236.0	 303.2027587890625	 458.60540771484375	 69742.671875
39967324.0	 302.65838623046875	 450.8395080566406	 67441.1875
39967412.0	 302.74456787109375	 464.1211853027344	 72843.765625
39967500.0	 302.06536865234375	 456.48663330078125	 72452.84375
39967592.0	 302.7441711425781	 459.513427734375	 70892.5
39967680.0	 302.6903381347656	 458.7496337890625	 68598.7109375
39967768.0	 302.4072570800781	 458.74334716796875	 71381.859375
39967856.0	 303.2697448730469	 454.1022033691406	 69088.984375
39967948.0	 302.9405517578125	 460.2637023925781	 71310.640625
39968032.0	 302.53204345703125	 463.7906494140625	 71400.9921875
39968120.0	 302.9522705078125	 463.3194580078125	 72728.6875
39968212.0	 303.14849853515625	 459.6744384765625	 73202.125
39968300.0	 303.3696594238281	 459.8092346191406	 71145.4609375
39968388.0	 303.0716247558594	 459.61328125	 70307.0859375
39968568.0	 304.26318359375	 451.0117492675781	 66201.109375
39968660.0	 302.8843994140625	 461.4332275390625	 72029.25
39968748.0	 302.85430908203125	 456.76318359375	 69166.296875
39968836.0	 302.7685852050781	 461.5784912109375	 70385.9453125
39968928.0	 303.35992431640625	 463.25726318359375	 72503.671875
39969012.0	 303.419921875	 457.0827331542969	 71063.96875
39969100.0	 302.4408264160156	 469.8764343261719	 79408.0859375
39969192.0	 302.9582824707031	 464.1716003417969	 71700.234375
39969276.0	 302.8223876953125	 466.0126647949219	 75476.9765625
39969368.0	 303.6321716308594	 455.9587707519531	 71771.078125
39969456.0	 303.4091796875	 456.27490234375	 71746.6796875
39969548.0	 304.0426940917969	 461.0386962890625	 70864.828125
39969632.0	 303.9936828613281	 459.69598388671875	 71005.71875
39969724.0	 303.6973876953125	 461.7074279785156	 71002.8046875
39969812.0	 302.618408203125	 460.07720947265625	 71218.9609375
39969904.0	 301.6207275390625	 464.3326721191406	 78641.8984375
39969992.0	 301.6510009765625	 465.09588623046875	 74591.3203125
39970076.0	 302.04046630859375	 460.74169921875	 73006.5859375
39970164.0	 302.44720458984375	 460.09246826171875	 71548.96875
39970256.0	 301.7104797363281	 458.3306884765625	 73543.7578125
39970344.0	 301.119140625	 463.8016357421875	 77664.5
39970436.0	 302.56768798828125	 457.5602111816406	 68665.203125
39970520.0	 302.98455810546875	 452.79888916015625	 71241.40625
39970612.0	 302.0433654785156	 462.02825927734375	 73857.296875
39970704.0	 302.08306884765625	 462.3226318359375	 75543.1484375
39970792.0	 302.0810546875	 463.79376220703125	 75481.65625
39970880.0	 303.0167541503906	 455.32659912109375	 71486.9921875
39970968.0	 302.51806640625	 460.5049743652344	 71248.578125
39971060.0	 303.167724609375	 449.0584411621094	 69609.3984375
39971144.0	 302.2243347167969	 457.7680969238281	 69739.8046875
39971232.0	 301.32489013671875	 458.2118225097656	 71333.6328125
39971324.0	 302.37725830078125	 456.02923583984375	 70136.875
39971500.0	 302.49554443359375	 449.4778137207031	 70608.171875
39971588.0	 303.2503967285156	 450.6986083984375	 70875.796875
39971680.0	 302.435791015625	 461.4039306640625	 71513.484375
39971768.0	 301.5030517578125	 468.5955505371094	 77842.203125
39971856.0	 302.083740234375	 460.2799377441406	 73579.9609375
39971948.0	 301.73468017578125	 461.8392639160156	 71485.9765625
39972036.0	 301.6762390136719	 460.97662353515625	 73092.8828125
39972120.0	 301.9165954589844	 459.4338684082031	 73805.34375
39972212.0	 302.77825927734375	 459.05126953125	 72883.8046875
39972300.0	 301.58966064453125	 460.43206787109375	 76096.2109375
39972388.0	 301.1785583496094	 458.30218505859375	 77340.578125
39972476.0	 301.8231506347656	 454.7592468261719	 72542.7578125
39972568.0	 301.720703125	 454.60443115234375	 71543.9609375
39972656.0	 301.5323791503906	 459.06134033203125	 74859.6171875
39972744.0	 302.02838134765625	 459.01141357421875	 73068.1640625
39972836.0	 302.0306701660156	 453.510986328125	 70352.4453125
39972924.0	 301.4441833496094	 461.8178405761719	 75272.609375
39973012.0	 302.4473571777344	 453.3629455566406	 69373.9921875
39973100.0	 301.46490478515625	 457.68109130859375	 74851.0546875
39973188.0	 301.0262145996094	 452.3885803222656	 72662.9375
39973276.0	 301.4219055175781	 459.5601806640625	 73061.71875
39973364.0	 301.23956298828125	 454.00146484375	 70326.8515625
39973456.0	 302.125244140625	 459.3844299316406	 69729.578125
39973544.0	 301.5505065917969	 464.9573974609375	 75386.453125
39973632.0	 301.0679626464844	 456.4585266113281	 74005.75
39973724.0	 301.27276611328125	 456.97808837890625	 74645.0390625
39973812.0	 301.09674072265625	 462.4407653808594	 74088.4765625
39973900.0	 301.40185546875	 462.56646728515625	 72544.3046875
39973992.0	 301.2322998046875	 461.99566650390625	 71037.9375
39974076.0	 301.165771484375	 460.9041442871094	 72870.5078125
39974164.0	 300.99346923828125	 466.82916259765625	 75302.203125
39974252.0	 301.5351867675781	 468.967529296875	 71136.375
39974432.0	 301.5645446777344	 463.7077941894531	 67736.140625
39974520.0	 301.261962890625	 464.4566345214844	 71033.015625
39974608.0	 300.871826171875	 469.0329284667969	 74983.9921875
39974700.0	 301.6943664550781	 460.51593017578125	 70101.8828125
39974788.0	 301.88507080078125	 461.4525451660156	 68885.8671875
39974876.0	 301.86474609375	 461.4083557128906	 70572.203125
39974968.0	 301.75616455078125	 461.0262451171875	 70008.8984375
39975052.0	 301.99407958984375	 462.0695495605469	 70323.3515625
39975144.0	 301.3836669921875	 464.2633361816406	 71532.328125
39975232.0	 301.770751953125	 467.3968505859375	 74016.28125
39975320.0	 301.97528076171875	 457.52252197265625	 68672.796875
39975412.0	 301.0932922363281	 465.36566162109375	 73808.1640625
39975500.0	 301.8017578125	 462.89056396484375	 71706.953125
39975588.0	 301.5000305175781	 468.86767578125	 74157.3125
39975680.0	 301.62677001953125	 463.8433532714844	 71194.9453125
39975768.0	 301.9117431640625	 462.12237548828125	 69439.453125
39975856.0	 301.5492858886719	 461.7523498535156	 71199.703125
39975948.0	 301.77685546875	 462.0528869628906	 70227.2265625
39976028.0	 301.9725036621094	 459.25787353515625	 69886.2421875
39976120.0	 301.1676330566406	 464.0814208984375	 74791.40625
39976208.0	 301.9736022949219	 460.8244934082031	 71845.0546875
39976300.0	 301.7760925292969	 468.7491149902344	 72005.78125
39976388.0	 301.7185974121094	 463.4681091308594	 71584.0625
39976476.0	 302.2926025390625	 456.50347900390625	 69180.9609375
39976564.0	 301.8316650390625	 463.01556396484375	 72486.875
39976656.0	 302.080322265625	 457.4100341796875	 68916.375
39976744.0	 301.9820251464844	 461.72064208984375	 69045.328125
39976832.0	 302.5814514160156	 453.1128234863281	 66579.3828125
39976924.0	 301.4903564453125	 459.63238525390625	 70968.7265625
39977008.0	 301.4728088378906	 460.6451110839844	 71454.734375
39977096.0	 301.2112731933594	 464.6040344238281	 73659.4140625
39977188.0	 301.8321533203125	 458.6121520996094	 68736.8359375
39977368.0	 302.3356628417969	 454.6203918457031	 65716.234375
39977456.0	 301.9670715332031	 455.2294921875	 68409.6640625
39977544.0	 301.3873596191406	 461.5685119628906	 70184.2734375
39977632.0	 301.297119140625	 462.3453063964844	 70058.3671875
39977724.0	 301.2217712402344	 464.2423400878906	 71545.234375
39977812.0	 301.7644348144531	 457.2947082519531	 67284.9453125
39977900.0	 301.5130310058594	 457.3822021484375	 70412.6328125
39977984.0	 301.7375183105469	 462.6092224121094	 70991.640625
39978076.0	 300.8965759277344	 466.0929870605469	 72671.625
39978164.0	 301.5405578613281	 461.8183288574219	 71059.8828125
39978252.0	 301.1617431640625	 465.20098876953125	 72412.1640625
39978344.0	 300.7434997558594	 465.859619140625	 72795.8671875
39978432.0	 301.3052673339844	 465.5050048828125	 71349.3359375
39978520.0	 301.6408386230469	 459.6315002441406	 70015.765625
39978612.0	 300.8222961425781	 470.8470764160156	 75055.40625
39978700.0	 301.388427734375	 458.5694274902344	 70449.8203125
39978788.0	 300.74505615234375	 466.7424011230469	 75006.203125
39978880.0	 300.6051330566406	 465.695068359375	 74505.8671875
39978964.0	 301.13238525390625	 463.5367736816406	 72690.671875
39979052.0	 301.4104309082031	 462.8319091796875	 70192.1484375
39979140.0	 300.9035949707031	 464.8096923828125	 71668.453125
39979228.0	 302.00592041015625	 451.2884216308594	 68586.015625
39979320.0	 301.3371887207031	 459.1238708496094	 72744.6640625
39979412.0	 301.65057373046875	 457.55267333984375	 68434.4609375
39979500.0	 301.97979736328125	 461.10211181640625	 70141.140625
39979588.0	 300.744140625	 468.154541015625	 74457.6953125
39979676.0	 301.70098876953125	 459.798095703125	 68575.0703125
39979768.0	 301.7749328613281	 459.4281311035156	 72277.390625
39979852.0	 301.4311828613281	 456.6353759765625	 69294.046875
39979940.0	 300.7882385253906	 461.1340026855469	 76289.5
39980032.0	 301.01513671875	 464.2928771972656	 74798.8203125
39980120.0	 302.81866455078125	 453.8579406738281	 67814.4375
39980300.0	 302.2265930175781	 453.20208740234375	 68678.546875
39980388.0	 301.47174072265625	 460.983642578125	 74593.7578125
39980476.0	 302.1479797363281	 459.7188720703125	 71619.4140625
39980564.0	 301.1622314453125	 466.2696533203125	 76740.5
39980656.0	 301.0547180175781	 463.1929626464844	 75543.7734375
39980744.0	 300.56365966796875	 462.0863037109375	 73986.296875
39980828.0	 301.4165954589844	 452.7749328613281	 68932.4296875
39980920.0	 301.1455993652344	 459.35089111328125	 72948.0625
39981008.0	 300.6791687011719	 455.247314453125	 69936.109375
39981096.0	 299.4581298828125	 458.5669860839844	 76021.6171875
39981184.0	 300.2823791503906	 456.7113342285156	 69958.109375
39981276.0	 300.03948974609375	 454.6475524902344	 71622.03125
39981364.0	 300.0376892089844	 460.667236328125	 74133.2734375
39981452.0	 300.5392761230469	 462.12213134765625	 73130.2421875
39981544.0	 300.9820556640625	 460.09844970703125	 73065.359375
39981632.0	 300.8282165527344	 458.34832763671875	 71988.6640625
39981720.0	 301.14361572265625	 461.3707580566406	 72681.71875
39981808.0	 301.26226806640625	 458.1762390136719	 74415.359375
39981896.0	 301.35650634765625	 456.3747863769531	 74326.3046875
39981984.0	 301.42034912109375	 457.9798278808594	 72454.3046875
39982076.0	 302.0370788574219	 451.5862731933594	 71762.921875
39982164.0	 301.5000915527344	 453.8880615234375	 71224.7265625
39982256.0	 301.9664001464844	 450.7087707519531	 71653.8828125
39982340.0	 301.8057556152344	 453.6042175292969	 70346.046875
39982432.0	 301.5285949707031	 457.7274475097656	 73913.5546875
39982520.0	 300.73828125	 459.7834167480469	 76214.796875
39982612.0	 301.7556457519531	 459.35479736328125	 73519.484375
39982696.0	 302.4984130859375	 460.9084777832031	 75059.890625
39982784.0	 303.3221435546875	 453.8824462890625	 73499.484375
39982872.0	 303.33013916015625	 459.9653625488281	 75106.703125
39982964.0	 302.9867248535156	 457.10150146484375	 75561.2109375
39983052.0	 303.34906005859375	 456.2012939453125	 74252.125
39983232.0	 303.7201843261719	 447.5806884765625	 68910.5234375
39983320.0	 302.61175537109375	 461.7207336425781	 78457.203125
39983408.0	 302.8616943359375	 459.6341552734375	 77128.21875
39983496.0	 302.0338134765625	 462.94281005859375	 79059.3515625
39983580.0	 302.49896240234375	 458.4457092285156	 76339.625
39983672.0	 302.7295227050781	 461.753173828125	 75908.890625
39983764.0	 303.7916564941406	 453.972412109375	 74665.2734375
39983852.0	 303.7658386230469	 457.1543884277344	 75050.140625
39983940.0	 303.1412658691406	 457.07403564453125	 76503.5
39984032.0	 303.5315246582031	 453.5453796386719	 73760.765625
39984120.0	 303.4032287597656	 458.4561462402344	 75482.7109375
39984208.0	 302.9179382324219	 460.8264465332031	 76921.703125
39984296.0	 303.8779296875	 456.130615234375	 74675.5546875
39984388.0	 303.0086364746094	 465.30657958984375	 76860.0703125
39984472.0	 302.0032653808594	 463.27752685546875	 79170.1328125
39984560.0	 302.29656982421875	 459.2359924316406	 77320.1484375
39984652.0	 302.427001953125	 460.2465515136719	 77382.2734375
39984740.0	 301.5565185546875	 462.1809387207031	 79144.0625
39984828.0	 301.9820556640625	 454.8149108886719	 75703.828125
39984916.0	 301.9385070800781	 457.2961120605469	 75969.1328125
39985008.0	 300.55291748046875	 463.9257507324219	 79665.890625
39985096.0	 302.2857666015625	 458.37640380859375	 74328.453125
39985184.0	 301.40435791015625	 458.922119140625	 77697.2890625
39985272.0	 301.73321533203125	 464.4999084472656	 77860.140625
39985364.0	 302.67529296875	 454.1600036621094	 76052.9296875
39985448.0	 301.844482421875	 460.224609375	 78660.5859375
39985540.0	 301.28759765625	 458.6442565917969	 80841.5
39985628.0	 302.23651123046875	 460.6099853515625	 77045.921875
39985716.0	 301.04644775390625	 458.8590393066406	 79797.78125
39985804.0	 300.9986267089844	 459.28118896484375	 75774.6953125
39985896.0	 300.9580078125	 455.64666748046875	 75264.9296875
39985984.0	 300.98590087890625	 460.0440979003906	 78343.75
39986164.0	 298.7203674316406	 450.40667724609375	 75344.1328125
39986252.0	 298.85797119140625	 445.4466552734375	 75441.6171875
39986340.0	 296.2876281738281	 445.77362060546875	 73686.9140625
39986428.0	 295.4576721191406	 434.14508056640625	 71018.6875
39986516.0	 293.7319030761719	 442.517578125	 74961.203125
39986608.0	 295.5487365722656	 433.6840515136719	 69662.0546875
39986696.0	 294.598388671875	 447.02587890625	 73858.078125
39986784.0	 293.2132873535156	 436.394287109375	 71153.3046875
39986872.0	 295.7639465332031	 438.5083312988281	 71235.59375
39986964.0	 294.9138488769531	 450.7597351074219	 72408.6796875
39987052.0	 294.4845886230469	 438.45855712890625	 71365.5625
39987140.0	 296.432373046875	 448.85809326171875	 74403.7421875
39987228.0	 296.5632019042969	 447.4639892578125	 77021.71875
39987316.0	 297.08721923828125	 444.068359375	 72206.4609375
39987404.0	 295.85101318359375	 429.23907470703125	 70786.8203125
39987496.0	 294.1853942871094	 442.3934631347656	 74444.1015625
39987584.0	 296.5731506347656	 448.4144287109375	 74101.078125
39987672.0	 292.8505554199219	 433.26336669921875	 70061.8984375
39987760.0	 292.7710876464844	 434.6673583984375	 70986.0078125
39987848.0	 291.8278503417969	 427.07122802734375	 68051.3828125
39987940.0	 293.3819580078125	 437.3204650878906	 70619.2890625
39988028.0	 293.09271240234375	 430.0224914550781	 69982.546875
39988116.0	 293.7535400390625	 435.0392761230469	 69155.96875
39988204.0	 292.5201416015625	 441.73651123046875	 71851.578125
39988296.0	 294.0411682128906	 440.48895263671875	 76513.9765625
39988384.0	 295.2143859863281	 451.0050964355469	 74823.7734375
39988472.0	 295.3853759765625	 438.90386962890625	 70837.125
39988560.0	 297.1956481933594	 445.4801940917969	 74135.484375
39988652.0	 298.56103515625	 455.9847106933594	 79030.453125
39988740.0	 299.1380310058594	 449.14935302734375	 74726.453125
39988828.0	 299.032470703125	 461.115966796875	 80217.4453125
39988920.0	 300.7596130371094	 469.3385314941406	 85681.9453125
39989092.0	 302.8929748535156	 447.69427490234375	 72997.15625
39989184.0	 300.6974182128906	 466.5423278808594	 82210.703125
39989272.0	 301.5091247558594	 455.5411376953125	 77695.1953125
39989360.0	 301.15399169921875	 474.2121276855469	 80989.6953125
39989448.0	 301.6392822265625	 456.5834045410156	 78803.0625
39989540.0	 300.74200439453125	 460.1475524902344	 79734.828125
39989628.0	 301.66046142578125	 460.7730407714844	 79509.7890625
39989716.0	 300.9892883300781	 464.7337646484375	 82942.125
39989808.0	 301.46630859375	 463.28857421875	 80816.7109375
39989892.0	 301.2665100097656	 457.48126220703125	 76476.9140625
39989980.0	 301.5442810058594	 457.5609130859375	 76204.15625
39990072.0	 300.9560852050781	 460.77996826171875	 79808.4296875
39990160.0	 300.6987609863281	 462.8757019042969	 82207.1484375
39990252.0	 296.3762512207031	 430.614501953125	 76007.9296875
39990340.0	 289.1568908691406	 404.649169921875	 70628.546875
39990428.0	 286.99993896484375	 399.4002380371094	 69400.9453125
39990520.0	 284.8837890625	 401.29656982421875	 70601.078125
39990608.0	 285.1053771972656	 405.1459655761719	 68155.234375
39990696.0	 285.66864013671875	 413.5462951660156	 70274.4296875
39990780.0	 285.68548583984375	 412.8135681152344	 68489.046875
39990868.0	 284.7212219238281	 410.829345703125	 70379.5546875
39990960.0	 284.9908142089844	 417.18267822265625	 76155.0703125
39991048.0	 284.7080078125	 395.3548889160156	 67788.203125
39991136.0	 284.17340087890625	 391.9582824707031	 59514.81640625
39991228.0	 283.14581298828125	 383.83544921875	 59841.94140625
39991316.0	 282.36016845703125	 396.9099426269531	 62539.69921875
39991404.0	 283.53814697265625	 396.0003662109375	 60853.765625
39991496.0	 282.708984375	 406.8533935546875	 67944.65625
39991580.0	 282.63665771484375	 391.7975158691406	 59571.7734375
39991668.0	 281.6063232421875	 389.125732421875	 62286.03125
39991760.0	 283.09326171875	 386.3292236328125	 57099.51171875
39991844.0	 282.18695068359375	 391.52581787109375	 59906.53125
39992024.0	 282.7194519042969	 375.2029113769531	 51839.2890625
39992116.0	 282.0515441894531	 389.1708984375	 62936.1953125
39992204.0	 281.9974670410156	 390.6869201660156	 62252.1015625
39992292.0	 282.93585205078125	 392.99188232421875	 60550.54296875
39992384.0	 282.8167724609375	 389.9773254394531	 61136.25390625
39992468.0	 280.7340393066406	 385.9869079589844	 59662.37890625
39992560.0	 281.8821716308594	 380.5655822753906	 60255.64453125
39992648.0	 283.8731994628906	 414.7270202636719	 68725.5
39992736.0	 287.6195373535156	 409.8651428222656	 72290.875
39992828.0	 291.79296875	 444.9384460449219	 81201.4453125
39992916.0	 286.3202819824219	 407.38299560546875	 67952.6796875
39993004.0	 289.5199890136719	 447.67681884765625	 83451.2890625
39993092.0	 297.8218994140625	 471.2190856933594	 79750.34375
39993184.0	 299.68011474609375	 468.8949890136719	 80610.3046875
39993272.0	 301.2033996582031	 463.00799560546875	 78430.9921875
39993356.0	 300.2493591308594	 473.17559814453125	 83844.578125
39993444.0	 300.761962890625	 467.4040832519531	 81169.5
39993536.0	 301.5765075683594	 470.2583923339844	 78720.578125
39993624.0	 301.6980895996094	 469.0059814453125	 80804.4921875
39993716.0	 302.0362854003906	 461.5265808105469	 79819.15625
39993804.0	 301.69140625	 464.02532958984375	 81977.578125
39993892.0	 301.9975280761719	 469.0351257324219	 81301.7265625
39993980.0	 301.58367919921875	 468.6884460449219	 83363.953125
39994072.0	 301.58843994140625	 468.267333984375	 80993.0703125
39994156.0	 303.0982360839844	 461.3412170410156	 78792.90625
39994244.0	 302.28729248046875	 460.0418395996094	 78272.78125
39994336.0	 302.197998046875	 464.9275207519531	 79363.96875
39994424.0	 301.5891418457031	 469.50091552734375	 84856.265625
39994512.0	 302.5789794921875	 458.730712890625	 79490.2578125
39994604.0	 301.4499206542969	 469.0788879394531	 84591.578125
39994692.0	 301.2077331542969	 469.4826965332031	 82052.390625
39994784.0	 302.53057861328125	 458.0906066894531	 81302.703125
39994960.0	 301.3996887207031	 452.5826721191406	 82175.3984375
39995044.0	 300.5923156738281	 466.52099609375	 88033.75
39995136.0	 300.8188171386719	 463.4228515625	 81662.140625
39995224.0	 300.3839416503906	 448.7510681152344	 80352.9375
39995312.0	 298.6735534667969	 463.27947998046875	 81957.6875
39995404.0	 297.2115783691406	 439.84375	 82127.9921875
39995492.0	 294.8697509765625	 457.1641540527344	 85060.328125
39995580.0	 294.1229248046875	 431.1285400390625	 78142.046875
39995668.0	 287.71148681640625	 430.12359619140625	 84616.28125
39995760.0	 288.166015625	 421.88671875	 83584.7890625
39995844.0	 284.9486389160156	 413.089111328125	 71489.671875
39995932.0	 281.8746337890625	 419.9141845703125	 76451.734375
39996024.0	 282.104736328125	 416.6817321777344	 73210.140625
39996112.0	 283.2886962890625	 414.58612060546875	 74551.453125
39996200.0	 282.2379455566406	 421.1117248535156	 72480.8828125
39996292.0	 282.3030700683594	 418.97088623046875	 72992.296875
39996380.0	 282.8375549316406	 409.8086853027344	 68336.5546875
39996468.0	 283.2765808105469	 404.85955810546875	 69674.765625
39996556.0	 284.57513427734375	 422.2431335449219	 76045.1875
39996648.0	 283.1551513671875	 415.4815979003906	 71432.625
39996732.0	 284.9608154296875	 408.0227355957031	 67445.484375
39996824.0	 285.127197265625	 401.668701171875	 67020.0625
39996912.0	 285.414794921875	 398.31085205078125	 68355.5
39997000.0	 283.8896789550781	 415.2368469238281	 71028.65625
39997088.0	 283.5894775390625	 420.52996826171875	 74487.015625
39997180.0	 284.10443115234375	 401.4249572753906	 68528.0078125
39997268.0	 285.3955078125	 409.9444885253906	 68534.1328125
39997356.0	 286.1621398925781	 413.0352478027344	 66042.796875
39997448.0	 285.2803039550781	 417.64166259765625	 77031.5703125
39997532.0	 284.01019287109375	 395.81024169921875	 67854.859375
39997624.0	 279.5975036621094	 389.24395751953125	 64833.078125
39997708.0	 277.17877197265625	 386.542724609375	 61828.12890625
39997888.0	 275.6380920410156	 385.5024108886719	 58474.9375
39997980.0	 278.1912841796875	 390.4061584472656	 57424.33984375
39998068.0	 279.0668029785156	 382.93377685546875	 53647.81640625
39998156.0	 280.3778991699219	 403.1771240234375	 65072.82421875
39998244.0	 281.2629089355469	 402.5588684082031	 67451.3671875
39998332.0	 279.7043762207031	 384.5953063964844	 58670.5859375
39998420.0	 283.87530517578125	 407.6431579589844	 69837.7890625
39998512.0	 280.411376953125	 393.2366027832031	 59833.48828125
39998600.0	 280.84246826171875	 395.2836608886719	 58297.453125
39998688.0	 281.0855712890625	 399.54766845703125	 60784.7890625
39998776.0	 280.685302734375	 395.98345947265625	 56683.0234375
39998864.0	 279.1426696777344	 391.9013977050781	 57579.5625
39998960.0	 279.6026611328125	 386.8580017089844	 56469.94140625
39999048.0	 279.214599609375	 392.3680419921875	 58622.70703125
39999136.0	 279.3473815917969	 393.37835693359375	 63064.640625
39999220.0	 280.94671630859375	 391.0024719238281	 60191.62890625
39999312.0	 281.89031982421875	 398.2146911621094	 63811.9453125
39999400.0	 281.90850830078125	 393.6322937011719	 63489.14453125
39999488.0	 280.46429443359375	 398.2803649902344	 61899.10546875
39999576.0	 281.33282470703125	 390.2727966308594	 62791.0703125
39999668.0	 281.0596008300781	 397.56219482421875	 64721.51171875
39999756.0	 283.6785583496094	 419.3587341308594	 75574.9140625
39999844.0	 286.57891845703125	 424.6046447753906	 80630.8671875
39999936.0	 286.3768615722656	 434.11102294921875	 78860.734375
40000020.0	 286.2228698730469	 440.30706787109375	 81941.7421875
40000108.0	 282.3492126464844	 408.9910888671875	 73210.7734375
40000200.0	 284.3492431640625	 407.51385498046875	 68642.9375
40000288.0	 285.9572448730469	 417.4967956542969	 75639.921875
40000376.0	 284.2562255859375	 411.250244140625	 69794.8125
40000464.0	 284.0448303222656	 420.4341735839844	 75239.125
40000556.0	 285.3494873046875	 418.59033203125	 69514.4375
40000644.0	 281.59600830078125	 404.97503662109375	 63576.29296875
40000820.0	 281.9707336425781	 393.09051513671875	 59611.90625
40000908.0	 280.8492431640625	 405.49114990234375	 64578.12890625
40000996.0	 282.18878173828125	 407.032470703125	 64730.41015625
40001088.0	 282.03802490234375	 401.5443420410156	 61950.20703125
40001176.0	 282.3931579589844	 408.7190856933594	 66275.765625
40001268.0	 282.0220642089844	 414.7235107421875	 70133.5546875
40001356.0	 280.6529541015625	 401.9765625	 65406.16796875
40001444.0	 281.2926940917969	 406.0887756347656	 65083.86328125
40001532.0	 281.82354736328125	 401.9275207519531	 62382.7265625
40001620.0	 280.6003723144531	 404.9363098144531	 61730.734375
40001708.0	 280.99822998046875	 401.17169189453125	 61790.515625
40001796.0	 283.6960754394531	 426.031005859375	 71617.0859375
40001888.0	 282.30035400390625	 406.4252014160156	 67795.953125
40001976.0	 282.4732971191406	 415.7174377441406	 67139.9296875
40002064.0	 282.39923095703125	 410.9814758300781	 66711.3203125
40002156.0	 283.7568054199219	 418.0601501464844	 65895.1484375
40002244.0	 284.3175048828125	 405.06231689453125	 62990.44921875
40002332.0	 284.6074523925781	 416.537841796875	 66719.671875
40002416.0	 282.1311340332031	 419.8056945800781	 68418.7109375
40002508.0	 282.2394714355469	 430.15093994140625	 74966.265625
40002596.0	 283.6661376953125	 411.13525390625	 69707.5390625
40002684.0	 284.552734375	 409.7322998046875	 66938.1328125
