START:	 56.700000000000536
END:	 56.80000000000054

r [km]	 vr [km/s]	 np [cm-3]	 T [K]
39446216.0	 296.34381103515625	 519.8992919921875	 65844.6875
39446304.0	 297.19891357421875	 512.2570190429688	 63284.28125
39446396.0	 296.357666015625	 517.054931640625	 65088.93359375
39446484.0	 295.9897766113281	 525.3510131835938	 67266.7265625
39446572.0	 296.7882385253906	 516.8582153320312	 63803.4453125
39446660.0	 296.5386962890625	 519.9343872070312	 64345.3359375
39446752.0	 296.8455810546875	 524.281494140625	 63325.5390625
39446840.0	 296.4454040527344	 518.1934204101562	 65307.30078125
39446928.0	 296.5350341796875	 524.239990234375	 64732.4921875
39447024.0	 296.4954528808594	 525.0498657226562	 66188.7265625
39447108.0	 295.8287353515625	 524.2196044921875	 67456.859375
39447196.0	 296.5231628417969	 514.8330078125	 63903.56640625
39447288.0	 296.3233337402344	 525.7993774414062	 67928.625
39447380.0	 296.6918029785156	 524.39306640625	 67197.703125
39447468.0	 296.6706848144531	 509.6177062988281	 62954.8359375
39447552.0	 296.93829345703125	 519.3048706054688	 63472.359375
39447648.0	 297.0833435058594	 515.4877319335938	 65177.05859375
39447736.0	 295.9404296875	 529.64599609375	 68418.3984375
39447912.0	 297.10601806640625	 504.8473205566406	 61322.86328125
39448004.0	 296.8187561035156	 517.1155395507812	 67161.9375
39448092.0	 296.7940979003906	 519.91748046875	 67561.78125
39448184.0	 296.8538818359375	 511.4039611816406	 64850.1015625
39448268.0	 296.7648010253906	 515.2162475585938	 66326.375
39448360.0	 296.9220886230469	 515.761962890625	 63264.5859375
39448452.0	 296.7030334472656	 512.9677734375	 64213.4765625
39448540.0	 296.4953308105469	 524.021484375	 67043.1328125
39448632.0	 296.7936096191406	 524.0286865234375	 66006.2734375
39448720.0	 297.29766845703125	 513.2918701171875	 63559.0625
39448808.0	 297.2008056640625	 511.1620178222656	 62903.28125
39448896.0	 296.9793395996094	 514.400146484375	 65012.3125
39448988.0	 296.86724853515625	 528.3125610351562	 69221.234375
39449076.0	 296.888916015625	 518.4281616210938	 65282.0234375
39449164.0	 296.99267578125	 520.4832153320312	 65889.171875
39449256.0	 297.1191711425781	 519.8141479492188	 64813.34375
39449344.0	 297.01629638671875	 518.4693603515625	 65727.2890625
39449432.0	 296.5909423828125	 518.6638793945312	 67896.078125
39449520.0	 297.1080627441406	 515.4293212890625	 62739.48046875
39449612.0	 296.9567565917969	 512.9371337890625	 63491.83984375
39449700.0	 296.8484802246094	 520.5751953125	 65604.7578125
39449788.0	 296.9687805175781	 517.47900390625	 63779.84765625
39449884.0	 297.08306884765625	 514.8125610351562	 64920.9375
39449968.0	 296.7648010253906	 521.9083251953125	 66322.9140625
39450060.0	 296.60595703125	 517.5980834960938	 65626.171875
39450144.0	 296.4409484863281	 521.0166015625	 64568.18359375
39450236.0	 296.44415283203125	 522.0061645507812	 67902.7265625
39450328.0	 296.66815185546875	 518.273681640625	 63729.8046875
39450416.0	 296.71710205078125	 518.9578857421875	 63894.30859375
39450508.0	 296.0124206542969	 519.3497924804688	 61143.26953125
39450600.0	 295.6984558105469	 524.3370971679688	 63543.875
39450684.0	 295.74676513671875	 523.3226318359375	 64391.53125
39450864.0	 296.405517578125	 519.1561279296875	 61950.5078125
39450952.0	 296.7708435058594	 517.75341796875	 62958.37890625
39451044.0	 296.5330505371094	 517.5488891601562	 63486.26953125
39451136.0	 296.45123291015625	 513.4144287109375	 63070.265625
39451224.0	 296.4899597167969	 520.0784912109375	 63808.26171875
39451312.0	 296.6387023925781	 517.3432006835938	 62651.73828125
39451396.0	 296.7628173828125	 517.3035888671875	 62364.8046875
39451492.0	 295.98406982421875	 519.6676635742188	 65317.73046875
39451580.0	 296.3833923339844	 524.131591796875	 63249.3359375
39451668.0	 296.0284729003906	 524.418701171875	 64816.9296875
39451760.0	 296.2477722167969	 520.3242797851562	 64568.9140625
39451848.0	 296.4994201660156	 522.2528686523438	 63293.41796875
39451936.0	 296.8000793457031	 512.6878662109375	 61414.3125
39452024.0	 296.76861572265625	 520.9037475585938	 63100.01953125
39452116.0	 296.5325622558594	 518.5408935546875	 63287.4765625
39452204.0	 296.9566955566406	 515.784912109375	 62150.33203125
39452292.0	 296.5419921875	 521.064453125	 63440.046875
39452384.0	 296.6708068847656	 518.1097412109375	 61852.69921875
39452476.0	 296.6200866699219	 517.48681640625	 64177.41796875
39452560.0	 296.6177673339844	 520.1762084960938	 63825.94140625
39452648.0	 295.89251708984375	 527.6406860351562	 68507.4140625
39452744.0	 295.7151184082031	 525.6104125976562	 64136.125
39452832.0	 296.4615478515625	 518.81201171875	 61337.86328125
39452920.0	 296.1846618652344	 522.6812133789062	 63366.7890625
39453008.0	 295.9039001464844	 518.568359375	 63627.52734375
39453100.0	 296.64202880859375	 519.8002319335938	 62996.23046875
39453188.0	 296.6061096191406	 519.036376953125	 61851.25390625
39453276.0	 296.55267333984375	 520.7603149414062	 64589.99609375
39453368.0	 296.44525146484375	 517.5708618164062	 63677.29296875
39453456.0	 296.6016540527344	 519.4605102539062	 64653.85546875
39453544.0	 296.6487731933594	 517.7265014648438	 62247.89453125
39453636.0	 296.5028991699219	 518.2968139648438	 62764.0234375
39453812.0	 297.2080993652344	 515.2794799804688	 60209.87109375
39453904.0	 295.5266418457031	 521.706787109375	 63933.859375
39453992.0	 295.5497131347656	 524.30126953125	 63353.11328125
39454084.0	 295.3283996582031	 529.3633422851562	 65231.359375
39454172.0	 296.06439208984375	 520.9735107421875	 63221.74609375
39454260.0	 296.1430358886719	 523.2178955078125	 63888.796875
39454352.0	 295.89947509765625	 526.814453125	 64846.6171875
39454440.0	 295.7718505859375	 521.746826171875	 63520.25390625
39454528.0	 295.5408020019531	 525.1131591796875	 65699.40625
39454620.0	 295.9840087890625	 523.235595703125	 64767.9765625
39454708.0	 295.48162841796875	 527.3396606445312	 65199.05859375
39454796.0	 295.3955383300781	 523.6888427734375	 65678.875
39454884.0	 295.62139892578125	 525.1942138671875	 64658.92578125
39454976.0	 296.2352600097656	 522.2435302734375	 63736.79296875
39455064.0	 295.8050231933594	 521.0706787109375	 65476.3515625
39455152.0	 296.21856689453125	 518.7374877929688	 63764.64453125
39455244.0	 296.4284362792969	 518.3604125976562	 62503.99609375
39455336.0	 296.6031494140625	 519.8839111328125	 64712.3984375
39455424.0	 295.8097839355469	 525.3636474609375	 65758.375
39455512.0	 296.3647766113281	 519.9867553710938	 64876.01953125
39455604.0	 296.03826904296875	 520.96630859375	 64962.7421875
39455692.0	 296.0221862792969	 524.1300048828125	 65507.734375
39455780.0	 295.9551696777344	 514.5526123046875	 63559.87890625
39455868.0	 296.21075439453125	 518.825439453125	 63650.81640625
39455960.0	 296.22882080078125	 521.1329345703125	 64335.15234375
39456052.0	 296.2221984863281	 523.8745727539062	 67379.1015625
39456140.0	 296.7600402832031	 515.142822265625	 64201.0
39456232.0	 296.90753173828125	 516.1749267578125	 62794.08203125
39456320.0	 296.3229675292969	 519.546142578125	 64593.32421875
39456408.0	 295.6877746582031	 527.9337158203125	 66511.5390625
39456492.0	 296.4516296386719	 524.7144775390625	 64932.1796875
39456588.0	 295.8611755371094	 525.0132446289062	 66853.1015625
39456764.0	 296.2283020019531	 518.809814453125	 64130.078125
39456856.0	 296.24163818359375	 523.8917236328125	 65431.59375
39456944.0	 295.7870178222656	 522.032958984375	 65529.97265625
39457032.0	 296.34326171875	 521.0943603515625	 65526.33984375
39457120.0	 296.40087890625	 518.9697265625	 63601.49609375
39457212.0	 296.33197021484375	 527.0722045898438	 65503.421875
39457300.0	 295.83978271484375	 529.0606689453125	 66468.0703125
39457392.0	 296.6553955078125	 514.30859375	 62632.15625
39457476.0	 296.0396728515625	 517.4154663085938	 64524.46875
39457572.0	 296.3024597167969	 517.1604614257812	 64536.984375
39457656.0	 296.1404113769531	 515.2935180664062	 63380.23828125
39457748.0	 295.76702880859375	 523.2673950195312	 65862.0390625
39457840.0	 295.83721923828125	 519.0679321289062	 65529.26171875
39457928.0	 295.8356628417969	 521.7452392578125	 64263.5859375
39458016.0	 295.5185546875	 523.8405151367188	 65877.3203125
39458104.0	 296.2707214355469	 517.468505859375	 62516.8515625
39458196.0	 295.3197326660156	 525.7404174804688	 69554.2890625
39458284.0	 295.7745666503906	 522.7266845703125	 65477.765625
39458372.0	 295.5849304199219	 525.6340942382812	 66857.2890625
39458464.0	 296.68817138671875	 516.2614135742188	 63215.23046875
39458552.0	 296.7515869140625	 514.5006713867188	 62465.80078125
39458640.0	 296.2832336425781	 521.9955444335938	 66065.7734375
39458732.0	 295.76202392578125	 520.9134521484375	 66406.8125
39458824.0	 296.370361328125	 521.5858764648438	 63449.29296875
39458912.0	 296.2991027832031	 516.1436157226562	 62906.21875
39459000.0	 296.1356201171875	 522.8428344726562	 64594.16015625
39459088.0	 296.63458251953125	 519.1566772460938	 63872.125
39459180.0	 296.7481994628906	 514.83935546875	 64120.11328125
39459268.0	 296.1745300292969	 516.9227905273438	 65598.0078125
39459356.0	 296.2194519042969	 525.4579467773438	 65018.2578125
39459448.0	 296.0513610839844	 518.37109375	 64533.28125
39459536.0	 296.1145935058594	 517.4552612304688	 64956.390625
39459712.0	 296.556640625	 517.7091674804688	 62550.2734375
39459804.0	 296.1267395019531	 521.381103515625	 64959.37890625
39459892.0	 296.4740295410156	 516.099365234375	 62972.1953125
39459980.0	 295.875	 521.6469116210938	 64729.421875
39460076.0	 296.1481628417969	 521.6405029296875	 65693.46875
39460164.0	 296.3362731933594	 521.854248046875	 65203.44140625
39460252.0	 296.03729248046875	 521.8584594726562	 64955.5625
39460340.0	 295.1609191894531	 531.040771484375	 68373.46875
39460432.0	 295.55426025390625	 523.2440795898438	 66664.1328125
39460520.0	 295.66192626953125	 523.8489990234375	 67066.875
39460608.0	 295.6136779785156	 524.0014038085938	 66134.90625
39460696.0	 295.2608642578125	 522.20263671875	 64893.2578125
39460792.0	 295.0541687011719	 522.7832641601562	 64781.07421875
39460876.0	 295.01361083984375	 524.352783203125	 66784.328125
39460964.0	 294.781005859375	 528.3077392578125	 66680.03125
39461060.0	 294.9507141113281	 528.4308471679688	 67489.90625
39461144.0	 295.34722900390625	 528.6161499023438	 66279.4375
39461232.0	 295.62548828125	 523.62646484375	 64559.42578125
39461324.0	 295.64886474609375	 518.7453002929688	 64590.94921875
39461416.0	 294.8604736328125	 531.8101196289062	 66124.09375
39461504.0	 295.12261962890625	 528.4965209960938	 65153.17578125
39461592.0	 295.7586975097656	 518.9132690429688	 63829.2890625
39461680.0	 295.2539367675781	 528.4146728515625	 65855.84375
39461772.0	 295.013916015625	 530.759765625	 66717.578125
39461860.0	 295.0118408203125	 525.6557006835938	 67456.78125
39461948.0	 295.25946044921875	 521.8040161132812	 65559.3828125
39462040.0	 294.9300842285156	 527.348388671875	 64286.234375
39462128.0	 295.1728820800781	 526.1376342773438	 65449.3125
39462216.0	 294.86676025390625	 526.3515014648438	 65943.6796875
39462304.0	 295.3492736816406	 525.7288818359375	 65744.09375
39462396.0	 295.0374755859375	 530.1053466796875	 68254.8203125
39462488.0	 295.2840576171875	 520.2742919921875	 64876.91015625
39462664.0	 295.6547546386719	 516.6038818359375	 62556.453125
39462756.0	 294.9056701660156	 527.7044067382812	 67247.0390625
39462844.0	 295.2695007324219	 520.1134033203125	 64522.5078125
39462932.0	 294.8646545410156	 527.154296875	 65023.62109375
39463024.0	 295.3636474609375	 523.8070678710938	 64837.34765625
39463112.0	 295.4195861816406	 523.839599609375	 65325.9765625
39463200.0	 295.5472412109375	 522.2655639648438	 64130.60546875
39463288.0	 295.523681640625	 523.5639038085938	 65901.21875
39463380.0	 295.0462646484375	 523.1250610351562	 65282.81640625
39463472.0	 295.0250244140625	 526.9420776367188	 65865.4140625
39463560.0	 295.5225830078125	 521.1753540039062	 63441.76953125
39463652.0	 295.1153259277344	 520.2930297851562	 64316.0625
39463740.0	 295.4034423828125	 525.3594360351562	 64310.37890625
39463828.0	 295.0791320800781	 519.5436401367188	 64443.72265625
39463912.0	 294.8063049316406	 525.0709838867188	 65830.734375
39464008.0	 294.9748840332031	 525.2048950195312	 65389.6171875
39464096.0	 295.5179138183594	 524.0747680664062	 64431.28125
39464184.0	 295.27532958984375	 522.4425048828125	 64935.609375
39464272.0	 294.99676513671875	 526.1160278320312	 66754.3984375
39464364.0	 295.08648681640625	 525.9190673828125	 64452.8046875
39464452.0	 295.34716796875	 519.8944702148438	 64310.09375
39464540.0	 294.9997863769531	 524.07568359375	 65808.2109375
39464632.0	 295.0814208984375	 519.8506469726562	 65051.5703125
39464720.0	 294.9417724609375	 528.8076171875	 68581.1640625
39464812.0	 295.1112060546875	 519.83984375	 64354.16796875
39464900.0	 294.9408874511719	 524.8968505859375	 66606.078125
39464992.0	 295.2388000488281	 519.4281005859375	 64688.47265625
39465080.0	 295.5994873046875	 520.3204956054688	 64269.0078125
39465168.0	 296.2730407714844	 516.9735717773438	 62866.83203125
39465256.0	 295.9490661621094	 520.3290405273438	 65564.1015625
39465348.0	 295.6405944824219	 517.9122924804688	 65232.39453125
39465436.0	 295.45501708984375	 519.134033203125	 65531.828125
39465616.0	 295.6766052246094	 507.886474609375	 61216.703125
39465704.0	 295.61505126953125	 517.901123046875	 64495.41796875
39465796.0	 295.4936218261719	 519.7958374023438	 66631.9296875
39465880.0	 295.5957336425781	 516.6122436523438	 65023.04296875
39465972.0	 296.0406799316406	 512.5977172851562	 63579.38671875
39466064.0	 295.7248229980469	 517.4951171875	 64500.390625
39466152.0	 295.9136047363281	 511.02001953125	 63069.12890625
39466240.0	 295.52325439453125	 518.220947265625	 64896.890625
39466332.0	 295.7446594238281	 520.2689208984375	 64963.04296875
39466420.0	 296.1695556640625	 513.3330688476562	 61835.234375
39466508.0	 295.65966796875	 515.9585571289062	 64702.55078125
39466600.0	 295.3363037109375	 519.2991943359375	 64478.99609375
39466688.0	 295.36834716796875	 515.1254272460938	 62272.765625
39466776.0	 295.73284912109375	 515.1239013671875	 62273.6171875
39466864.0	 295.66265869140625	 511.101318359375	 61357.80859375
39466956.0	 295.8034362792969	 513.5741577148438	 63084.98046875
39467044.0	 295.4449768066406	 515.2050170898438	 64312.32421875
39467132.0	 295.697021484375	 513.17822265625	 63490.55078125
39467224.0	 295.3111267089844	 511.8467102050781	 63004.4453125
39467316.0	 295.59857177734375	 516.7034301757812	 64181.55078125
39467404.0	 296.0030517578125	 511.2335510253906	 63386.5078125
39467492.0	 295.4592590332031	 520.0902099609375	 66383.375
39467580.0	 295.4560241699219	 509.443603515625	 61526.953125
39467672.0	 295.65216064453125	 516.225341796875	 64768.04296875
39467760.0	 295.8886413574219	 512.6704711914062	 63272.62109375
39467848.0	 296.030517578125	 512.0332641601562	 64489.10546875
39467940.0	 295.3984680175781	 519.3472900390625	 66315.828125
39468028.0	 295.5174255371094	 512.7562255859375	 63058.46875
39468116.0	 295.3177490234375	 512.06884765625	 62880.3671875
39468204.0	 295.4570007324219	 516.1280517578125	 63194.43359375
39468296.0	 295.4571838378906	 517.0012817382812	 63486.8359375
39468388.0	 295.7111511230469	 517.0853271484375	 64047.25
39468564.0	 295.83111572265625	 515.3720703125	 63065.87890625
39468656.0	 296.6018371582031	 514.0264282226562	 66039.6171875
39468744.0	 296.9400634765625	 507.2552795410156	 64731.15234375
39468832.0	 296.25567626953125	 514.1839599609375	 66835.3671875
39468924.0	 296.7557067871094	 512.271484375	 64991.05859375
39469012.0	 296.3428649902344	 514.7969360351562	 65741.9921875
39469100.0	 296.762939453125	 511.1860046386719	 66919.5078125
39469188.0	 296.5700378417969	 512.3870239257812	 65766.28125
39469280.0	 296.7468566894531	 511.4902648925781	 66416.6953125
39469368.0	 296.84619140625	 512.86669921875	 67236.9375
39469456.0	 297.1304626464844	 510.5249938964844	 65712.6953125
39469544.0	 296.8702087402344	 511.67962646484375	 67035.5625
39469640.0	 297.368408203125	 510.8285827636719	 64936.46484375
39469728.0	 296.9560241699219	 514.7755126953125	 66523.375
39469816.0	 297.0655212402344	 506.95013427734375	 64643.703125
39469908.0	 296.73809814453125	 509.6309509277344	 65872.7265625
39469996.0	 297.2599182128906	 502.9953918457031	 65920.96875
39470084.0	 296.8782653808594	 508.43890380859375	 65713.5625
39470172.0	 297.32391357421875	 506.7916259765625	 65226.41796875
39470264.0	 297.490234375	 509.9223327636719	 67048.1640625
39470352.0	 297.73773193359375	 511.4786071777344	 64430.390625
39470440.0	 298.24163818359375	 502.7616271972656	 63240.125
39470532.0	 298.20086669921875	 501.4631652832031	 63439.8046875
39470620.0	 297.6224365234375	 507.8265686035156	 66200.6875
39470712.0	 298.43017578125	 507.6996154785156	 64793.54296875
39470800.0	 298.2332458496094	 503.2317199707031	 65434.23828125
39470888.0	 297.8028869628906	 499.567138671875	 65420.1875
39470976.0	 298.1542663574219	 498.54510498046875	 63232.79296875
39471068.0	 298.1205749511719	 510.4881286621094	 64362.47265625
39471156.0	 298.6073303222656	 496.90618896484375	 63326.00390625
39471248.0	 298.039794921875	 500.6646423339844	 64398.67578125
39471336.0	 298.1849365234375	 501.6025085449219	 64468.33203125
39471512.0	 298.21234130859375	 495.7895202636719	 61251.375
39471604.0	 297.539306640625	 507.1165466308594	 65000.5234375
39471692.0	 298.37420654296875	 507.5169677734375	 64359.28125
39471780.0	 298.05224609375	 511.5272216796875	 64466.33984375
39471868.0	 297.3478698730469	 513.6666870117188	 67574.1875
39471960.0	 298.1214904785156	 508.8499450683594	 64032.4296875
39472052.0	 297.9532165527344	 507.019775390625	 64668.0859375
39472140.0	 297.9009704589844	 503.4853210449219	 63734.60546875
39472228.0	 298.4310607910156	 504.07122802734375	 62527.76171875
39472320.0	 298.37689208984375	 506.442138671875	 64796.15625
39472408.0	 298.5257873535156	 507.1909484863281	 64405.70703125
39472496.0	 298.33013916015625	 508.23077392578125	 65637.65625
39472588.0	 298.2116394042969	 507.22021484375	 65557.3125
39472676.0	 298.76702880859375	 506.6185302734375	 64883.140625
39472764.0	 298.65771484375	 504.41644287109375	 65147.484375
39472856.0	 298.342041015625	 503.37200927734375	 65541.515625
39472948.0	 298.3778381347656	 508.7323913574219	 66975.359375
39473036.0	 299.071533203125	 503.64874267578125	 66131.0
39473124.0	 299.2579345703125	 504.3523254394531	 66792.40625
39473212.0	 299.53131103515625	 503.0816955566406	 65626.6015625
39473304.0	 299.39093017578125	 499.94415283203125	 64135.94921875
39473392.0	 299.44744873046875	 502.3105163574219	 63543.18359375
39473480.0	 299.0245056152344	 497.96337890625	 64743.24609375
39473568.0	 298.092529296875	 508.46209716796875	 64292.703125
39473660.0	 298.103759765625	 499.81024169921875	 63191.3046875
39473748.0	 297.3957824707031	 508.3743896484375	 65187.91796875
39473836.0	 297.9417419433594	 509.533203125	 64399.1328125
39473928.0	 298.4642639160156	 499.5882263183594	 62512.51953125
39474016.0	 298.068359375	 510.84326171875	 66368.7265625
39474104.0	 298.1708679199219	 507.5859069824219	 64751.6640625
39474192.0	 298.3236999511719	 503.324951171875	 63502.14453125
39474284.0	 298.27227783203125	 506.88189697265625	 63743.5234375
39474464.0	 298.26251220703125	 503.7590637207031	 63367.21484375
39474552.0	 298.17535400390625	 512.1260375976562	 64367.609375
39474644.0	 298.2579040527344	 504.34417724609375	 63983.81640625
39474732.0	 297.90966796875	 510.3398742675781	 66365.609375
39474820.0	 297.8265380859375	 507.8800354003906	 66653.6484375
39474908.0	 298.4960632324219	 507.4913635253906	 64002.35546875
39475000.0	 298.4512634277344	 507.4283142089844	 65613.4140625
39475088.0	 298.8151550292969	 503.3603210449219	 63522.140625
39475180.0	 298.7015075683594	 502.51458740234375	 64649.421875
39475272.0	 298.1774597167969	 505.69586181640625	 64764.75390625
39475360.0	 298.1573791503906	 506.1391296386719	 63850.50390625
39475448.0	 298.2901916503906	 508.45361328125	 64295.65625
39475536.0	 298.04534912109375	 512.373046875	 65475.50390625
39475628.0	 298.0813903808594	 507.3413391113281	 63907.8203125
39475716.0	 298.565185546875	 506.5850524902344	 64165.80078125
39475804.0	 298.2958679199219	 505.834716796875	 64855.265625
39475892.0	 298.3617248535156	 506.4490051269531	 64537.36328125
39475984.0	 298.1973571777344	 505.4627685546875	 65868.875
39476072.0	 298.1716613769531	 505.9007873535156	 65786.3203125
39476160.0	 298.1122131347656	 511.5450744628906	 64099.26171875
39476248.0	 298.73858642578125	 504.43988037109375	 63646.984375
39476340.0	 297.92755126953125	 510.4500732421875	 64235.49609375
39476432.0	 297.9864807128906	 511.39276123046875	 67688.3515625
39476516.0	 298.80084228515625	 500.8033752441406	 63340.1796875
39476608.0	 298.0276794433594	 509.4949035644531	 63511.00390625
39476700.0	 298.15716552734375	 510.2623596191406	 66812.0625
39476788.0	 298.4638977050781	 509.2696838378906	 66567.5625
39476876.0	 298.99755859375	 499.67291259765625	 62190.484375
39476972.0	 298.4702453613281	 506.3637390136719	 65316.3984375
39477056.0	 298.4128112792969	 504.6719055175781	 62233.34375
39477144.0	 297.5793151855469	 504.92852783203125	 64196.39453125
39477236.0	 297.2107238769531	 508.3566589355469	 63050.90625
39477412.0	 297.7988586425781	 503.8718566894531	 61413.69140625
39477504.0	 297.90740966796875	 504.5422058105469	 64085.9921875
39477592.0	 297.83807373046875	 507.39306640625	 66226.1875
39477684.0	 299.0958251953125	 502.2698059082031	 64339.26953125
39477772.0	 298.60577392578125	 503.5641784667969	 63972.0234375
39477860.0	 298.2292175292969	 506.2942199707031	 64189.4453125
39477948.0	 298.44354248046875	 503.9430847167969	 63536.0234375
39478040.0	 297.700439453125	 505.4928283691406	 65073.1015625
39478128.0	 298.3914794921875	 505.9534606933594	 65356.0234375
39478216.0	 298.6575012207031	 503.2310485839844	 64191.69921875
39478308.0	 298.4960021972656	 505.6224365234375	 63761.4375
39478396.0	 298.73236083984375	 507.2496643066406	 65519.80859375
39478488.0	 298.66876220703125	 506.7867431640625	 65691.34375
39478576.0	 298.8043212890625	 503.83837890625	 65763.7578125
39478664.0	 298.5750427246094	 505.34521484375	 64017.578125
39478756.0	 298.0151672363281	 504.12091064453125	 63826.2578125
39478844.0	 298.1495361328125	 506.6650390625	 65955.203125
39478932.0	 297.7929992675781	 501.8526306152344	 65087.046875
39479024.0	 297.301513671875	 502.8891906738281	 64691.33984375
39479112.0	 298.1885070800781	 499.66717529296875	 64933.03515625
39479200.0	 298.8105773925781	 494.0693359375	 64864.3125
39479292.0	 299.4671630859375	 499.7359924316406	 65096.6328125
39479384.0	 298.5588684082031	 490.7512512207031	 65933.984375
39479468.0	 297.7958679199219	 498.2213134765625	 66314.0625
39479560.0	 297.7269592285156	 496.6651306152344	 65254.08203125
39479648.0	 297.5107421875	 504.9413757324219	 64777.8828125
39479740.0	 297.3562927246094	 499.2923278808594	 63906.1328125
39479828.0	 297.30352783203125	 501.4759521484375	 63968.28515625
39479916.0	 297.73846435546875	 499.59527587890625	 64609.60546875
39480004.0	 296.62396240234375	 504.51361083984375	 68294.421875
39480096.0	 297.8174133300781	 496.68511962890625	 65576.7578125
39480184.0	 297.3358459472656	 499.8083801269531	 65022.96875
39480364.0	 300.3027648925781	 500.3489990234375	 66692.5546875
39480452.0	 300.0075988769531	 505.08697509765625	 68573.953125
39480540.0	 299.4956359863281	 501.5371398925781	 68860.25
39480628.0	 299.68695068359375	 499.1737976074219	 67803.6953125
39480720.0	 299.4460754394531	 501.1795349121094	 68493.8203125
39480812.0	 300.04571533203125	 505.5359802246094	 69315.3046875
39480900.0	 299.3374328613281	 513.7487182617188	 72746.796875
39480988.0	 299.0238952636719	 499.32720947265625	 66947.6953125
39481080.0	 299.35186767578125	 504.0254211425781	 70075.046875
39481168.0	 299.6603088378906	 494.69793701171875	 67287.6875
39481256.0	 299.6693420410156	 499.0723876953125	 67165.6484375
39481344.0	 300.3380432128906	 500.63153076171875	 66839.234375
39481436.0	 300.03521728515625	 498.1375732421875	 67704.484375
39481528.0	 300.1101989746094	 501.2100830078125	 68212.1484375
39481616.0	 300.2242736816406	 500.75115966796875	 67534.484375
39481704.0	 299.83099365234375	 497.9119873046875	 68627.8828125
39481796.0	 299.5486145019531	 495.5329895019531	 68071.0234375
39481884.0	 299.53070068359375	 496.03375244140625	 67685.8125
39481972.0	 298.8838195800781	 498.73626708984375	 68856.515625
39482064.0	 298.7479248046875	 501.6909484863281	 68550.4921875
39482152.0	 299.5179138183594	 506.7969055175781	 69772.6484375
39482240.0	 299.9994201660156	 496.61199951171875	 69782.3203125
39482328.0	 299.6668395996094	 498.5673522949219	 69275.84375
39482420.0	 298.23779296875	 475.5213623046875	 66094.2421875
39482508.0	 298.3847351074219	 488.52392578125	 68812.140625
39482600.0	 298.91339111328125	 494.4263610839844	 67473.0546875
39482684.0	 298.6955871582031	 499.38055419921875	 68051.1640625
39482780.0	 297.8897399902344	 502.2905578613281	 69210.828125
39482868.0	 297.75738525390625	 501.41705322265625	 67947.1484375
39482952.0	 297.1247253417969	 503.8689270019531	 70368.1484375
39483040.0	 296.88653564453125	 502.8382568359375	 70289.640625
39483136.0	 296.19073486328125	 506.1883239746094	 70204.1953125
39483312.0	 296.6044616699219	 493.92694091796875	 66266.6796875
39483400.0	 296.8099365234375	 498.51336669921875	 66657.234375
39483492.0	 297.2119445800781	 506.6820983886719	 68594.6015625
39483580.0	 297.724853515625	 499.48345947265625	 66868.0859375
39483668.0	 296.9163818359375	 500.6347351074219	 67806.8671875
39483756.0	 297.4953308105469	 504.6024169921875	 66576.125
39483848.0	 296.4870910644531	 506.88433837890625	 72691.671875
39483940.0	 296.6554260253906	 507.0122375488281	 71123.046875
39484024.0	 297.0043029785156	 508.4302978515625	 73477.7109375
39484116.0	 296.9063415527344	 506.8825378417969	 73096.9140625
39484208.0	 296.8545837402344	 504.21246337890625	 70469.34375
39484296.0	 296.4573669433594	 505.9689025878906	 70754.8359375
39484384.0	 297.3714294433594	 505.32562255859375	 70082.5703125
39484476.0	 297.991943359375	 499.8702392578125	 67845.1953125
39484564.0	 297.6422424316406	 495.4521179199219	 67260.1171875
39484652.0	 296.28009033203125	 504.18353271484375	 71882.0625
39484740.0	 296.8315124511719	 501.9432067871094	 71220.40625
39484832.0	 296.38018798828125	 499.5947265625	 68598.0703125
39484920.0	 296.8231506347656	 497.5938720703125	 69456.3515625
39485012.0	 296.3463134765625	 498.9202575683594	 68776.09375
39485100.0	 296.0112609863281	 499.02117919921875	 70366.046875
39485192.0	 296.5250549316406	 496.66204833984375	 67762.1484375
39485280.0	 296.63134765625	 496.94073486328125	 68744.6171875
39485368.0	 297.0518798828125	 500.3498840332031	 67575.4921875
39485456.0	 297.4651184082031	 503.4971923828125	 69588.703125
39485548.0	 296.50189208984375	 501.1035461425781	 70087.9609375
39485636.0	 296.8904724121094	 499.8782958984375	 69589.9921875
39485724.0	 296.3994140625	 506.2821960449219	 72275.4609375
39485812.0	 296.82623291015625	 500.7101745605469	 69003.8203125
39485904.0	 296.4924621582031	 496.6422424316406	 69771.71875
39485992.0	 297.09405517578125	 497.4983215332031	 66856.640625
39486084.0	 296.916748046875	 501.2504577636719	 69383.2890625
39486264.0	 297.4281921386719	 496.2626647949219	 67089.6171875
39486352.0	 297.2630310058594	 505.68048095703125	 72383.328125
39486440.0	 297.4437255859375	 505.73614501953125	 72191.15625
39486528.0	 297.7239990234375	 506.7014465332031	 71704.9140625
39486620.0	 298.33343505859375	 505.53466796875	 69654.46875
39486708.0	 297.8463439941406	 499.1184997558594	 69258.1875
39486796.0	 298.13055419921875	 500.9671936035156	 70766.40625
39486888.0	 297.8083190917969	 500.26904296875	 71412.609375
39486980.0	 295.9637756347656	 494.17633056640625	 69986.5546875
39487068.0	 296.0638122558594	 496.23944091796875	 70308.21875
39487156.0	 295.8746337890625	 492.8862609863281	 68384.765625
39487244.0	 295.6358947753906	 497.0992736816406	 70038.9765625
39487336.0	 295.791748046875	 492.62152099609375	 67219.359375
39487424.0	 295.8213195800781	 494.0948486328125	 68994.9609375
39487512.0	 295.917724609375	 488.4959411621094	 66816.5546875
39487604.0	 296.5729675292969	 487.1490783691406	 66772.375
39487692.0	 296.1177978515625	 495.2295837402344	 68534.8359375
39487780.0	 298.2167663574219	 503.1701965332031	 70113.4296875
39487868.0	 297.8612976074219	 499.39794921875	 70709.078125
39487960.0	 296.80926513671875	 496.9009704589844	 69386.46875
39488052.0	 296.4710693359375	 501.5257568359375	 71710.3203125
39488136.0	 296.26434326171875	 494.206787109375	 69740.3671875
39488224.0	 296.0911560058594	 492.1156005859375	 70189.296875
39488320.0	 296.8609619140625	 494.55377197265625	 68534.5390625
39488404.0	 296.56561279296875	 495.486328125	 68810.6328125
39488496.0	 296.7560119628906	 492.1184387207031	 66784.9375
39488584.0	 296.7534484863281	 491.560791015625	 66995.78125
39488676.0	 295.9368591308594	 496.9220886230469	 70399.9453125
39488764.0	 296.1830139160156	 487.66522216796875	 66844.671875
39488856.0	 296.0618591308594	 494.44696044921875	 69006.875
39488940.0	 295.4239501953125	 498.3303527832031	 71168.796875
39489036.0	 295.7287292480469	 500.08074951171875	 70674.7734375
39489212.0	 296.8034362792969	 494.2559509277344	 66467.859375
39489296.0	 296.7053527832031	 506.7501220703125	 73116.0078125
39489392.0	 295.8601989746094	 490.65869140625	 68249.53125
39489480.0	 296.7720642089844	 493.33673095703125	 67790.890625
39489568.0	 296.26971435546875	 495.301513671875	 68332.34375
39489656.0	 296.35919189453125	 495.9203796386719	 66638.375
39489748.0	 297.0783996582031	 504.4578857421875	 71012.65625
39489836.0	 296.7114562988281	 504.3214416503906	 71736.9609375
39489924.0	 296.7904052734375	 500.0154724121094	 70935.1171875
39490012.0	 297.26904296875	 496.5495910644531	 71331.796875
39490104.0	 297.6976623535156	 495.9304504394531	 66652.1796875
39490192.0	 296.966552734375	 497.6591491699219	 70824.875
39490280.0	 297.2231140136719	 499.9779357910156	 70403.7578125
39490372.0	 296.9367980957031	 500.0352783203125	 72545.9921875
39490460.0	 296.23785400390625	 507.6297302246094	 74326.328125
39490552.0	 296.7447509765625	 505.4082946777344	 72502.96875
39490640.0	 296.84942626953125	 506.769775390625	 74197.5859375
39490728.0	 297.0982360839844	 497.8700866699219	 71561.7421875
39490820.0	 297.1453857421875	 494.8791809082031	 69709.4296875
39490908.0	 296.2256164550781	 497.9059753417969	 71895.125
39490996.0	 296.7234191894531	 498.5320129394531	 71059.0390625
39491088.0	 296.7530822753906	 494.7012023925781	 69768.765625
39491180.0	 296.19219970703125	 499.6146240234375	 71977.8984375
39491264.0	 296.29766845703125	 499.5532531738281	 71464.0
39491356.0	 296.4005126953125	 502.58306884765625	 72181.8515625
39491444.0	 296.2731628417969	 499.1605529785156	 71065.453125
39491536.0	 296.42059326171875	 502.2593078613281	 72021.7578125
39491624.0	 295.8681945800781	 501.26202392578125	 73577.640625
39491712.0	 295.90704345703125	 503.053466796875	 73972.7734375
39491800.0	 296.724609375	 495.96099853515625	 70269.0078125
39491892.0	 295.86590576171875	 499.247314453125	 72191.796875
39491980.0	 296.5966796875	 493.4531555175781	 67281.90625
39492160.0	 297.17828369140625	 487.12384033203125	 65979.96875
39492248.0	 295.544677734375	 499.45465087890625	 71138.7890625
39492340.0	 296.4095458984375	 506.6735534667969	 71341.8359375
39492428.0	 297.9609375	 489.12432861328125	 65897.53125
39492520.0	 298.2003173828125	 492.8901672363281	 66051.6796875
39492608.0	 297.5093078613281	 488.6110534667969	 66920.7421875
39492696.0	 297.11676025390625	 494.1047058105469	 69363.8828125
39492784.0	 297.1277770996094	 496.0501708984375	 67796.9296875
39492876.0	 297.5223083496094	 491.8080139160156	 67404.890625
39492964.0	 298.1369934082031	 488.32073974609375	 67044.03125
39493052.0	 297.82562255859375	 494.0597229003906	 68102.34375
39493140.0	 297.64208984375	 493.607666015625	 69335.71875
39493232.0	 297.3385009765625	 487.3921203613281	 66467.9765625
39493320.0	 297.3946533203125	 485.0188293457031	 65783.1875
39493412.0	 297.0896301269531	 492.9911804199219	 70633.515625
39493500.0	 297.1302185058594	 489.0097351074219	 68320.6171875
39493592.0	 297.1249084472656	 492.54437255859375	 67323.8984375
39493680.0	 297.0849609375	 493.96246337890625	 68914.109375
39493768.0	 296.9415588378906	 491.4947814941406	 70661.875
39493856.0	 296.89794921875	 496.5689697265625	 69145.2890625
39493948.0	 296.76446533203125	 491.06591796875	 68159.4296875
39494036.0	 296.92138671875	 487.8860168457031	 68952.4140625
39494124.0	 296.8837890625	 495.1407165527344	 69308.9921875
39494212.0	 297.72869873046875	 487.70697021484375	 67492.5390625
39494304.0	 296.65869140625	 492.2763671875	 69007.53125
39494396.0	 297.3003845214844	 488.2646789550781	 67452.671875
39494484.0	 296.23883056640625	 496.8630676269531	 71514.1875
39494572.0	 297.53021240234375	 487.6939392089844	 67697.046875
39494664.0	 297.0075988769531	 497.5335693359375	 73279.0546875
39494752.0	 297.1106872558594	 503.18939208984375	 73067.7265625
39494840.0	 297.1187744140625	 502.7100524902344	 71117.6015625
39494928.0	 297.614013671875	 495.2491760253906	 71150.9296875
39495108.0	 297.7339782714844	 488.84033203125	 67489.1640625
39495196.0	 297.6134338378906	 497.4146728515625	 69775.46875
39495288.0	 297.60980224609375	 496.1046142578125	 72464.9765625
39495376.0	 296.75787353515625	 506.2799377441406	 74547.1484375
39495464.0	 297.2464599609375	 498.3309020996094	 73509.453125
39495556.0	 297.4551086425781	 495.59259033203125	 70665.7734375
39495644.0	 296.48681640625	 508.38543701171875	 75130.3984375
39495736.0	 296.5145568847656	 512.4823608398438	 73874.5234375
39495824.0	 296.75103759765625	 502.2709655761719	 72425.578125
39495912.0	 296.6888427734375	 512.6849975585938	 72375.453125
39496000.0	 296.0837097167969	 510.618896484375	 73641.3359375
39496092.0	 296.1429443359375	 506.1421813964844	 73583.515625
39496180.0	 295.72161865234375	 504.03399658203125	 73913.265625
39496272.0	 295.3510437011719	 507.2263488769531	 76761.125
39496360.0	 295.1678771972656	 509.2003479003906	 75949.0234375
39496452.0	 297.1729431152344	 506.3868103027344	 72312.828125
39496540.0	 297.9732666015625	 503.144287109375	 73492.90625
39496628.0	 296.8178405761719	 510.8908386230469	 76579.3203125
39496716.0	 297.1773681640625	 508.4430847167969	 71861.265625
39496808.0	 297.4891357421875	 509.6234436035156	 71303.8515625
39496896.0	 297.0792541503906	 517.60986328125	 74538.8203125
39496984.0	 296.703125	 513.091552734375	 75633.265625
39497072.0	 297.1647033691406	 504.9064636230469	 70716.8671875
39497164.0	 296.79315185546875	 514.7115478515625	 73071.1171875
39497252.0	 295.9389343261719	 506.6336669921875	 73577.09375
39497344.0	 294.5054931640625	 508.14971923828125	 74265.2421875
39497432.0	 294.358642578125	 510.2518615722656	 75287.046875
39497524.0	 293.631103515625	 513.6180419921875	 78497.609375
39497612.0	 295.9616394042969	 506.47015380859375	 71779.8828125
39497700.0	 294.9847717285156	 508.5548095703125	 73245.4765625
39497788.0	 294.4221496582031	 508.2672424316406	 76911.2109375
39497880.0	 294.36865234375	 520.985107421875	 78797.9921875
39498056.0	 294.97235107421875	 505.8200378417969	 72869.5390625
39498144.0	 294.3197021484375	 515.1102294921875	 80447.8515625
39498240.0	 293.9832458496094	 517.099609375	 78876.078125
39498328.0	 294.75579833984375	 509.3848876953125	 74800.15625
39498416.0	 294.2618103027344	 515.4163818359375	 79142.7578125
39498504.0	 294.1083984375	 517.0306396484375	 78484.1484375
39498596.0	 293.53564453125	 525.560791015625	 82869.2734375
39498684.0	 294.7330322265625	 511.5462341308594	 75283.203125
39498772.0	 294.2850341796875	 516.5062866210938	 77015.4609375
39498860.0	 293.9942932128906	 520.3521728515625	 79831.734375
39498952.0	 294.2694091796875	 519.3499145507812	 81000.984375
39499040.0	 295.2566223144531	 508.9183044433594	 76748.546875
39499128.0	 295.1572265625	 512.7274169921875	 76187.4921875
39499216.0	 295.2038879394531	 508.9959716796875	 76810.3125
39499308.0	 295.33367919921875	 507.5345153808594	 76546.1015625
39499396.0	 294.8371276855469	 506.899658203125	 79108.640625
39499488.0	 295.31890869140625	 512.2581176757812	 80309.84375
39499576.0	 296.1377258300781	 506.7445068359375	 77195.734375
39499668.0	 295.6071472167969	 499.81939697265625	 72279.3359375
39499756.0	 295.1938171386719	 506.2273864746094	 82500.171875
39499844.0	 295.50152587890625	 506.3891906738281	 76994.046875
39499932.0	 296.00189208984375	 506.36712646484375	 75865.5
39500024.0	 295.9464111328125	 504.76025390625	 75572.8515625
39500112.0	 296.34295654296875	 502.4831848144531	 77194.2109375
39500200.0	 296.7227478027344	 503.2090148925781	 74166.71875
39500288.0	 296.145751953125	 509.24432373046875	 75841.0078125
39500380.0	 296.1318664550781	 501.7128601074219	 74304.6796875
39500468.0	 296.2585144042969	 501.6362609863281	 75377.8828125
39500560.0	 294.9893798828125	 506.943359375	 78685.2421875
39500648.0	 296.0622253417969	 505.5099182128906	 76739.0390625
39500740.0	 295.6504211425781	 507.81146240234375	 77299.0078125
39500828.0	 294.9234924316406	 504.65301513671875	 75833.4921875
39501004.0	 295.29229736328125	 502.00146484375	 74746.71875
39501092.0	 295.2565002441406	 501.32672119140625	 73983.2265625
39501188.0	 294.8218994140625	 509.4617614746094	 76377.78125
39501272.0	 294.78973388671875	 504.37353515625	 75289.8828125
39501360.0	 293.8629150390625	 500.28936767578125	 74933.46875
39501452.0	 294.86248779296875	 504.95281982421875	 73190.484375
39501544.0	 294.5832824707031	 509.04644775390625	 77251.421875
39501632.0	 294.1446228027344	 503.1521911621094	 75746.671875
39501720.0	 295.3360290527344	 512.07421875	 73726.2578125
39501808.0	 295.1919250488281	 517.9216918945312	 77735.9921875
39501900.0	 295.34130859375	 510.5310974121094	 73146.0390625
39501988.0	 295.5480041503906	 512.1891479492188	 74171.4765625
39502076.0	 294.35345458984375	 496.39593505859375	 70597.5625
39502164.0	 293.08099365234375	 511.1524658203125	 75332.203125
39502256.0	 294.0963134765625	 504.60430908203125	 73551.9609375
39502348.0	 293.74505615234375	 514.6314697265625	 76016.8671875
39502432.0	 294.3317565917969	 507.1687316894531	 76514.4453125
39502524.0	 292.26165771484375	 521.869140625	 80977.9453125
39502616.0	 293.99432373046875	 508.9423828125	 73996.0703125
39502704.0	 293.1943054199219	 513.1336059570312	 82143.9921875
39502792.0	 293.2884521484375	 512.7573852539062	 74288.171875
39502884.0	 292.5096740722656	 515.35888671875	 77496.90625
39502976.0	 292.7369079589844	 504.8406066894531	 74575.015625
39503064.0	 291.83489990234375	 513.1644287109375	 74642.1171875
39503152.0	 292.0710144042969	 508.3210754394531	 72910.8515625
39503240.0	 292.4690246582031	 509.8119201660156	 72664.4296875
39503332.0	 291.541259765625	 513.81787109375	 77093.7109375
39503420.0	 291.7038879394531	 509.68798828125	 75270.265625
39503508.0	 291.689453125	 511.3077697753906	 74925.8828125
39503596.0	 291.7139892578125	 512.8045654296875	 76283.7109375
39503688.0	 292.5249328613281	 510.9264221191406	 75205.7578125
39503776.0	 292.0362548828125	 508.23486328125	 76854.90625
39503952.0	 292.4508361816406	 518.0819702148438	 74650.59375
39504048.0	 292.3141174316406	 513.3701171875	 75928.75
39504136.0	 292.53680419921875	 522.4850463867188	 78864.5
39504220.0	 292.90350341796875	 526.453857421875	 80395.390625
39504312.0	 292.64227294921875	 526.3968505859375	 78411.1328125
39504404.0	 293.63494873046875	 520.0827026367188	 79475.9453125
39504492.0	 292.9959716796875	 529.9130859375	 82884.0703125
39504580.0	 293.1063232421875	 522.1764526367188	 79870.9765625
39504668.0	 292.812744140625	 519.8981323242188	 79954.28125
39504760.0	 293.0814208984375	 526.189697265625	 82292.140625
39504848.0	 293.06475830078125	 529.5191040039062	 82375.1875
39504936.0	 293.2659606933594	 528.1058959960938	 80937.96875
39505028.0	 292.4637451171875	 522.61181640625	 79179.7421875
39505116.0	 292.903076171875	 522.8983154296875	 80600.7109375
39505204.0	 292.7913818359375	 530.4354248046875	 81282.5234375
39505296.0	 292.9403381347656	 519.7760620117188	 80375.5859375
39505384.0	 292.06707763671875	 527.3546752929688	 82448.8828125
39505472.0	 292.4026184082031	 529.6965942382812	 83810.9765625
39505564.0	 292.7952880859375	 526.3833618164062	 80565.6328125
39505652.0	 292.8358154296875	 525.8112182617188	 80698.59375
39505740.0	 292.6747741699219	 529.6687622070312	 81328.0
39505828.0	 292.6920471191406	 522.3131103515625	 80573.328125
39505920.0	 292.1061706542969	 525.3226928710938	 79331.2734375
39506012.0	 292.54949951171875	 521.88720703125	 77153.6875
39506100.0	 292.7960510253906	 528.8609619140625	 79547.46875
39506188.0	 292.5163879394531	 528.2852172851562	 82475.078125
39506280.0	 292.5690002441406	 527.150390625	 81172.890625
39506368.0	 292.9289855957031	 520.6511840820312	 78474.390625
39506456.0	 293.0347595214844	 516.2913818359375	 76265.1015625
39506544.0	 293.0959167480469	 516.8143920898438	 75005.5078125
39506636.0	 292.17388916015625	 526.7053833007812	 81731.203125
39506724.0	 292.9523620605469	 521.0781860351562	 77122.1328125
39506900.0	 293.4042053222656	 515.4905395507812	 72660.390625
39506992.0	 292.83721923828125	 519.8189697265625	 76336.1171875
39507080.0	 292.46405029296875	 528.2576904296875	 78792.3828125
39507172.0	 292.7286071777344	 523.0855102539062	 77786.1796875
39507260.0	 292.3797912597656	 524.6869506835938	 77805.1953125
39507352.0	 293.0642395019531	 516.13330078125	 76133.4375
39507440.0	 293.3398132324219	 517.9108276367188	 75667.6015625
39507528.0	 293.16015625	 519.3093872070312	 76971.6953125
39507616.0	 292.80084228515625	 523.5631103515625	 79441.640625
39507712.0	 293.38177490234375	 520.5789794921875	 75763.671875
39507800.0	 293.4630126953125	 519.008544921875	 75959.2421875
39507884.0	 292.9751281738281	 523.814697265625	 79346.0
39507976.0	 293.03839111328125	 523.162109375	 78805.90625
39508068.0	 293.09405517578125	 527.5305786132812	 78818.2734375
39508156.0	 293.4596862792969	 518.8093872070312	 75458.515625
39508244.0	 293.09014892578125	 527.0158081054688	 78232.1484375
39508332.0	 293.1554870605469	 520.4764404296875	 75602.6015625
39508420.0	 293.1484680175781	 525.0545654296875	 77169.6875
39508512.0	 292.9141540527344	 519.8997802734375	 76760.296875
39508600.0	 293.0877990722656	 517.62646484375	 74977.5625
39508692.0	 292.6264343261719	 522.7010498046875	 78421.953125
39508776.0	 292.12786865234375	 530.6233520507812	 81610.8125
39508872.0	 292.6339416503906	 516.0245361328125	 78549.75
39508960.0	 292.9870910644531	 520.3251953125	 78416.9140625
39509048.0	 291.75360107421875	 522.4111938476562	 80348.8515625
39509136.0	 292.3624267578125	 526.59228515625	 79075.53125
39509228.0	 292.8175048828125	 524.5269775390625	 79033.3046875
39509316.0	 292.7673645019531	 535.1604614257812	 80250.2421875
39509404.0	 291.84332275390625	 531.1561279296875	 82667.53125
39509492.0	 292.0240783691406	 528.4730834960938	 80395.671875
39509584.0	 292.3409118652344	 528.8482666015625	 79884.40625
39509672.0	 293.18817138671875	 513.9221801757812	 72377.375
39509852.0	 292.10906982421875	 522.34375	 78516.1640625
39509944.0	 291.7226257324219	 524.4649658203125	 78111.2890625
39510032.0	 292.0870361328125	 526.7562255859375	 78998.0625
39510120.0	 292.06805419921875	 524.244873046875	 79035.5625
39510208.0	 292.3764953613281	 516.133544921875	 75289.8515625
39510300.0	 291.8724060058594	 521.8849487304688	 77084.609375
39510388.0	 292.3934326171875	 518.405517578125	 74780.96875
39510476.0	 292.390625	 521.1659545898438	 75644.921875
39510568.0	 292.1224060058594	 524.2906494140625	 77817.65625
39510656.0	 292.1544494628906	 526.0228881835938	 77799.1171875
39510748.0	 291.8634338378906	 524.99560546875	 82652.7734375
39510836.0	 292.7848205566406	 516.7112426757812	 75451.2421875
39510924.0	 293.11700439453125	 515.7451782226562	 74043.1953125
39511012.0	 293.2311706542969	 515.5442504882812	 77671.8203125
39511104.0	 292.1827392578125	 520.1533203125	 79690.296875
39511192.0	 292.7175598144531	 520.0791015625	 78634.8046875
39511280.0	 293.3848876953125	 517.0531005859375	 76128.5625
39511368.0	 293.895751953125	 509.3310241699219	 70693.5078125
39511464.0	 293.3937683105469	 509.9817810058594	 70866.03125
39511548.0	 293.5516052246094	 511.345703125	 70958.1640625
39511636.0	 294.57891845703125	 503.0226135253906	 69175.015625
39511724.0	 294.2579650878906	 509.5628356933594	 71224.6015625
39511816.0	 293.97265625	 510.25103759765625	 72258.671875
39511904.0	 293.8710021972656	 508.84259033203125	 71335.7421875
39511996.0	 293.90802001953125	 513.178955078125	 74120.5234375
39512084.0	 294.10736083984375	 513.0595092773438	 74627.078125
39512176.0	 293.8664245605469	 516.8482055664062	 76212.25
39512264.0	 293.96533203125	 510.9652099609375	 72506.796875
39512352.0	 294.1150207519531	 506.09930419921875	 70181.3828125
39512444.0	 293.4215393066406	 514.9468994140625	 71564.8359375
39512532.0	 292.8861389160156	 519.7039184570312	 75145.8046875
39512624.0	 293.473388671875	 514.6521606445312	 73656.296875
39512800.0	 294.37103271484375	 506.94732666015625	 69054.6796875
39512888.0	 293.2870178222656	 511.3958740234375	 71161.4140625
39512980.0	 293.8721923828125	 512.8896484375	 71922.921875
39513068.0	 290.9295959472656	 517.134765625	 75697.1328125
39513156.0	 291.3406066894531	 517.23193359375	 74995.3984375
39513244.0	 291.08233642578125	 516.404541015625	 75724.046875
39513336.0	 291.95477294921875	 515.9071655273438	 73753.984375
39513424.0	 292.1918640136719	 530.3821411132812	 76365.96875
39513512.0	 291.0162353515625	 525.6636962890625	 78151.3515625
39513604.0	 289.881591796875	 529.7409057617188	 80573.046875
39513692.0	 290.1013488769531	 527.3338623046875	 79909.640625
39513784.0	 290.3278503417969	 530.7572021484375	 78598.3046875
39513872.0	 290.72015380859375	 522.1016845703125	 75519.6171875
39513960.0	 290.11541748046875	 527.9764404296875	 79339.03125
39514052.0	 290.3543701171875	 523.1558837890625	 78410.9765625
39514140.0	 290.1490783691406	 524.1986083984375	 78838.109375
39514228.0	 289.6400146484375	 525.8133544921875	 80152.109375
39514316.0	 290.3903503417969	 519.5567016601562	 74980.75
39514408.0	 290.0198974609375	 523.4072265625	 77374.3984375
39514496.0	 290.43182373046875	 520.9171142578125	 76744.6953125
39514588.0	 290.8471984863281	 533.1395874023438	 80917.1875
39514672.0	 291.0521240234375	 524.4598999023438	 77851.65625
39514764.0	 291.3376159667969	 528.5359497070312	 80943.140625
39514856.0	 291.3238830566406	 518.20556640625	 77494.109375
39514944.0	 290.7648620605469	 518.7175903320312	 74780.2421875
39515032.0	 290.9573669433594	 520.478759765625	 72567.5234375
39515124.0	 290.95941162109375	 513.927001953125	 73108.453125
39515216.0	 291.9402160644531	 520.1656494140625	 75598.390625
39515304.0	 291.5815734863281	 519.0232543945312	 75681.3984375
39515392.0	 291.4666748046875	 516.3460083007812	 72818.953125
39515480.0	 291.23077392578125	 515.5517578125	 76282.65625
39515572.0	 291.2801513671875	 521.7251586914062	 76860.75
39515748.0	 291.2762451171875	 508.4914245605469	 69739.8203125
39446228.0	 270.2647399902344	 303.9054870605469	 41869.89453125
39446320.0	 270.4019775390625	 298.19195556640625	 37664.25
39446416.0	 269.4576721191406	 296.2970886230469	 38720.6875
39446512.0	 269.6550598144531	 307.165283203125	 39270.67578125
39446604.0	 269.7433166503906	 308.1421203613281	 39386.94921875
39446700.0	 271.8745422363281	 317.41729736328125	 41790.4375
39446796.0	 272.3767395019531	 313.1407470703125	 41219.96875
39446888.0	 272.7865905761719	 310.0484619140625	 39327.05078125
39446984.0	 268.9793701171875	 311.7431335449219	 42998.515625
39447076.0	 269.7094421386719	 307.3326110839844	 41936.63671875
39447172.0	 270.31976318359375	 305.72662353515625	 40000.0234375
39447264.0	 269.7825012207031	 312.163330078125	 41935.12890625
39447364.0	 274.0559387207031	 316.22210693359375	 39067.91015625
39447456.0	 274.49346923828125	 305.4930419921875	 39721.32421875
39447552.0	 277.034423828125	 305.38861083984375	 42025.2421875
39447644.0	 275.3825988769531	 306.5654602050781	 42194.21875
39447740.0	 276.6920166015625	 306.6443786621094	 46470.6015625
39447836.0	 275.95843505859375	 303.56878662109375	 44341.39453125
39447928.0	 275.5769958496094	 305.2806396484375	 47518.08984375
39448024.0	 275.55706787109375	 299.06134033203125	 51420.55859375
39448120.0	 276.2559509277344	 289.5787658691406	 51434.26171875
39448212.0	 273.5259704589844	 294.32196044921875	 51281.1796875
39448308.0	 270.41217041015625	 289.3338623046875	 52191.3828125
39448404.0	 269.49957275390625	 294.72540283203125	 54647.921875
39448496.0	 269.9926452636719	 287.618408203125	 49064.34375
39448592.0	 270.0242004394531	 292.3626403808594	 48788.91796875
39448684.0	 270.1465759277344	 294.5811767578125	 52820.17578125
39448876.0	 273.5035705566406	 286.6240234375	 43645.70703125
39448972.0	 271.4105224609375	 295.70135498046875	 53469.58203125
39449064.0	 270.2709045410156	 284.2616271972656	 57703.265625
39449160.0	 269.81304931640625	 287.41204833984375	 59372.61328125
39449256.0	 271.3688049316406	 287.5702819824219	 56037.71875
39449348.0	 272.63543701171875	 285.8390808105469	 56570.1484375
39449444.0	 272.311279296875	 280.08526611328125	 54576.90625
39449532.0	 273.0966491699219	 287.4680480957031	 52658.39453125
39449628.0	 273.5102233886719	 290.03643798828125	 58954.60546875
39449724.0	 273.51611328125	 291.406982421875	 56519.8125
39449912.0	 271.7239074707031	 290.61029052734375	 55719.98046875
39450008.0	 271.0224914550781	 289.5162048339844	 54518.86328125
39450100.0	 270.87396240234375	 284.6716003417969	 51998.0546875
39450196.0	 271.20001220703125	 288.15545654296875	 58906.6484375
39450288.0	 272.8810119628906	 290.1070556640625	 61633.29296875
39450384.0	 274.9891357421875	 283.12408447265625	 59321.421875
39450480.0	 273.489501953125	 292.6401672363281	 63543.65625
39450576.0	 273.2570495605469	 283.26824951171875	 56277.4609375
39450668.0	 273.03759765625	 287.42681884765625	 61265.01953125
39450764.0	 272.6435852050781	 294.55572509765625	 63908.359375
39450860.0	 274.6588439941406	 278.9004211425781	 54839.50390625
39450952.0	 272.8537902832031	 286.6732482910156	 61731.62890625
39451048.0	 272.261962890625	 277.5086364746094	 58038.0546875
39451140.0	 270.3685302734375	 293.06536865234375	 69535.8671875
39451236.0	 270.9694519042969	 290.8162841796875	 62267.5703125
39451332.0	 271.2186279296875	 291.6181640625	 61239.73828125
39451424.0	 271.13848876953125	 294.37957763671875	 62170.015625
39451520.0	 270.9569396972656	 282.64385986328125	 61998.2734375
39451612.0	 271.1938171386719	 282.9996643066406	 56366.6015625
39451708.0	 271.8150634765625	 286.70123291015625	 61181.4296875
39451804.0	 271.9110412597656	 290.2904357910156	 62682.51171875
39451992.0	 272.7200622558594	 272.89947509765625	 57095.5
39452088.0	 273.01495361328125	 281.50225830078125	 67084.8203125
39452184.0	 274.4548034667969	 289.9031677246094	 63169.9296875
39452280.0	 271.6726379394531	 284.880126953125	 67815.234375
39452376.0	 276.1250915527344	 288.3605041503906	 61715.6484375
39452468.0	 279.0191955566406	 280.7611083984375	 59954.0703125
39452564.0	 277.08941650390625	 302.5837707519531	 70685.5546875
39452656.0	 281.4055480957031	 296.86358642578125	 69568.5
39452752.0	 279.9451904296875	 295.7165222167969	 72826.6484375
39452844.0	 280.013427734375	 299.9794616699219	 70992.2421875
39452940.0	 280.6686096191406	 290.7706604003906	 58859.734375
39453036.0	 280.5415954589844	 287.6591491699219	 59360.73828125
39453128.0	 279.61712646484375	 306.1668701171875	 71743.7890625
39453224.0	 278.5467834472656	 293.2964782714844	 64240.50390625
39453320.0	 276.4557189941406	 301.1239013671875	 64201.046875
39453412.0	 278.1517333984375	 292.42913818359375	 53843.078125
39453508.0	 280.9653625488281	 291.8321533203125	 55164.4921875
39453604.0	 277.25665283203125	 280.38751220703125	 56400.4921875
39453696.0	 277.07318115234375	 296.6363220214844	 61687.4921875
39453792.0	 278.2681884765625	 291.8851623535156	 55340.38671875
39453884.0	 277.7928771972656	 289.1273193359375	 56976.6328125
39453980.0	 277.2626647949219	 279.97027587890625	 56194.5625
39454072.0	 277.9140625	 295.96722412109375	 60435.2578125
39454168.0	 282.1483459472656	 294.46197509765625	 61335.08203125
39454260.0	 283.0039367675781	 289.6275634765625	 67344.9375
39454356.0	 284.1336364746094	 298.0859680175781	 64393.60546875
39454448.0	 284.7442932128906	 295.3076171875	 64351.84375
39454544.0	 285.4282531738281	 299.0735778808594	 58951.66015625
39454640.0	 281.74810791015625	 276.5384216308594	 53486.00390625
39454732.0	 285.74493408203125	 286.2701416015625	 57149.83984375
39454828.0	 288.1647033691406	 298.9591369628906	 54096.26171875
39454924.0	 280.44268798828125	 292.2110900878906	 59153.76171875
39455112.0	 279.22998046875	 302.5322265625	 61313.015625
39455208.0	 273.5480041503906	 277.04229736328125	 54858.4140625
39455300.0	 273.0783996582031	 300.10565185546875	 67911.5625
39455396.0	 273.32476806640625	 286.4153137207031	 58538.29296875
39455492.0	 272.35400390625	 291.6328430175781	 61398.1796875
39455584.0	 271.13873291015625	 282.4089660644531	 59682.203125
39455680.0	 265.13653564453125	 273.8414611816406	 51614.80859375
39455776.0	 263.2917175292969	 274.983642578125	 58665.9609375
39455964.0	 266.5791931152344	 286.98638916015625	 70862.953125
39456060.0	 265.2462158203125	 284.66522216796875	 61872.24609375
39456152.0	 263.6329040527344	 287.6600036621094	 69672.7265625
39456248.0	 262.0343933105469	 288.4877624511719	 69385.78125
39456340.0	 259.7311706542969	 280.2049865722656	 70390.2421875
39456436.0	 259.6984558105469	 280.2356262207031	 66703.875
39456532.0	 263.5344543457031	 278.16009521484375	 60777.8671875
39456624.0	 262.8046569824219	 282.0760498046875	 66648.5
39456720.0	 263.3509216308594	 276.8804626464844	 62297.99609375
39456816.0	 262.5677185058594	 274.81396484375	 58545.890625
39456912.0	 261.8113098144531	 282.4515075683594	 63913.4296875
39457004.0	 262.9393310546875	 287.14459228515625	 63534.91796875
39457100.0	 262.3399658203125	 282.8115539550781	 59237.94140625
39457196.0	 261.26385498046875	 290.6019592285156	 62194.0625
39457288.0	 261.829345703125	 267.9465026855469	 54988.8125
39457384.0	 257.9358215332031	 262.9776611328125	 49044.37109375
39457480.0	 252.98182678222656	 280.02813720703125	 60612.4375
39457572.0	 255.43020629882812	 277.2912902832031	 58695.015625
39457668.0	 259.5650939941406	 277.9033508300781	 55434.83203125
39457760.0	 259.6397705078125	 282.92584228515625	 53033.60546875
39457852.0	 256.4460144042969	 282.92333984375	 61793.546875
39457948.0	 254.42425537109375	 279.5547790527344	 58573.65234375
39458040.0	 253.7797393798828	 269.8939514160156	 54445.14453125
39458232.0	 251.89466857910156	 269.4891052246094	 52139.25
39458324.0	 252.35690307617188	 270.41876220703125	 55505.4296875
39458420.0	 253.30581665039062	 276.2640686035156	 57662.3046875
39458516.0	 252.13075256347656	 272.94036865234375	 55102.4375
39458612.0	 253.36691284179688	 271.0488586425781	 52182.76171875
39458704.0	 251.30288696289062	 269.4099426269531	 50078.27734375
39458800.0	 250.1959686279297	 268.043212890625	 54098.18359375
39458892.0	 249.48910522460938	 273.05426025390625	 55530.625
39458988.0	 252.95852661132812	 259.9904479980469	 51952.09375
39459084.0	 254.07794189453125	 280.86395263671875	 62709.72265625
39459176.0	 248.66973876953125	 268.08966064453125	 54568.60546875
39459272.0	 250.76605224609375	 269.76690673828125	 63760.5234375
39459368.0	 251.58372497558594	 272.8265686035156	 58795.43359375
39459460.0	 253.51522827148438	 279.36761474609375	 63911.0859375
39459556.0	 254.5446319580078	 282.2955627441406	 62011.30859375
39459652.0	 255.048583984375	 268.2917175292969	 62390.26953125
39459744.0	 255.06796264648438	 267.3179931640625	 56711.48046875
39459840.0	 254.76589965820312	 275.8495788574219	 63198.859375
39459932.0	 254.5070037841797	 275.29278564453125	 64892.9453125
39460028.0	 254.26730346679688	 259.9527282714844	 55412.8671875
39460120.0	 253.08058166503906	 269.6167907714844	 63930.10546875
39460220.0	 252.41819763183594	 270.9992370605469	 63060.79296875
39460312.0	 253.94168090820312	 274.0286560058594	 66564.796875
39460408.0	 253.26168823242188	 273.0892333984375	 59168.546875
39460504.0	 252.92568969726562	 270.2865905761719	 60315.09765625
39460596.0	 254.40219116210938	 279.5909118652344	 68126.0859375
39460692.0	 253.23953247070312	 262.721923828125	 60371.453125
39460788.0	 254.4060516357422	 279.50738525390625	 62695.6015625
39460880.0	 255.884765625	 273.5915832519531	 62939.61328125
39460976.0	 254.10902404785156	 274.7005920410156	 68850.1640625
39461072.0	 252.6813507080078	 271.1671447753906	 63534.28125
39461164.0	 254.47361755371094	 264.9825439453125	 65727.0546875
39461348.0	 251.4593505859375	 268.755859375	 64855.703125
39461444.0	 253.0298614501953	 268.9235534667969	 58416.9296875
39461540.0	 252.92185974121094	 282.2937927246094	 61633.87109375
39461632.0	 256.3984375	 271.8795166015625	 60653.5703125
39461728.0	 255.6897735595703	 270.7448425292969	 69319.0703125
39461824.0	 254.83880615234375	 273.1143798828125	 63093.0859375
39462012.0	 256.23651123046875	 269.6553955078125	 61464.6796875
39462108.0	 255.93894958496094	 277.32000732421875	 63826.9609375
39462200.0	 259.9644775390625	 282.09014892578125	 64421.7109375
39462296.0	 258.6929016113281	 272.3726501464844	 60387.94921875
39462392.0	 251.17672729492188	 271.817626953125	 56052.68359375
39462484.0	 248.43170166015625	 264.69598388671875	 56831.61328125
39462580.0	 246.40670776367188	 253.83843994140625	 43790.32421875
39462676.0	 247.6466827392578	 258.660888671875	 46542.29296875
39462768.0	 247.56065368652344	 262.09197998046875	 53146.14453125
39462864.0	 247.07798767089844	 273.4241638183594	 53719.9765625
39462960.0	 247.35360717773438	 270.41729736328125	 53742.4375
39463052.0	 246.85537719726562	 259.43603515625	 49322.703125
39463148.0	 246.92767333984375	 259.8207702636719	 50242.8359375
39463244.0	 246.31396484375	 264.24249267578125	 51452.7578125
39463336.0	 247.70245361328125	 266.813720703125	 51781.52734375
39463436.0	 248.9014892578125	 269.824951171875	 53624.47265625
39463528.0	 247.42166137695312	 260.0013427734375	 52123.51171875
39463624.0	 248.88064575195312	 272.2342529296875	 60502.40625
39463716.0	 248.4031524658203	 257.1349182128906	 52168.79296875
39463812.0	 247.38662719726562	 265.98822021484375	 53185.3359375
39463908.0	 246.8433837890625	 266.9993591308594	 52141.734375
39464000.0	 246.24758911132812	 259.5711669921875	 47475.27734375
39464096.0	 248.0992889404297	 267.83062744140625	 57054.26171875
39464188.0	 248.14918518066406	 267.4076232910156	 58932.453125
39464284.0	 247.8582763671875	 265.79669189453125	 53920.57421875
39464564.0	 246.64053344726562	 262.04107666015625	 54838.34765625
39464660.0	 247.00668334960938	 253.4755859375	 43879.9375
39464752.0	 248.40625	 263.2018737792969	 55358.1640625
39464848.0	 246.77566528320312	 270.2990417480469	 53981.9609375
39464940.0	 246.8355255126953	 273.0441589355469	 51410.0
39465040.0	 246.53219604492188	 274.2548522949219	 53551.89453125
39465132.0	 246.913330078125	 262.7657775878906	 49813.7578125
39465228.0	 246.71527099609375	 272.72418212890625	 53573.2890625
39465320.0	 244.97174072265625	 255.1490020751953	 50944.484375
39465416.0	 247.24339294433594	 262.95684814453125	 49188.3515625
39465512.0	 246.94259643554688	 260.3792724609375	 54520.29296875
39465604.0	 248.8017578125	 266.56671142578125	 55721.5
39465700.0	 248.04270935058594	 261.9598083496094	 51124.34375
39465792.0	 246.99029541015625	 260.4854431152344	 50127.29296875
39465888.0	 247.00701904296875	 254.2431182861328	 56793.58203125
39466076.0	 247.1972198486328	 261.0531311035156	 52850.60546875
39466172.0	 245.85494995117188	 263.16534423828125	 52557.234375
39466268.0	 246.189453125	 261.4190673828125	 48660.5
39466364.0	 247.70086669921875	 275.478759765625	 58646.44140625
39466456.0	 249.45986938476562	 258.2321472167969	 51815.8984375
39466552.0	 249.99703979492188	 253.49920654296875	 49313.1953125
39466648.0	 249.94754028320312	 264.6810302734375	 53468.08984375
39466740.0	 250.78773498535156	 268.6428527832031	 55423.07421875
39466836.0	 251.2860565185547	 277.1139221191406	 59657.60546875
39466932.0	 250.06715393066406	 264.95196533203125	 52774.9609375
39467024.0	 251.22650146484375	 268.6627502441406	 53109.26953125
39467120.0	 250.34048461914062	 277.8182678222656	 61987.96484375
39467216.0	 252.05238342285156	 255.79994201660156	 52053.25390625
39467308.0	 248.22047424316406	 267.28424072265625	 54821.1328125
39467404.0	 249.52198791503906	 270.24432373046875	 57671.62890625
39467588.0	 248.8064422607422	 307.7002868652344	 67631.65625
39467684.0	 249.3883819580078	 273.9200134277344	 63176.59375
39467776.0	 248.3827362060547	 266.6960144042969	 56912.7421875
39467872.0	 249.60646057128906	 270.3852233886719	 59971.6328125
39468060.0	 250.34881591796875	 273.9424743652344	 62042.68359375
39468156.0	 250.15988159179688	 273.96673583984375	 60237.76171875
39468252.0	 249.27212524414062	 271.06201171875	 59704.3203125
39468344.0	 248.7462615966797	 273.58428955078125	 58146.0234375
39468440.0	 248.5467071533203	 266.7521667480469	 54340.60546875
39468536.0	 247.22390747070312	 267.426513671875	 57420.16015625
39468632.0	 247.51974487304688	 267.59844970703125	 58669.140625
39468724.0	 247.97222900390625	 267.8632507324219	 58870.578125
39468820.0	 248.1384735107422	 271.52484130859375	 58442.23828125
39468916.0	 249.4927520751953	 278.024169921875	 66042.3984375
39469008.0	 248.61573791503906	 266.6422424316406	 56353.8359375
39469104.0	 249.6600799560547	 266.3616943359375	 58843.71484375
39469200.0	 248.00411987304688	 265.024169921875	 60214.27734375
39469292.0	 248.47984313964844	 276.8995666503906	 62655.61328125
39469388.0	 249.58383178710938	 269.8113098144531	 62273.43359375
39469764.0	 249.65664672851562	 287.4481506347656	 67577.078125
39469860.0	 246.96939086914062	 279.3744812011719	 61755.63671875
39470052.0	 247.36643981933594	 270.1133117675781	 57811.68359375
39470144.0	 248.4029541015625	 254.1870880126953	 48715.72265625
39470240.0	 249.1492462158203	 272.9962158203125	 66242.2109375
39470328.0	 248.2161865234375	 272.98480224609375	 62691.87109375
39470424.0	 245.721435546875	 250.21372985839844	 51230.2734375
39470992.0	 247.86972045898438	 258.49462890625	 55345.0390625
39471088.0	 247.9084014892578	 266.67010498046875	 59258.55859375
39471180.0	 248.61158752441406	 240.8375701904297	 44058.14453125
39471276.0	 248.7484130859375	 272.1998291015625	 59418.8125
39471372.0	 246.80642700195312	 265.4911804199219	 57293.5625
39471464.0	 246.2869873046875	 268.1136169433594	 56972.0625
39471560.0	 246.65695190429688	 249.44361877441406	 52585.9765625
39471656.0	 247.50149536132812	 263.8895263671875	 54596.27734375
39471752.0	 246.98268127441406	 269.1912536621094	 56801.96484375
39471844.0	 249.14389038085938	 268.9557800292969	 63027.99609375
39471940.0	 248.39495849609375	 283.6335754394531	 60303.9453125
39472032.0	 249.2107391357422	 271.2128601074219	 62006.01953125
39472128.0	 249.31646728515625	 265.7821350097656	 60075.671875
39472220.0	 248.08847045898438	 253.28872680664062	 59938.3671875
39472316.0	 247.43206787109375	 258.6771240234375	 59733.67578125
39472412.0	 250.84173583984375	 276.5920104980469	 66807.1171875
39472504.0	 250.54803466796875	 274.60186767578125	 70420.515625
39472600.0	 248.6031951904297	 265.5401916503906	 64777.42578125
39472696.0	 249.98922729492188	 267.2950439453125	 63368.578125
39472788.0	 249.05490112304688	 256.12628173828125	 58424.02734375
39472884.0	 250.51333618164062	 272.0235290527344	 65207.92578125
39472976.0	 250.2806396484375	 263.955078125	 64701.79296875
39473068.0	 249.17344665527344	 259.47265625	 57835.171875
39473164.0	 249.17031860351562	 256.0793762207031	 62266.90234375
39473260.0	 250.6590118408203	 260.5553283691406	 59461.4296875
39473356.0	 250.18971252441406	 247.11871337890625	 48791.4140625
39473452.0	 250.27267456054688	 267.46990966796875	 62475.74609375
39473544.0	 250.71981811523438	 270.5782165527344	 68340.8515625
39473640.0	 252.02146911621094	 250.61929321289062	 50637.85546875
39473920.0	 249.1411895751953	 262.93060302734375	 58978.4921875
39474112.0	 254.2602081298828	 257.2230224609375	 57739.44140625
39474204.0	 249.83541870117188	 266.2554016113281	 59265.98828125
39474300.0	 248.76931762695312	 253.3050079345703	 59095.5546875
39474396.0	 249.6754608154297	 258.58209228515625	 58917.06640625
39474488.0	 250.58169555664062	 256.9159240722656	 55699.13671875
39474584.0	 252.09933471679688	 270.7272033691406	 65609.0546875
39474680.0	 251.42108154296875	 263.0608825683594	 64209.75
39474772.0	 250.60939025878906	 273.97503662109375	 61985.05859375
39474868.0	 251.87876892089844	 263.98150634765625	 58026.17578125
39474964.0	 254.3330535888672	 262.5596008300781	 67880.9140625
39475056.0	 252.73678588867188	 261.4971923828125	 58142.12109375
39475152.0	 253.7246856689453	 252.0462188720703	 58528.40625
39475248.0	 252.27972412109375	 266.7957763671875	 62920.20703125
39475340.0	 252.48097229003906	 263.8526916503906	 60662.54296875
39475436.0	 253.5213165283203	 268.5185241699219	 56122.7734375
39475528.0	 253.63729858398438	 270.80792236328125	 62760.0703125
39475620.0	 256.88385009765625	 263.6673583984375	 53958.3359375
39475716.0	 260.7994079589844	 275.1354675292969	 62544.46875
39475812.0	 265.96044921875	 288.8126525878906	 73520.9375
39475904.0	 267.65582275390625	 279.5721435546875	 69754.2265625
39476000.0	 266.9308166503906	 283.1319274902344	 65671.3515625
39476096.0	 265.7967529296875	 283.9478454589844	 68007.8828125
39476188.0	 263.02874755859375	 271.32666015625	 59669.0625
39476284.0	 263.555908203125	 270.09375	 56485.45703125
39476380.0	 262.8209533691406	 272.8197937011719	 65913.21875
39476472.0	 260.9190368652344	 280.5827941894531	 63818.51953125
39476568.0	 261.9505920410156	 281.521240234375	 67371.671875
39476664.0	 262.8058776855469	 273.4797058105469	 63358.30859375
39476756.0	 262.8275146484375	 280.7601623535156	 62403.72265625
39477040.0	 259.4388122558594	 283.5464172363281	 67435.2734375
39477136.0	 261.02972412109375	 280.9828796386719	 69770.5546875
39477232.0	 262.8061218261719	 286.50164794921875	 68822.328125
39477324.0	 262.0225830078125	 276.7174377441406	 58717.15625
39477420.0	 263.6911315917969	 278.03680419921875	 63250.1171875
39477516.0	 267.3541564941406	 299.9855651855469	 70563.5546875
39477608.0	 267.81951904296875	 296.0191345214844	 71004.640625
39477704.0	 265.8315734863281	 287.9764709472656	 73869.734375
39477800.0	 267.2823486328125	 289.04644775390625	 70751.84375
39477892.0	 266.2022399902344	 285.0097961425781	 70559.46875
39477984.0	 262.9703063964844	 282.5499267578125	 67410.0625
39478080.0	 262.33087158203125	 285.17108154296875	 74836.4140625
