encounter_9:	 EGRESS
r [km]	 vr [km/s]	 np [cm-3]	 T [K]
16685497.0	 222.3069610595703	 2891.943603515625	 108521.140625
20967412.0	 291.5144348144531	 2345.9150390625	 74113.5078125
20967470.0	 285.53631591796875	 2315.5234375	 70916.3984375
20967528.0	 284.4541320800781	 2330.658935546875	 73217.734375
21477164.0	 287.057861328125	 1965.6015625	 75358.84375
21477222.0	 283.43927001953125	 2027.1832275390625	 74899.3359375
21477280.0	 281.4120788574219	 1973.45556640625	 73182.3046875
21477340.0	 281.03863525390625	 1963.7623291015625	 72427.2734375
21477512.0	 282.47869873046875	 1976.5145263671875	 72683.5546875
21477572.0	 279.8382568359375	 1984.7677001953125	 72069.15625
21477628.0	 281.05474853515625	 1950.3177490234375	 72744.90625
21483222.0	 284.5392761230469	 2012.0283203125	 75781.0234375
21483282.0	 287.7235412597656	 2071.852294921875	 80168.046875
21483342.0	 287.34393310546875	 2007.9945068359375	 79821.1953125
21483398.0	 287.9092712402344	 2063.022705078125	 79615.8359375
21483458.0	 285.7119140625	 2009.647216796875	 77820.7734375
21483514.0	 286.5602722167969	 1978.25048828125	 76536.5625
21483574.0	 283.4498596191406	 1951.2080078125	 75781.5703125
21483806.0	 284.2463073730469	 1908.361572265625	 69067.1875
21483864.0	 283.6009521484375	 2056.853515625	 77140.1953125
21483924.0	 285.7469482421875	 2066.845458984375	 81524.4765625
21484098.0	 285.7598571777344	 2091.60107421875	 80793.375
21484274.0	 289.461181640625	 1990.2843017578125	 73782.703125
21484330.0	 291.49237060546875	 2056.983642578125	 77144.296875
21484390.0	 299.3797912597656	 2035.9268798828125	 74303.4765625
21484448.0	 298.9728698730469	 1975.66015625	 71607.328125
21484506.0	 298.2762451171875	 1942.03857421875	 71130.3125
21484564.0	 286.4421081542969	 2001.520751953125	 71859.875
21484624.0	 286.41497802734375	 2103.586181640625	 77545.203125
21484680.0	 287.247802734375	 2022.311767578125	 69903.6171875
21484740.0	 284.65087890625	 2036.4716796875	 71157.96875
21484796.0	 290.0306396484375	 2079.053466796875	 73052.4140625
21484856.0	 291.2374267578125	 2098.529052734375	 75586.0859375
21484914.0	 292.2084045410156	 2056.83056640625	 74339.0859375
21484972.0	 291.5290832519531	 1930.556640625	 67566.9140625
21485030.0	 291.4515380859375	 2037.2042236328125	 72045.9140625
21485088.0	 283.4282531738281	 2113.4736328125	 73458.1015625
21485146.0	 290.12469482421875	 2069.252197265625	 70948.1171875
21485206.0	 291.6892395019531	 1961.5181884765625	 68911.171875
21485262.0	 292.2935791015625	 1868.376708984375	 69366.640625
21485322.0	 290.7669677734375	 1996.2701416015625	 70443.2265625
21485378.0	 289.1297302246094	 2046.9710693359375	 70859.75
21485440.0	 288.59765625	 2050.252685546875	 71770.6796875
21485496.0	 292.43048095703125	 2035.99560546875	 74172.4765625
21485788.0	 284.0032653808594	 2004.132568359375	 70484.21875
21485846.0	 285.0489501953125	 2043.40478515625	 74048.515625
21485904.0	 286.2550964355469	 2030.70263671875	 71464.34375
21485962.0	 287.91827392578125	 2027.035888671875	 69213.5625
21486022.0	 289.4450378417969	 1985.8271484375	 68829.7734375
21514746.0	 292.8465270996094	 1979.369140625	 90621.4609375
21514806.0	 306.38323974609375	 2119.26025390625	 99626.90625
21514862.0	 311.3713073730469	 1841.489501953125	 83311.90625
21514922.0	 307.83831787109375	 2297.9736328125	 76066.515625
21514980.0	 306.7772216796875	 2200.84375	 70318.71875
21515036.0	 301.510498046875	 2233.879638671875	 73008.3203125
21515096.0	 297.14141845703125	 2255.975830078125	 71887.1171875
21515154.0	 307.3213195800781	 2260.369873046875	 68921.96875
21515212.0	 294.45892333984375	 2236.376220703125	 69481.28125
21515270.0	 295.0769348144531	 2288.73876953125	 71985.0625
21515330.0	 291.8741455078125	 2212.66748046875	 72718.0625
21515386.0	 293.24432373046875	 2149.0078125	 79480.2890625
21515446.0	 295.553955078125	 2160.107177734375	 82541.109375
21515504.0	 292.0733337402344	 2084.586669921875	 81571.7578125
21515562.0	 291.2488708496094	 2370.11669921875	 70531.3203125
21515620.0	 292.5020751953125	 2280.461181640625	 70486.546875
21515678.0	 291.5129699707031	 2237.808837890625	 81913.6328125
21515738.0	 288.3244323730469	 2322.149658203125	 68126.4140625
21515794.0	 288.3022766113281	 2350.437255859375	 75223.1015625
21515854.0	 289.35540771484375	 2355.407958984375	 71187.5
21515910.0	 297.3494873046875	 2335.111572265625	 66491.984375
21515970.0	 285.71148681640625	 2204.77490234375	 60084.58984375
21516028.0	 293.51171875	 2263.3583984375	 64448.37109375
21516088.0	 288.5834045410156	 2320.578125	 65802.5390625
21516144.0	 284.5357666015625	 2382.8271484375	 66612.0859375
21516202.0	 284.5139465332031	 2322.02099609375	 67611.640625
21516262.0	 284.66986083984375	 2330.13330078125	 68929.9296875
21516318.0	 286.1830139160156	 2351.673583984375	 68074.8671875
21516378.0	 285.83575439453125	 2328.12744140625	 64577.7890625
21516434.0	 282.517333984375	 2345.789794921875	 66062.453125
21516494.0	 281.3570556640625	 2319.679443359375	 66953.15625
21516612.0	 283.93865966796875	 2303.3203125	 66859.671875
21516668.0	 283.35064697265625	 2353.27490234375	 66664.46875
21517368.0	 280.9461364746094	 2422.287353515625	 63879.015625
21517426.0	 279.9312744140625	 2386.04833984375	 63464.59375
21517544.0	 278.82861328125	 2399.22900390625	 63658.81640625
21517600.0	 281.49407958984375	 2371.97509765625	 64916.75390625
21517660.0	 277.63153076171875	 2363.92822265625	 62678.45703125
21519116.0	 280.2498779296875	 2316.84912109375	 66084.125
21519232.0	 281.6692810058594	 2368.96728515625	 65668.421875
21519290.0	 280.02301025390625	 2372.979248046875	 64035.64453125
21519350.0	 279.8619079589844	 2411.241943359375	 65068.11328125
21519408.0	 280.13787841796875	 2392.91650390625	 64963.01171875
21519468.0	 280.4134826660156	 2370.202392578125	 63982.5
21519524.0	 279.2995910644531	 2335.63818359375	 65816.1484375
21519582.0	 278.9316711425781	 2362.3916015625	 65905.640625
21520106.0	 279.87457275390625	 2457.821044921875	 63978.82421875
21520166.0	 279.9423828125	 2587.110107421875	 62125.66015625
21520222.0	 279.99383544921875	 2674.609619140625	 67922.6328125
21520282.0	 280.1801452636719	 2590.23291015625	 68309.3203125
21520340.0	 282.0162658691406	 2552.4677734375	 58538.90234375
21520630.0	 281.45697021484375	 2633.3798828125	 63840.57421875
21520688.0	 280.4270324707031	 2734.7080078125	 65738.5
21520748.0	 282.38751220703125	 2774.484130859375	 66953.5234375
21520806.0	 281.9920349121094	 2549.689208984375	 61166.0390625
21525058.0	 278.91033935546875	 2689.7158203125	 62120.375
21525234.0	 281.64276123046875	 2730.676025390625	 62723.69140625
21525292.0	 281.24072265625	 2792.67724609375	 65578.3984375
21525352.0	 280.6853942871094	 2750.13427734375	 63595.69921875
21525408.0	 280.7893371582031	 2742.218505859375	 64455.3125
21525468.0	 279.9726867675781	 2699.290771484375	 61672.51953125
21525524.0	 278.6961364746094	 2818.956298828125	 64296.09765625
21525584.0	 278.8363037109375	 2773.71875	 63423.2265625
21525816.0	 279.0728759765625	 2713.91162109375	 62273.0390625
21525874.0	 278.85992431640625	 2701.576416015625	 61723.44140625
21525932.0	 282.0459899902344	 2859.158447265625	 67498.28125
21668342.0	 297.7901306152344	 2295.53955078125	 78239.8671875
21668400.0	 293.6256103515625	 2118.807861328125	 66424.4453125
21668460.0	 289.4268493652344	 2416.57958984375	 82294.265625
21673060.0	 297.0429992675781	 2228.15625	 80670.8203125
21673118.0	 293.6979064941406	 2455.73095703125	 84799.1015625
21673234.0	 296.736572265625	 2325.537841796875	 80511.046875
21673292.0	 298.5119934082031	 2288.132080078125	 75765.5625
21673350.0	 294.30999755859375	 2308.804443359375	 76303.6328125
21673410.0	 293.97515869140625	 2397.317138671875	 86051.359375
21673524.0	 301.63702392578125	 2449.712158203125	 90501.109375
21673582.0	 300.9179992675781	 2329.233154296875	 75456.3359375
21673640.0	 304.1332702636719	 2310.0615234375	 77235.9609375
21673700.0	 297.5047302246094	 2222.28515625	 78818.859375
21673758.0	 299.20452880859375	 2237.61083984375	 82885.3515625
21673816.0	 296.58782958984375	 2244.6630859375	 82642.40625
21674108.0	 297.0807189941406	 2359.972412109375	 79279.8359375
21674166.0	 292.6662292480469	 2313.355712890625	 81515.796875
21674224.0	 300.19207763671875	 2304.684326171875	 86802.6328125
21674282.0	 298.40106201171875	 2329.132568359375	 81228.875
21674398.0	 298.4924621582031	 2342.15869140625	 80508.234375
21674456.0	 301.1780090332031	 2362.3818359375	 83920.78125
21674514.0	 298.01788330078125	 2330.758544921875	 79488.0859375
21674572.0	 298.41741943359375	 2333.77490234375	 81838.75
21674632.0	 301.05206298828125	 2335.914306640625	 79807.15625
21674688.0	 306.814453125	 2256.20361328125	 79973.0546875
21674748.0	 301.60357666015625	 2208.712646484375	 81597.6015625
21674806.0	 306.05865478515625	 2211.29296875	 85102.46875
21674864.0	 307.47509765625	 2297.647705078125	 85992.578125
21674922.0	 303.93035888671875	 2257.575927734375	 79992.953125
21674980.0	 304.0634765625	 2242.533447265625	 87642.1953125
21675038.0	 302.7605895996094	 2223.693603515625	 83284.9609375
21675098.0	 302.64892578125	 2143.58740234375	 81015.6328125
21675156.0	 301.4028625488281	 2269.109619140625	 83329.9140625
21675214.0	 301.1251220703125	 2090.6044921875	 82062.9453125
21675272.0	 297.7998352050781	 2180.707763671875	 80185.96875
21675330.0	 298.0892028808594	 2094.483642578125	 76265.453125
21675388.0	 299.811279296875	 2146.516845703125	 80765.1875
21675446.0	 294.11236572265625	 2098.3798828125	 75140.8359375
21675504.0	 292.39239501953125	 2185.60205078125	 80025.4453125
21675562.0	 290.84271240234375	 2221.63037109375	 83998.0078125
21675620.0	 300.55413818359375	 2227.369140625	 78276.890625
21675678.0	 303.279052734375	 2209.5390625	 84294.421875
21675736.0	 301.2552795410156	 2307.04443359375	 81451.4453125
21675796.0	 300.0651550292969	 2134.936279296875	 76520.984375
21675912.0	 301.6531677246094	 2287.218505859375	 79982.328125
21675970.0	 300.7540588378906	 1962.8529052734375	 70605.25
21676028.0	 299.1316833496094	 2117.5810546875	 74167.859375
21676086.0	 301.51788330078125	 2171.260986328125	 77820.0625
21676146.0	 308.2241516113281	 1990.344970703125	 74784.5
21676204.0	 302.21490478515625	 2177.897705078125	 77609.5234375
21676262.0	 302.1288757324219	 2289.5869140625	 81226.0546875
21676320.0	 302.8039855957031	 2107.39501953125	 75721.109375
21676378.0	 300.07135009765625	 2316.8681640625	 77574.96875
21676436.0	 295.81915283203125	 2179.614990234375	 71856.9453125
21676552.0	 294.9293518066406	 2130.50048828125	 72324.4296875
21676610.0	 291.2278137207031	 2264.0908203125	 81207.9921875
21676668.0	 289.4786376953125	 2106.033935546875	 75262.90625
21676728.0	 289.3995666503906	 2100.302001953125	 78236.0390625
21676786.0	 295.0220642089844	 2489.623779296875	 83728.984375
21677076.0	 291.5535888671875	 2236.297119140625	 78538.1953125
21677134.0	 289.9191589355469	 2349.192626953125	 80815.421875
21677194.0	 296.9820251464844	 2218.56201171875	 78648.2890625
21677252.0	 286.4784240722656	 2104.034912109375	 77594.4375
21677310.0	 289.4793701171875	 2258.624755859375	 87031.515625
21677368.0	 289.9165954589844	 2156.9404296875	 73578.3046875
21677484.0	 293.45172119140625	 2151.954833984375	 77325.4609375
21677544.0	 291.45098876953125	 2156.23681640625	 76190.734375
21677600.0	 292.8846130371094	 2107.884765625	 77070.2265625
21677658.0	 295.42279052734375	 2103.49462890625	 71961.7265625
21677716.0	 294.07049560546875	 2217.96728515625	 73096.9140625
21677834.0	 294.3141784667969	 2275.286865234375	 71725.46875
21677894.0	 293.324462890625	 2196.5458984375	 71222.59375
21677950.0	 293.0963439941406	 2212.716552734375	 72391.2421875
21678124.0	 292.15875244140625	 2232.04638671875	 74048.9453125
21678182.0	 292.24102783203125	 2188.59912109375	 72368.53125
21678242.0	 293.275146484375	 2233.691162109375	 75168.0078125
21678300.0	 293.24755859375	 2238.83251953125	 75039.453125
21678356.0	 293.03155517578125	 2174.61279296875	 72160.375
21678416.0	 292.6903381347656	 2196.90234375	 73197.71875
21678474.0	 293.08026123046875	 2255.63623046875	 74797.7265625
21678532.0	 294.4204406738281	 2335.851318359375	 70599.9921875
21678592.0	 295.3399963378906	 2360.468505859375	 72172.7265625
21678650.0	 294.8791809082031	 2376.66455078125	 69623.5625
21678708.0	 295.44964599609375	 2449.016357421875	 70643.21875
21678766.0	 297.1295166015625	 2416.62353515625	 69317.6484375
21678822.0	 295.9324645996094	 2457.844482421875	 70864.734375
21678880.0	 295.83740234375	 2401.11572265625	 70294.9296875
21678942.0	 297.6738586425781	 2407.551025390625	 71433.75
21679000.0	 300.9471740722656	 2285.3623046875	 74296.9140625
21679056.0	 299.78265380859375	 2228.855224609375	 71827.65625
21681036.0	 294.1110534667969	 2475.552978515625	 79513.1484375
21681094.0	 289.4674072265625	 2444.259765625	 71658.1875
21681210.0	 284.6947021484375	 2300.32470703125	 68720.453125
21681270.0	 286.7744140625	 2416.84814453125	 76855.90625
21681328.0	 281.1474304199219	 2386.1728515625	 66694.8671875
21681386.0	 299.43798828125	 2458.768310546875	 88882.375
21681444.0	 303.6394348144531	 2424.61474609375	 82609.8984375
21681502.0	 306.280029296875	 2197.112548828125	 71136.875
21681560.0	 300.0573425292969	 2270.77587890625	 75465.5859375
21681676.0	 303.7105407714844	 2276.03759765625	 72579.6640625
21681734.0	 304.4549560546875	 2336.18310546875	 76787.0859375
21681792.0	 299.31048583984375	 2358.7392578125	 70255.6328125
21681852.0	 307.6855163574219	 2359.133544921875	 71507.296875
21681910.0	 307.4188537597656	 2357.523681640625	 75238.953125
21681968.0	 307.093505859375	 2428.33544921875	 77158.875
21682026.0	 305.0938415527344	 2362.11767578125	 71261.46875
21682084.0	 305.035400390625	 2344.609375	 69840.75
21682142.0	 303.0235900878906	 2387.704833984375	 69844.6015625
21682200.0	 304.1450500488281	 2451.398681640625	 72779.203125
21682260.0	 302.26385498046875	 2392.6064453125	 70632.28125
21682318.0	 305.9782409667969	 2333.670166015625	 73402.7265625
21682376.0	 305.1515197753906	 2387.597900390625	 78323.515625
21682434.0	 310.7298889160156	 2327.825439453125	 78618.5234375
21682492.0	 312.0183410644531	 2304.09619140625	 83302.1796875
21682548.0	 311.5196838378906	 2035.205078125	 67920.234375
21682610.0	 305.7821350097656	 2220.696044921875	 80621.4921875
21682666.0	 322.2093200683594	 2318.43505859375	 88979.984375
21682724.0	 322.12384033203125	 2325.1455078125	 81978.640625
21682782.0	 315.32208251953125	 2235.155029296875	 71089.7734375
21682840.0	 304.3268127441406	 2206.7890625	 72519.359375
21682898.0	 297.3448791503906	 2289.013916015625	 77467.390625
21682956.0	 300.54034423828125	 2181.776123046875	 84120.1875
21683016.0	 301.37896728515625	 2125.184326171875	 83775.6484375
21683074.0	 301.063720703125	 2141.9658203125	 80190.8984375
21683132.0	 301.4446716308594	 2172.58251953125	 84129.8515625
21683248.0	 301.17718505859375	 2156.12451171875	 85466.6484375
21683306.0	 301.537109375	 2094.276611328125	 79691.1953125
21683366.0	 299.115966796875	 2131.95703125	 85103.7578125
21683424.0	 299.612060546875	 2110.703369140625	 80487.5859375
21683482.0	 298.4378662109375	 2192.916259765625	 83704.40625
21683714.0	 299.07208251953125	 2070.426025390625	 80170.9375
21683774.0	 297.07647705078125	 2166.876953125	 85459.4453125
21683832.0	 296.0177917480469	 2192.467041015625	 81076.6640625
21683890.0	 296.1485290527344	 2156.762939453125	 78861.8828125
21683948.0	 296.9722900390625	 2208.442138671875	 87819.9921875
21684006.0	 294.8302307128906	 2153.3876953125	 80296.9609375
21684064.0	 294.73846435546875	 2205.569091796875	 81255.2109375
21684122.0	 293.8439636230469	 2153.650634765625	 82466.078125
21684180.0	 294.75872802734375	 2291.3515625	 78215.0546875
21684238.0	 300.83380126953125	 2195.2392578125	 80063.828125
21684296.0	 303.10003662109375	 2171.093505859375	 83092.953125
21684354.0	 306.98638916015625	 2041.0130615234375	 81972.3828125
21684412.0	 303.6422119140625	 2179.934814453125	 83964.703125
21684470.0	 303.320068359375	 2081.335205078125	 86375.546875
21684530.0	 302.9912109375	 2216.013916015625	 81451.625
21684588.0	 302.3171081542969	 2175.75146484375	 84230.0703125
21684646.0	 305.3783264160156	 2158.45068359375	 84514.609375
21684704.0	 299.6253967285156	 2158.524658203125	 80155.515625
21684762.0	 301.97821044921875	 2157.195068359375	 78859.109375
21684820.0	 308.0704650878906	 2205.443603515625	 84749.75
21684880.0	 310.1337890625	 2113.022216796875	 84273.1640625
21684938.0	 307.9908447265625	 2177.23095703125	 83630.8515625
21684996.0	 311.05609130859375	 2092.61181640625	 83625.296875
21685054.0	 310.5089111328125	 2032.1090087890625	 84454.7578125
21685112.0	 306.0636291503906	 2131.897216796875	 79851.7265625
21685170.0	 305.8738708496094	 2139.93896484375	 78490.96875
21685228.0	 308.01507568359375	 2150.436767578125	 84910.390625
21685288.0	 314.8612060546875	 2091.0712890625	 84963.5859375
21685346.0	 313.44342041015625	 2084.799560546875	 82844.875
21685404.0	 316.074951171875	 2066.509765625	 85841.578125
21685576.0	 313.2281799316406	 2114.051513671875	 83349.078125
21685636.0	 316.3008728027344	 2044.0670166015625	 88751.859375
21685694.0	 316.40374755859375	 2043.242431640625	 87865.3671875
21685752.0	 294.2815246582031	 2118.891357421875	 76070.0546875
21685810.0	 283.2684326171875	 2192.8583984375	 75291.171875
21685868.0	 287.27947998046875	 2327.560791015625	 78162.171875
21685926.0	 289.2911682128906	 2252.903564453125	 76110.0546875
21685984.0	 293.1749267578125	 2012.8907470703125	 77825.8828125
21686044.0	 286.57684326171875	 2452.7666015625	 81771.796875
21686802.0	 289.9076232910156	 2386.279296875	 85308.1015625
21686860.0	 286.8842468261719	 1867.46923828125	 72632.6640625
21686918.0	 293.6451110839844	 2111.99658203125	 84832.8828125
21686976.0	 297.2476501464844	 2154.849609375	 79474.078125
21687032.0	 300.19378662109375	 2229.2529296875	 85821.1953125
21687090.0	 295.2838134765625	 2088.660888671875	 74693.3046875
21687148.0	 299.7396545410156	 2218.068115234375	 86060.25
21687208.0	 298.3397216796875	 2125.840576171875	 76992.125
21687266.0	 296.90887451171875	 2274.916259765625	 78524.84375
21687324.0	 302.2386779785156	 2300.311279296875	 87152.8125
21687440.0	 309.8794250488281	 2068.200927734375	 81255.875
21687500.0	 311.18896484375	 2161.56005859375	 82635.0078125
21687556.0	 314.9823913574219	 2035.562744140625	 85992.640625
21687616.0	 294.21392822265625	 2076.81640625	 70408.046875
21687790.0	 306.16650390625	 2139.308349609375	 82106.0234375
21687848.0	 310.10980224609375	 2157.76025390625	 87428.359375
21687906.0	 308.8020324707031	 1972.59326171875	 76194.4609375
21687964.0	 310.568603515625	 2059.33251953125	 82144.7265625
21688024.0	 314.5027160644531	 2082.272705078125	 91622.515625
21688082.0	 311.35394287109375	 2020.250244140625	 83953.515625
21688140.0	 309.2359619140625	 1991.66357421875	 81690.234375
21688198.0	 310.02410888671875	 1982.9998779296875	 79062.0546875
21688256.0	 305.80224609375	 2107.7705078125	 86418.5
21688314.0	 288.502685546875	 2123.705322265625	 76819.7578125
21688372.0	 301.4804992675781	 2082.9423828125	 81510.0625
21688432.0	 303.97821044921875	 1989.3311767578125	 73395.6796875
21688490.0	 301.5676574707031	 2037.7862548828125	 79986.1484375
21688548.0	 302.1463317871094	 2056.974609375	 77328.421875
21688606.0	 300.552978515625	 2188.41552734375	 85955.7578125
21688664.0	 305.3887939453125	 1891.6490478515625	 79474.1640625
21688722.0	 302.8823547363281	 1974.509521484375	 83446.9765625
21688780.0	 301.2156677246094	 1979.2064208984375	 75293.484375
21688840.0	 299.0198059082031	 1977.272705078125	 75349.125
21689012.0	 293.3524475097656	 1966.191650390625	 75910.6875
21689070.0	 300.7864685058594	 2275.244873046875	 93901.6015625
21689128.0	 297.88232421875	 1989.5438232421875	 77777.1796875
21689188.0	 295.63323974609375	 2124.947509765625	 83153.0234375
21689246.0	 295.4783020019531	 2111.677001953125	 82051.7265625
21689420.0	 292.4323425292969	 2122.012939453125	 85805.34375
21689478.0	 292.3396911621094	 2105.45361328125	 80271.671875
21689536.0	 296.0205383300781	 2069.2919921875	 84890.53125
21689596.0	 296.1600646972656	 2122.796142578125	 81315.078125
21689654.0	 294.7122802734375	 2056.180419921875	 80443.703125
21689712.0	 294.97412109375	 2106.239501953125	 78345.234375
21689770.0	 293.9081115722656	 2051.239990234375	 79253.625
21689828.0	 294.56329345703125	 2057.306884765625	 84298.015625
21689886.0	 296.4263916015625	 2076.206787109375	 78514.390625
21689944.0	 294.11895751953125	 2089.105712890625	 78922.2265625
21690004.0	 294.9642333984375	 2081.75244140625	 75191.03125
21690062.0	 291.4772644042969	 2077.7734375	 77473.125
21690120.0	 292.406982421875	 2159.4736328125	 79671.671875
21690178.0	 293.8160095214844	 2126.310302734375	 78269.359375
21690236.0	 295.4505615234375	 2044.6541748046875	 78183.1015625
21690294.0	 293.99700927734375	 2082.865478515625	 79248.6484375
21690352.0	 296.7823486328125	 2142.7529296875	 81509.390625
21690412.0	 292.8005065917969	 2096.93896484375	 80948.4296875
21690470.0	 297.2098083496094	 2044.1583251953125	 80231.8046875
21690528.0	 299.0160217285156	 2076.07958984375	 82261.375
21690586.0	 300.8674011230469	 2177.471435546875	 81493.234375
21690642.0	 301.8259582519531	 2038.6553955078125	 78691.71875
21690700.0	 302.63690185546875	 2140.056396484375	 79530.7421875
21690758.0	 301.8465881347656	 2027.50390625	 76143.9296875
21690818.0	 297.74688720703125	 2223.5517578125	 83164.2578125
21690876.0	 299.9515380859375	 2077.17138671875	 78951.296875
21690934.0	 303.70843505859375	 2213.106689453125	 81651.921875
21690992.0	 308.9118957519531	 2150.60302734375	 80418.1875
21691050.0	 310.9259948730469	 2098.932373046875	 85789.296875
21691108.0	 309.9669494628906	 2066.760009765625	 78676.140625
21691284.0	 313.377197265625	 2081.52392578125	 84317.3046875
21691342.0	 311.3353576660156	 2036.5172119140625	 81250.2109375
21691400.0	 311.028564453125	 1982.435546875	 77299.5859375
21691458.0	 308.6333923339844	 2279.802734375	 89400.71875
21691516.0	 320.05218505859375	 2027.65380859375	 88159.9609375
21691574.0	 322.89111328125	 1992.343994140625	 89527.6328125
21691632.0	 322.4976806640625	 1938.5543212890625	 84869.3046875
21691692.0	 323.3998107910156	 1894.9306640625	 85048.2890625
21691750.0	 318.835205078125	 1959.1422119140625	 81737.21875
21691808.0	 321.887451171875	 2011.2188720703125	 91176.28125
21691866.0	 325.59747314453125	 1960.4835205078125	 85088.1171875
21693030.0	 285.5964050292969	 2327.59130859375	 75141.0546875
21712826.0	 282.0409851074219	 2086.50146484375	 74280.5390625
21712884.0	 283.0755615234375	 2096.730224609375	 74327.9296875
21713292.0	 285.4590148925781	 2060.274169921875	 74259.453125
21726914.0	 298.60272216796875	 2098.501953125	 84883.796875
21726972.0	 282.9889831542969	 2005.0458984375	 72349.8046875
21727146.0	 287.58892822265625	 2089.793701171875	 78122.78125
21727206.0	 291.22125244140625	 2052.2275390625	 74908.0078125
21727264.0	 290.90887451171875	 2109.25390625	 77877.890625
21727322.0	 287.9002380371094	 2134.20751953125	 79120.765625
21727380.0	 284.5228576660156	 2078.8232421875	 77005.5546875
21727438.0	 290.3554992675781	 2052.870361328125	 77651.8125
21727496.0	 288.0819396972656	 2065.31982421875	 76253.8359375
23209198.0	 298.41888427734375	 1607.9552001953125	 93545.6171875
23210180.0	 302.06597900390625	 1624.9873046875	 98760.65625
23210238.0	 300.09271240234375	 1594.23046875	 99869.0703125
23247408.0	 306.2397766113281	 1568.7445068359375	 108218.671875
23247464.0	 305.8279724121094	 1450.7266845703125	 98037.21875
23247522.0	 305.1538391113281	 1372.7525634765625	 91828.6328125
23880078.0	 302.1405334472656	 1097.1387939453125	 131570.09375
23891160.0	 297.1246032714844	 1128.31591796875	 137948.859375
23908558.0	 313.18658447265625	 1055.593505859375	 132396.453125
23908616.0	 312.4476318359375	 1094.307373046875	 150895.25
23908674.0	 313.7541198730469	 1048.921142578125	 141074.578125
23908730.0	 306.36175537109375	 1101.610107421875	 134093.078125
23908848.0	 311.0097351074219	 1012.60986328125	 121223.1171875
23908904.0	 309.7477722167969	 1028.8839111328125	 142108.40625
23908960.0	 304.8771667480469	 1125.7447509765625	 139340.75
23911948.0	 309.715087890625	 1043.6390380859375	 133814.6875
23912060.0	 303.6693420410156	 1092.2119140625	 142082.125
23912118.0	 308.49554443359375	 1106.174072265625	 137338.875
23912176.0	 305.4392395019531	 1108.9210205078125	 140272.125
23928252.0	 309.123779296875	 1097.10498046875	 147750.78125
23928712.0	 308.8093566894531	 1122.84130859375	 160050.515625
23928770.0	 310.24224853515625	 1063.0980224609375	 140882.3125
23928824.0	 311.7079772949219	 1060.4913330078125	 155356.390625
24050472.0	 297.7956848144531	 1563.806396484375	 109314.40625
24050530.0	 307.2442932128906	 1278.91259765625	 93804.0546875
24050588.0	 306.64447021484375	 1238.64404296875	 93027.1953125
24050644.0	 299.2904968261719	 1562.2105712890625	 108067.1875
24051102.0	 305.7927551269531	 1355.279052734375	 94934.6640625
24051160.0	 310.8251647949219	 1337.6031494140625	 108265.703125
24051216.0	 311.5328063964844	 1203.02001953125	 93584.5234375
24051276.0	 309.57781982421875	 1302.0809326171875	 100718.265625
24051332.0	 301.47357177734375	 1319.2137451171875	 92983.046875
24051388.0	 307.6387939453125	 1218.433349609375	 92673.0546875
24051446.0	 312.4228210449219	 1224.0347900390625	 95418.1640625
24051504.0	 308.47125244140625	 1315.72021484375	 101064.109375
24051560.0	 305.19805908203125	 1311.4603271484375	 96391.671875
24051618.0	 306.7408447265625	 1305.35009765625	 93793.375
24051678.0	 305.97137451171875	 1369.0325927734375	 109474.1484375
24051732.0	 305.5504455566406	 1271.2569580078125	 89058.9296875
24051792.0	 309.42987060546875	 1285.1746826171875	 88246.640625
24051848.0	 308.9602966308594	 1262.9078369140625	 87914.0390625
24051906.0	 305.9432678222656	 1346.5682373046875	 92422.265625
24051964.0	 299.9901428222656	 1388.189697265625	 96738.6640625
24052020.0	 299.36810302734375	 1407.2562255859375	 98090.8359375
24052078.0	 317.4004821777344	 1266.6148681640625	 100800.5625
24052136.0	 320.9769287109375	 1255.5235595703125	 101423.515625
24053338.0	 304.5200500488281	 1431.161376953125	 105348.4453125
24053398.0	 305.8961486816406	 1370.6337890625	 103515.96875
24053454.0	 308.46502685546875	 1324.5970458984375	 92696.0703125
24053510.0	 306.61572265625	 1302.3160400390625	 90940.828125
24053568.0	 310.0764465332031	 1294.644287109375	 99985.8828125
24053684.0	 303.80194091796875	 1340.8843994140625	 109229.3046875
24053742.0	 300.88336181640625	 1417.973388671875	 103876.2890625
24053798.0	 305.2066650390625	 1404.2984619140625	 110201.4765625
24053970.0	 302.4422302246094	 1350.0999755859375	 90934.390625
24054028.0	 302.6646423339844	 1391.6212158203125	 89442.7421875
24054084.0	 302.3292541503906	 1510.112060546875	 99651.8046875
24054316.0	 298.3887023925781	 1340.7742919921875	 95481.4375
24054372.0	 300.49298095703125	 1442.3162841796875	 107445.4609375
24056838.0	 310.1944580078125	 1422.640380859375	 99576.921875
24056894.0	 317.77099609375	 1232.925048828125	 99053.9140625
24057010.0	 319.9051513671875	 1286.51220703125	 109673.1015625
24059302.0	 320.2155456542969	 1306.1483154296875	 145423.859375
24149936.0	 300.9260559082031	 1254.8197021484375	 122412.9375
24149992.0	 311.38250732421875	 1174.338623046875	 141894.640625
24150108.0	 310.8843078613281	 1251.279541015625	 158581.875
24150738.0	 305.1370849609375	 1021.0393676757812	 121478.828125
24150796.0	 306.3714599609375	 1081.6219482421875	 141503.09375
24150852.0	 309.13323974609375	 1154.04931640625	 140222.875
24150966.0	 310.23175048828125	 1115.66552734375	 136678.703125
24151024.0	 309.49652099609375	 1076.5909423828125	 133986.421875
24151252.0	 308.3429260253906	 1199.768310546875	 133045.046875
24151310.0	 305.3202819824219	 1121.537353515625	 140281.28125
24151540.0	 306.15850830078125	 1070.9169921875	 144742.140625
24151598.0	 305.5074768066406	 1115.9759521484375	 152861.25
24151654.0	 307.2266540527344	 1034.9111328125	 149867.140625
24151998.0	 305.17529296875	 1075.73828125	 137585.59375
24152056.0	 308.8481750488281	 1083.0604248046875	 146982.59375
24152114.0	 309.654296875	 996.902587890625	 128750.71875
24152170.0	 305.31256103515625	 1041.2030029296875	 141095.78125
24152228.0	 302.24176025390625	 1078.5465087890625	 136605.28125
24152284.0	 303.43695068359375	 1121.79736328125	 149337.484375
24152342.0	 306.3260498046875	 1065.7403564453125	 130645.2734375
24152400.0	 302.7554016113281	 1127.0946044921875	 145085.921875
24152458.0	 300.227294921875	 1114.6494140625	 151124.609375
24152514.0	 295.6205139160156	 1118.9390869140625	 105916.109375
24158816.0	 303.69940185546875	 1140.427490234375	 139718.625
24158874.0	 305.2403564453125	 1151.308349609375	 143669.4375
24158934.0	 308.5624084472656	 1062.9595947265625	 131115.09375
24158990.0	 305.54266357421875	 1074.7073974609375	 135482.796875
24661728.0	 300.09051513671875	 1091.7479248046875	 136291.15625
24671882.0	 302.4049987792969	 1127.9630126953125	 126382.25
24671940.0	 302.4132385253906	 1088.775634765625	 126591.5546875
24672168.0	 301.2572937011719	 1120.4002685546875	 136585.84375
24672224.0	 301.28497314453125	 1056.7498779296875	 130613.1640625
24672454.0	 302.60626220703125	 1042.6953125	 127423.5859375
24672566.0	 308.2152404785156	 1080.6749267578125	 131586.640625
24672624.0	 309.6429443359375	 1019.9481201171875	 127476.625
24672680.0	 302.68695068359375	 1048.261474609375	 125666.8203125
24673592.0	 311.2174377441406	 969.2890014648438	 105150.8359375
24673876.0	 315.0369567871094	 1027.909423828125	 126819.546875
24673992.0	 317.5627136230469	 996.9639892578125	 118581.7578125
24674048.0	 318.7806091308594	 995.1077880859375	 130879.109375
24674106.0	 325.1824951171875	 932.7554931640625	 122420.4609375
24674448.0	 317.3450622558594	 935.5919799804688	 110874.1328125
24675360.0	 300.57940673828125	 928.4942016601562	 92015.6796875
24675418.0	 306.5272216796875	 1150.384033203125	 124288.671875
24675474.0	 301.8747253417969	 1104.2608642578125	 110763.65625
24675532.0	 308.7293701171875	 1058.462158203125	 111714.8984375
24675588.0	 308.0266418457031	 1017.0858764648438	 115520.5390625
24675702.0	 291.9042663574219	 1077.1881103515625	 101214.21875
24692356.0	 308.321533203125	 1019.1395263671875	 117080.578125
24692416.0	 310.4154357910156	 1009.712158203125	 129592.4140625
24694184.0	 302.0660400390625	 1050.54296875	 140224.640625
24694410.0	 297.2350158691406	 1118.73046875	 130116.7890625
24700512.0	 304.37255859375	 1112.034912109375	 144874.828125
24700570.0	 309.85260009765625	 995.677490234375	 121669.078125
24702508.0	 301.5719909667969	 1088.6014404296875	 125116.609375
24704560.0	 299.6354675292969	 1293.1966552734375	 129731.4296875
24706158.0	 294.09539794921875	 1114.7872314453125	 106909.1640625
24709066.0	 295.8216552734375	 1141.5843505859375	 115502.7265625
24709124.0	 300.57415771484375	 1097.21728515625	 117737.734375
24712432.0	 314.2704162597656	 1080.15185546875	 132963.78125
24712488.0	 310.3180236816406	 983.7431030273438	 112675.2421875
24712546.0	 307.6590881347656	 1108.2738037109375	 141594.265625
24712888.0	 330.2129211425781	 898.2230224609375	 131729.96875
24714770.0	 311.3117980957031	 1031.406982421875	 111882.15625
24717676.0	 312.1274719238281	 1105.125244140625	 143473.765625
24718876.0	 324.0283508300781	 972.367431640625	 121894.515625
24719956.0	 301.86370849609375	 1086.83544921875	 138662.015625
24720016.0	 310.12005615234375	 941.7408447265625	 112195.890625
24720070.0	 313.2834777832031	 956.4401245117188	 121268.140625
24721554.0	 321.19512939453125	 1002.1571044921875	 137302.78125
24721610.0	 314.61578369140625	 839.9906005859375	 87631.25
24722066.0	 304.46014404296875	 1048.3560791015625	 129408.828125
24722352.0	 308.8237609863281	 1018.7907104492188	 124680.90625
24722408.0	 307.7725830078125	 1032.0845947265625	 129680.7421875
24722638.0	 310.9495544433594	 1041.422119140625	 130230.7578125
24730620.0	 299.5399169921875	 1113.07470703125	 116940.375
24730676.0	 301.764892578125	 1136.7628173828125	 127180.1953125
24730732.0	 303.4167785644531	 1169.03564453125	 128173.0
24730904.0	 300.76416015625	 1146.874267578125	 116488.3828125
24730962.0	 301.75970458984375	 1125.7799072265625	 116004.0546875
24731190.0	 295.872802734375	 1079.8126220703125	 107481.3984375
24731246.0	 296.8763122558594	 1178.7230224609375	 126213.28125
24731304.0	 297.0528564453125	 1156.4625244140625	 125796.7578125
24741964.0	 317.01153564453125	 988.1380004882812	 125788.0234375
24743160.0	 308.0979309082031	 1215.2265625	 147208.296875
24744188.0	 304.4021911621094	 1043.9527587890625	 119196.53125
24752566.0	 295.06365966796875	 1063.95166015625	 115246.8515625
24761798.0	 313.4013671875	 1052.7181396484375	 142522.953125
24761858.0	 315.77496337890625	 994.1409301757812	 116397.5390625
24763282.0	 317.21270751953125	 1098.862548828125	 151210.4375
24763338.0	 315.9736022949219	 1112.265380859375	 148132.46875
24765506.0	 299.0867614746094	 1150.78759765625	 148747.265625
24769952.0	 312.70306396484375	 1051.7220458984375	 128889.2734375
26446238.0	 310.80572509765625	 1064.7154541015625	 108288.7109375
26446296.0	 304.0129699707031	 943.4851684570312	 88653.75
26446352.0	 285.3703308105469	 1043.7120361328125	 90275.90625
26446408.0	 289.1297607421875	 1138.1168212890625	 104260.125
26446464.0	 305.4897766113281	 987.1466064453125	 88379.953125
26446520.0	 294.6450500488281	 1059.99462890625	 93639.0625
26446576.0	 289.2765808105469	 999.5518798828125	 98225.1328125
26535364.0	 282.4877014160156	 1156.1939697265625	 98309.3359375
26540124.0	 287.9398498535156	 1180.2469482421875	 109469.71875
26540180.0	 293.7464294433594	 1190.3699951171875	 111179.4375
26540236.0	 308.4811706542969	 1103.7042236328125	 119612.1484375
26540292.0	 331.9165344238281	 824.5269775390625	 159891.875
26540346.0	 310.1711120605469	 952.7698974609375	 68791.234375
26540404.0	 299.3049011230469	 1084.530517578125	 95749.375
26540458.0	 296.3211669921875	 1122.5987548828125	 96772.25
26540514.0	 302.58721923828125	 1062.439697265625	 101599.671875
26540572.0	 303.37384033203125	 1045.4075927734375	 100145.1171875
26540628.0	 305.0126647949219	 1089.706298828125	 102339.53125
26540684.0	 307.807861328125	 1111.322265625	 114655.59375
26540738.0	 318.21954345703125	 998.0010375976562	 103926.34375
26540796.0	 316.0569763183594	 915.8186645507812	 95606.0078125
26540850.0	 311.934814453125	 1097.528076171875	 111520.296875
26540904.0	 313.7349853515625	 1005.8492431640625	 118300.1015625
26540962.0	 309.9934387207031	 1053.966552734375	 107314.1015625
26541018.0	 313.33746337890625	 1047.6954345703125	 107704.578125
26541244.0	 317.9593811035156	 1055.41845703125	 131696.25
26541298.0	 318.4355163574219	 1002.8718872070312	 113421.4765625
26542474.0	 320.60931396484375	 959.5125122070312	 117758.484375
26542530.0	 323.9673156738281	 941.827392578125	 123394.0625
26542586.0	 323.58673095703125	 928.398193359375	 113987.7578125
26542700.0	 315.8704528808594	 993.9545288085938	 92766.703125
26542756.0	 312.4404296875	 1040.95751953125	 111724.765625
26542810.0	 312.27435302734375	 1015.6747436523438	 97493.9921875
26542866.0	 314.783203125	 1014.8323364257812	 112748.3828125
26542922.0	 314.99676513671875	 1043.281494140625	 111749.140625
26590162.0	 291.1212158203125	 1050.2933349609375	 103704.1484375
26590218.0	 284.88372802734375	 1127.1888427734375	 110076.40625
26590386.0	 296.1293640136719	 1194.396484375	 137439.609375
26590442.0	 309.24224853515625	 1016.8670043945312	 141147.78125
27044806.0	 300.5079650878906	 931.5099487304688	 140890.640625
27044916.0	 305.2546691894531	 931.4974365234375	 153540.328125
27050542.0	 308.2319641113281	 909.340576171875	 143218.21875
27064292.0	 298.3526916503906	 981.6508178710938	 126423.3203125
27067964.0	 301.37139892578125	 1041.0582275390625	 148206.09375
27068020.0	 300.4354248046875	 951.6416015625	 129344.0390625
27068078.0	 295.9694519042969	 908.2454833984375	 113086.1328125
27158208.0	 299.74835205078125	 1028.267578125	 138863.5625
27158374.0	 298.7400817871094	 1011.0637817382812	 129049.7890625
27158430.0	 297.9178161621094	 1035.14794921875	 135320.484375
27158484.0	 298.8368835449219	 1026.75732421875	 131314.0
27158764.0	 303.1691589355469	 972.8827514648438	 125679.203125
27158818.0	 297.68798828125	 1027.2900390625	 132057.890625
27158876.0	 301.43499755859375	 1044.6265869140625	 145947.53125
27158930.0	 302.7408447265625	 1023.747314453125	 136614.90625
27159154.0	 303.821533203125	 1033.3697509765625	 144993.453125
27159210.0	 300.0001525878906	 1008.8085327148438	 128542.6328125
27159264.0	 299.24127197265625	 1091.8931884765625	 145286.015625
27159320.0	 300.8482971191406	 1001.2936401367188	 129695.859375
27159374.0	 298.6577453613281	 1061.0723876953125	 137035.9375
27159432.0	 295.9496154785156	 995.1943969726562	 122744.734375
27159486.0	 296.9625244140625	 1114.1373291015625	 148385.203125
27159544.0	 298.4881591796875	 1041.015380859375	 139910.0625
27159598.0	 302.1134338378906	 1015.5867919921875	 129659.8046875
27159656.0	 303.0355224609375	 1017.6426391601562	 137848.5
27159710.0	 307.59027099609375	 962.959228515625	 140545.703125
27159764.0	 304.25177001953125	 942.7194213867188	 118804.9765625
27159820.0	 300.8252868652344	 932.0281372070312	 118452.7734375
27187454.0	 309.1867370605469	 929.77587890625	 129357.0390625
27187508.0	 305.23028564453125	 993.2685546875	 139593.78125
27187730.0	 301.03387451171875	 985.3707275390625	 152996.625
27187786.0	 305.9442443847656	 990.9888305664062	 140009.40625
27187842.0	 309.0589294433594	 984.9104614257812	 147222.265625
27188954.0	 307.61358642578125	 956.6302490234375	 159153.296875
27196180.0	 300.4052429199219	 1006.016845703125	 155710.9375
27196234.0	 304.22406005859375	 966.824462890625	 146098.796875
27196292.0	 302.8555603027344	 951.6649169921875	 145394.375
27196346.0	 304.7510070800781	 975.2222900390625	 152156.53125
27196402.0	 309.02764892578125	 950.2433471679688	 156260.03125
27196458.0	 307.5697326660156	 918.4556884765625	 139523.265625
27196792.0	 307.20697021484375	 961.3701171875	 141069.9375
27196848.0	 309.1365051269531	 888.342529296875	 134395.28125
27196904.0	 298.0058898925781	 970.86083984375	 139095.25
27276908.0	 305.51092529296875	 1075.76708984375	 158592.40625
27276964.0	 309.4015197753906	 990.7686767578125	 148854.75
27277020.0	 310.46337890625	 983.3492431640625	 151349.6875
27277074.0	 309.70068359375	 1013.781982421875	 156525.875
27277132.0	 314.0268249511719	 997.5150756835938	 171910.671875
27277186.0	 316.09063720703125	 926.3807983398438	 139072.640625
27277352.0	 306.4993591308594	 1030.81689453125	 152131.59375
27277410.0	 303.8204345703125	 1026.1925048828125	 142870.890625
27277518.0	 306.0364685058594	 1058.3017578125	 157226.171875
27277574.0	 311.70233154296875	 949.282958984375	 147076.796875
27277630.0	 310.792236328125	 993.74853515625	 149548.546875
27372374.0	 302.0538635253906	 1012.1009521484375	 141366.953125
27372430.0	 303.3409423828125	 983.80419921875	 128820.4921875
27372486.0	 297.6549987792969	 963.5465698242188	 127104.640625
27372818.0	 298.21826171875	 997.8179321289062	 127797.9609375
27372876.0	 298.0208435058594	 970.076171875	 128554.671875
27372932.0	 294.05023193359375	 1064.2713623046875	 140122.546875
27375426.0	 296.99871826171875	 969.8818969726562	 118237.6171875
27375482.0	 297.3707580566406	 999.1411743164062	 125697.8984375
27383746.0	 303.7263488769531	 1019.3543090820312	 147243.265625
27383802.0	 289.7754821777344	 839.34521484375	 106707.125
27406540.0	 308.3284606933594	 938.3795776367188	 131830.09375
27406596.0	 309.63665771484375	 901.03955078125	 127524.4609375
27406706.0	 298.9367370605469	 1007.5001220703125	 142346.875
27406762.0	 300.0041198730469	 1003.4491577148438	 136421.828125
27406818.0	 301.75543212890625	 951.9724731445312	 125281.515625
27407040.0	 300.157958984375	 1004.3048706054688	 142937.953125
27407152.0	 302.61871337890625	 983.2595825195312	 134360.953125
27407206.0	 299.1066589355469	 1004.3560791015625	 137697.8125
27407594.0	 298.79754638671875	 1023.1129150390625	 137841.765625
27408594.0	 295.48101806640625	 991.7415771484375	 128177.8828125
27409426.0	 298.8467102050781	 1001.1292724609375	 146978.265625
27409480.0	 300.0830383300781	 1011.434814453125	 148629.0625
27409534.0	 302.89154052734375	 970.497314453125	 144528.796875
27409590.0	 304.6316833496094	 984.5897216796875	 141672.59375
27409646.0	 304.508056640625	 948.372802734375	 132078.3125
27409702.0	 303.1640319824219	 978.51171875	 136515.765625
27409758.0	 301.1628723144531	 1006.38623046875	 149847.25
27409812.0	 303.8185119628906	 981.6340942382812	 140842.484375
27409868.0	 302.71160888671875	 964.8136596679688	 139993.8125
27409924.0	 305.2358093261719	 976.2183837890625	 144678.0625
27409980.0	 303.72052001953125	 962.2135009765625	 143138.65625
27410036.0	 302.287109375	 969.718017578125	 146657.578125
27410090.0	 300.6416931152344	 993.7742919921875	 142790.4375
27410146.0	 302.6354675292969	 974.0208740234375	 140926.609375
27410200.0	 302.42645263671875	 974.0103149414062	 132296.265625
27410254.0	 302.8692626953125	 977.333251953125	 141221.328125
27410698.0	 299.644775390625	 1003.748779296875	 142287.8125
27410756.0	 300.3681640625	 963.6964111328125	 135055.078125
27410810.0	 300.1272277832031	 991.545654296875	 144202.109375
27411086.0	 298.65118408203125	 1007.7554931640625	 137935.828125
27411144.0	 298.2508239746094	 1011.6625366210938	 146807.71875
27411198.0	 298.4474182128906	 994.1763916015625	 141191.046875
27411976.0	 301.1001281738281	 995.8712158203125	 138996.984375
27412030.0	 303.3259582519531	 990.8106079101562	 138515.828125
27412084.0	 300.17742919921875	 989.6732788085938	 143553.921875
27412198.0	 302.9899597167969	 1011.7979736328125	 151395.421875
27412252.0	 303.41668701171875	 1006.458740234375	 151748.046875
27412308.0	 309.3180236816406	 915.4277954101562	 126564.53125
27412362.0	 307.07794189453125	 922.69287109375	 131086.234375
27412418.0	 303.4092712402344	 1007.6240844726562	 148994.359375
27412474.0	 305.609375	 965.4398803710938	 136589.234375
27412530.0	 310.0238952636719	 916.9537963867188	 134545.890625
27412586.0	 308.4842529296875	 969.5988159179688	 148880.53125
27412640.0	 307.82623291015625	 960.8390502929688	 146155.140625
27412808.0	 305.9866943359375	 967.0404052734375	 141783.921875
27412864.0	 309.0537414550781	 926.3113403320312	 139711.8125
27412916.0	 307.015380859375	 956.6019897460938	 149853.765625
27412974.0	 307.0412292480469	 963.7919311523438	 142852.390625
27413028.0	 306.022216796875	 967.2633056640625	 142826.046875
27413084.0	 308.31512451171875	 940.0864868164062	 139118.15625
27413140.0	 307.12896728515625	 972.6423950195312	 152057.5
27413194.0	 309.1131896972656	 953.9996948242188	 151987.015625
27413250.0	 310.33111572265625	 944.979248046875	 137321.984375
27413306.0	 310.194580078125	 927.7466430664062	 150486.46875
27413362.0	 310.63336181640625	 950.3932495117188	 145590.390625
27413418.0	 309.158203125	 916.4517822265625	 147030.984375
27413584.0	 308.1988830566406	 954.279541015625	 140208.984375
27413640.0	 308.5805358886719	 942.4265747070312	 141184.4375
27413694.0	 308.5619812011719	 960.6121826171875	 147595.21875
27413750.0	 308.970703125	 945.0014038085938	 147253.625
27413804.0	 309.3793029785156	 947.1919555664062	 148001.078125
27413860.0	 306.6307067871094	 969.4431762695312	 142244.359375
27413916.0	 316.10882568359375	 907.4349975585938	 147878.671875
27414138.0	 311.8801574707031	 939.9557495117188	 159701.421875
27414194.0	 312.6165771484375	 921.8565063476562	 148016.0
27414250.0	 313.8053283691406	 902.8814697265625	 145321.71875
27414304.0	 309.90283203125	 918.7222290039062	 135677.984375
27414360.0	 309.6405334472656	 959.4786987304688	 157743.4375
27414470.0	 312.6816101074219	 925.1868286132812	 153079.0
27414526.0	 313.63836669921875	 902.734619140625	 141206.96875
27414582.0	 311.0242614746094	 898.6640014648438	 135618.421875
27414636.0	 310.3431701660156	 921.0443725585938	 145567.71875
27414690.0	 311.3535461425781	 909.4732666015625	 136428.78125
27414804.0	 310.5177307128906	 923.5584716796875	 132708.59375
27414856.0	 308.6289978027344	 941.6749877929688	 148961.8125
27414912.0	 308.2984313964844	 967.2348022460938	 153112.359375
27414968.0	 309.8877868652344	 925.9490966796875	 143002.8125
27415080.0	 307.7247314453125	 963.4904174804688	 151581.203125
27415134.0	 308.76763916015625	 935.6114501953125	 136777.46875
27415190.0	 314.77069091796875	 932.9984741210938	 147783.84375
27415244.0	 316.9183654785156	 840.3994140625	 144706.625
27415302.0	 320.101318359375	 847.8973388671875	 148537.96875
27415358.0	 317.6617431640625	 877.2537231445312	 146252.515625
27415412.0	 310.6882019042969	 896.199462890625	 133382.546875
27415466.0	 305.0745544433594	 937.6104125976562	 134766.53125
27415522.0	 299.78765869140625	 1064.973388671875	 149512.9375
27415580.0	 307.5812683105469	 952.8965454101562	 148222.8125
27415688.0	 302.781005859375	 964.5886840820312	 141567.484375
27415744.0	 303.7604675292969	 936.574462890625	 139688.8125
27415856.0	 298.357177734375	 1018.639892578125	 145090.5625
27415912.0	 300.0434265136719	 1001.267333984375	 144634.34375
27416190.0	 300.544677734375	 1018.2984008789062	 144606.9375
27416242.0	 301.5659484863281	 972.336181640625	 135160.546875
27416356.0	 301.48187255859375	 997.2462768554688	 150282.890625
27416412.0	 299.5992736816406	 975.6678466796875	 136510.3125
27416468.0	 294.0523681640625	 999.6634521484375	 137355.234375
27416520.0	 298.09564208984375	 998.54638671875	 141587.234375
27416690.0	 301.1283264160156	 998.6307983398438	 147257.015625
27417020.0	 299.3609924316406	 967.9600219726562	 134773.1875
27417074.0	 298.8074951171875	 993.2462158203125	 140259.9375
27417188.0	 302.59869384765625	 975.0674438476562	 141274.65625
27417244.0	 299.3999328613281	 971.9627685546875	 140402.6875
27417296.0	 299.6504821777344	 1002.9627685546875	 140748.375
27418298.0	 306.9658508300781	 926.783447265625	 131798.578125
27418352.0	 304.7287902832031	 972.9180908203125	 147624.15625
27418406.0	 302.5052795410156	 968.583984375	 141937.328125
27418462.0	 302.7069396972656	 957.6510620117188	 131576.40625
27418574.0	 298.68115234375	 989.8587036132812	 138418.890625
27418628.0	 297.379638671875	 1006.7974243164062	 141801.984375
27419294.0	 298.0539245605469	 992.3372802734375	 137154.796875
27419348.0	 301.09075927734375	 980.8743286132812	 132137.578125
27423176.0	 307.147705078125	 953.7108154296875	 144012.828125
27423230.0	 308.55670166015625	 932.1895141601562	 139418.375
27423284.0	 297.369140625	 971.4434204101562	 129782.1328125
27424006.0	 298.6984558105469	 1017.1790771484375	 147271.28125
27424060.0	 303.3184814453125	 953.78076171875	 132137.625
27424172.0	 299.572021484375	 962.0620727539062	 128181.015625
27424228.0	 300.95574951171875	 972.4925537109375	 137311.71875
27424284.0	 303.69073486328125	 931.371337890625	 137082.0
27424338.0	 304.3193359375	 989.4161987304688	 140248.25
27424394.0	 302.57977294921875	 953.860107421875	 134577.015625
27424450.0	 301.28448486328125	 961.567138671875	 132896.328125
27424506.0	 304.0144348144531	 942.2152099609375	 134564.453125
27424560.0	 303.8145446777344	 946.0504150390625	 128249.1328125
27424614.0	 299.3788757324219	 958.3587036132812	 136252.125
27424672.0	 298.84820556640625	 1024.5302734375	 146816.546875
27424728.0	 303.60919189453125	 956.9658203125	 140054.0
27424782.0	 301.14031982421875	 997.3663940429688	 143461.078125
27424838.0	 302.06658935546875	 955.4176635742188	 141078.859375
27425060.0	 298.825439453125	 972.1587524414062	 139000.421875
27425116.0	 301.0289611816406	 978.2887573242188	 139942.515625
27425170.0	 304.262939453125	 951.3745727539062	 141983.53125
27425226.0	 305.37359619140625	 931.6160278320312	 135595.5
27425282.0	 303.9561462402344	 914.4161376953125	 131782.5625
27425336.0	 299.7347717285156	 1002.9884033203125	 146087.359375
27425392.0	 300.19476318359375	 949.1527099609375	 126655.2578125
27425504.0	 308.2314453125	 925.5137329101562	 138236.640625
27425558.0	 304.52606201171875	 890.750244140625	 121459.4765625
27425614.0	 306.1107482910156	 914.8320922851562	 140605.546875
27426112.0	 296.9183654785156	 983.0957641601562	 140540.96875
27426556.0	 297.06103515625	 974.1689453125	 137202.390625
27426612.0	 298.5616760253906	 963.591552734375	 130073.03125
27451778.0	 298.8805236816406	 973.7501831054688	 138607.8125
27451834.0	 304.0197448730469	 995.031494140625	 146784.609375
27451890.0	 301.1156921386719	 978.2536010742188	 142697.5
27452054.0	 303.3230285644531	 981.429443359375	 141560.25
27452110.0	 303.1374816894531	 953.4515380859375	 135725.28125
27452164.0	 304.3772277832031	 978.1934204101562	 141649.125
27452220.0	 306.0080261230469	 956.0505981445312	 140502.59375
27452276.0	 306.009033203125	 964.0491333007812	 140913.265625
27452334.0	 303.3521728515625	 964.8671264648438	 143706.71875
27452386.0	 300.6295166015625	 967.9898071289062	 134028.875
27453052.0	 300.59210205078125	 989.5571899414062	 139783.046875
27453108.0	 300.2289123535156	 970.03125	 142846.546875
27453552.0	 297.926025390625	 1003.4092407226562	 134241.796875
27454106.0	 302.8001708984375	 942.3433227539062	 135324.6875
27454162.0	 300.15948486328125	 984.6338500976562	 137604.4375
27454216.0	 302.1610107421875	 956.0060424804688	 131474.0
27454272.0	 302.7232666015625	 942.8502197265625	 129398.40625
27454330.0	 302.1193542480469	 959.9002075195312	 132426.578125
27759502.0	 295.97955322265625	 871.53564453125	 152095.765625
27759556.0	 295.2327880859375	 731.324951171875	 122233.4921875
27770382.0	 303.9164123535156	 919.9505615234375	 147645.21875
27770438.0	 312.5954284667969	 825.6600952148438	 136474.96875
27770494.0	 311.5653076171875	 804.904296875	 124260.140625
27770548.0	 310.4454040527344	 812.5484619140625	 118243.9140625
27770602.0	 302.09771728515625	 842.3062744140625	 121349.5859375
27770658.0	 300.0977478027344	 832.1221923828125	 119714.1328125
27770714.0	 296.4502258300781	 861.7770385742188	 120641.9765625
27770768.0	 294.6263732910156	 831.0145263671875	 117294.4296875
27808696.0	 296.660888671875	 851.876220703125	 128837.4296875
